0.002  8.45948e-08 3.99956
0.003  3.14177e-07 3.99854
0.004  7.61152e-07 3.99704
0.005  1.49782e-06 3.99509
0.006  2.59633e-06 3.9927
0.007  4.12867e-06 3.98987
0.008  6.1666e-06 3.9866
0.009  8.78164e-06 3.9829
0.01  1.2045e-05 3.97877
0.011  1.60276e-05 3.9742
0.012  2.08001e-05 3.96921
0.013  2.64325e-05 3.96379
0.014  3.29946e-05 3.95795
0.015  4.05558e-05 3.95168
0.016  4.91849e-05 3.945
0.017  5.89501e-05 3.93789
0.018  6.99191e-05 3.93038
0.019  8.21592e-05 3.92245
0.02  9.57368e-05 3.91412
0.021  0.000110718 3.90538
0.022  0.000127168 3.89624
0.023  0.000145151 3.8867
0.024  0.00016473 3.87677
0.025  0.00018597 3.86644
0.026  0.000208932 3.85573
0.027  0.000233677 3.84464
0.028  0.000260266 3.83317
0.029  0.000288759 3.82133
0.03  0.000319215 3.80911
0.031  0.00035169 3.79654
0.032  0.000386243 3.7836
0.033  0.000422928 3.7703
0.034  0.000461802 3.75666
0.035  0.000502917 3.74267
0.036  0.000546326 3.72834
0.037  0.000592082 3.71367
0.038  0.000640234 3.69868
0.039  0.000690834 3.68336
0.04  0.000743928 3.66772
0.041  0.000799564 3.65177
0.042  0.000857788 3.63551
0.043  0.000918646 3.61895
0.044  0.000982181 3.60209
0.045  0.00104844 3.58494
0.046  0.00111745 3.56751
0.047  0.00118927 3.5498
0.048  0.00126392 3.53182
0.049  0.00134146 3.51357
0.05  0.00142191 3.49506
0.051  0.0015053 3.4763
0.052  0.00159168 3.45729
0.053  0.00168108 3.43804
0.054  0.00177352 3.41855
0.055  0.00186904 3.39884
0.056  0.00196766 3.3789
0.057  0.00206941 3.35875
0.058  0.00217433 3.33839
0.059  0.00228242 3.31783
0.06  0.00239372 3.29707
0.061  0.00250825 3.27612
0.062  0.00262603 3.25499
0.063  0.00274708 3.23368
0.064  0.00287141 3.2122
0.065  0.00299904 3.19056
0.066  0.00312999 3.16876
0.067  0.00326428 3.14681
0.068  0.00340191 3.12472
0.069  0.00354289 3.10248
0.07  0.00368724 3.08012
0.071  0.00383497 3.05763
0.072  0.00398608 3.03503
0.073  0.00414057 3.01231
0.074  0.00429846 2.98948
0.075  0.00445975 2.96656
0.076  0.00462444 2.94354
0.077  0.00479253 2.92043
0.078  0.00496401 2.89724
0.079  0.0051389 2.87398
0.08  0.00531719 2.85065
0.081  0.00549886 2.82725
0.082  0.00568393 2.8038
0.083  0.00587238 2.7803
0.084  0.0060642 2.75675
0.085  0.00625939 2.73316
0.086  0.00645794 2.70954
0.087  0.00665983 2.68589
0.088  0.00686506 2.66221
0.089  0.0070736 2.63852
0.09  0.00728546 2.61482
0.091  0.00750061 2.59111
0.092  0.00771903 2.5674
0.093  0.00794072 2.54369
0.094  0.00816564 2.51999
0.095  0.00839379 2.4963
0.096  0.00862514 2.47264
0.097  0.00885967 2.44899
0.098  0.00909737 2.42538
0.099  0.00933819 2.4018
0.1  0.00958214 2.37825
0.101  0.00982917 2.35475
0.102  0.0100793 2.3313
0.103  0.0103324 2.30789
0.104  0.0105885 2.28455
0.105  0.0108477 2.26126
0.106  0.0111097 2.23803
0.107  0.0113747 2.21488
0.108  0.0116426 2.19179
0.109  0.0119134 2.16878
0.11  0.012187 2.14585
0.111  0.0124634 2.123
0.112  0.0127425 2.10024
0.113  0.0130244 2.07757
0.114  0.013309 2.05499
0.115  0.0135963 2.0325
0.116  0.0138861 2.01012
0.117  0.0141786 1.98784
0.118  0.0144737 1.96567
0.119  0.0147712 1.9436
0.12  0.0150713 1.92165
0.121  0.0153738 1.89981
0.122  0.0156786 1.87809
0.123  0.0159859 1.85649
0.124  0.0162955 1.835
0.125  0.0166074 1.81365
0.126  0.0169215 1.79242
0.127  0.0172379 1.77132
0.128  0.0175564 1.75035
0.129  0.0178771 1.72951
0.13  0.0181998 1.70881
0.131  0.0185246 1.68825
0.132  0.0188514 1.66783
0.133  0.0191802 1.64754
0.134  0.0195109 1.6274
0.135  0.0198435 1.60741
0.136  0.0201779 1.58755
0.137  0.0205141 1.56785
0.138  0.0208521 1.54829
0.139  0.0211918 1.52889
0.14  0.0215331 1.50963
0.141  0.0218761 1.49053
0.142  0.0222207 1.47158
0.143  0.0225668 1.45278
0.144  0.0229144 1.43414
0.145  0.0232635 1.41565
0.146  0.0236139 1.39732
0.147  0.0239658 1.37915
0.148  0.024319 1.36114
0.149  0.0246734 1.34328
0.15  0.0250291 1.32559
0.151  0.025386 1.30805
0.152  0.0257441 1.29068
0.153  0.0261033 1.27346
0.154  0.0264635 1.2564
0.155  0.0268248 1.23951
0.156  0.0271871 1.22278
0.157  0.0275503 1.20621
0.158  0.0279144 1.1898
0.159  0.0282794 1.17355
0.16  0.0286452 1.15746
0.161  0.0290117 1.14154
0.162  0.0293791 1.12577
0.163  0.0297471 1.11017
0.164  0.0301157 1.09473
0.165  0.030485 1.07945
0.166  0.0308549 1.06433
0.167  0.0312253 1.04937
0.168  0.0315962 1.03457
0.169  0.0319675 1.01993
0.17  0.0323393 1.00544
0.171  0.0327115 0.99112
0.172  0.033084 0.976955
0.173  0.0334568 0.962947
0.174  0.0338298 0.949096
0.175  0.0342031 0.935401
0.176  0.0345766 0.921862
0.177  0.0349502 0.908478
0.178  0.035324 0.895248
0.179  0.0356978 0.882171
0.18  0.0360717 0.869247
0.181  0.0364456 0.856476
0.182  0.0368194 0.843855
0.183  0.0371932 0.831385
0.184  0.037567 0.819065
0.185  0.0379405 0.806893
0.186  0.038314 0.794868
0.187  0.0386872 0.782991
0.188  0.0390602 0.771259
0.189  0.0394329 0.759673
0.19  0.0398053 0.74823
0.191  0.0401775 0.73693
0.192  0.0405492 0.725772
0.193  0.0409206 0.714755
0.194  0.0412916 0.703878
0.195  0.0416621 0.69314
0.196  0.0420321 0.68254
0.197  0.0424016 0.672076
0.198  0.0427706 0.661748
0.199  0.043139 0.651554
0.2  0.0435069 0.641494
0.201  0.0438741 0.631566
0.202  0.0442407 0.62177
0.203  0.0446066 0.612103
0.204  0.0449718 0.602565
0.205  0.0453362 0.593155
0.206  0.0457 0.583871
0.207  0.0460629 0.574713
0.208  0.0464251 0.565679
0.209  0.0467864 0.556769
0.21  0.0471469 0.54798
0.211  0.0475065 0.539312
0.212  0.0478652 0.530763
0.213  0.048223 0.522333
0.214  0.0485798 0.51402
0.215  0.0489357 0.505823
0.216  0.0492906 0.497741
0.217  0.0496445 0.489772
0.218  0.0499974 0.481916
0.219  0.0503492 0.474172
0.22  0.0507 0.466537
0.221  0.0510497 0.459011
0.222  0.0513982 0.451593
0.223  0.0517457 0.444282
0.224  0.052092 0.437076
0.225  0.0524372 0.429974
0.226  0.0527812 0.422975
0.227  0.053124 0.416078
0.228  0.0534656 0.409282
0.229  0.0538059 0.402585
0.23  0.054145 0.395987
0.231  0.0544829 0.389486
0.232  0.0548195 0.383081
0.233  0.0551548 0.376771
0.234  0.0554888 0.370555
0.235  0.0558215 0.364432
0.236  0.0561529 0.3584
0.237  0.0564829 0.352459
0.238  0.0568116 0.346607
0.239  0.0571389 0.340843
0.24  0.0574649 0.335166
0.241  0.0577894 0.329576
0.242  0.0581126 0.32407
0.243  0.0584343 0.318649
0.244  0.0587546 0.31331
0.245  0.0590735 0.308053
0.246  0.0593909 0.302877
0.247  0.0597069 0.29778
0.248  0.0600214 0.292763
0.249  0.0603345 0.287822
0.25  0.060646 0.282959
0.251  0.0609561 0.278171
0.252  0.0612647 0.273457
0.253  0.0615718 0.268818
0.254  0.0618773 0.26425
0.255  0.0621814 0.259755
0.256  0.0624839 0.25533
0.257  0.0627849 0.250975
0.258  0.0630843 0.246688
0.259  0.0633822 0.242469
0.26  0.0636786 0.238318
0.261  0.0639733 0.234232
0.262  0.0642666 0.230211
0.263  0.0645582 0.226254
0.264  0.0648483 0.222361
0.265  0.0651368 0.21853
0.266  0.0654237 0.21476
0.267  0.0657091 0.211051
0.268  0.0659928 0.207402
0.269  0.066275 0.203811
0.27  0.0665556 0.200279
0.271  0.0668345 0.196804
0.272  0.0671119 0.193385
0.273  0.0673876 0.190022
0.274  0.0676618 0.186713
0.275  0.0679344 0.183459
0.276  0.0682053 0.180257
0.277  0.0684746 0.177108
0.278  0.0687423 0.174011
0.279  0.0690084 0.170964
0.28  0.0692729 0.167967
0.281  0.0695358 0.16502
0.282  0.069797 0.162122
0.283  0.0700567 0.159271
0.284  0.0703147 0.156468
0.285  0.0705711 0.153711
0.286  0.0708259 0.150999
0.287  0.0710791 0.148333
0.288  0.0713306 0.145711
0.289  0.0715806 0.143133
0.29  0.0718289 0.140598
0.291  0.0720756 0.138105
0.292  0.0723207 0.135654
0.293  0.0725642 0.133244
0.294  0.0728061 0.130875
0.295  0.0730464 0.128545
0.296  0.0732851 0.126255
0.297  0.0735222 0.124003
0.298  0.0737577 0.12179
0.299  0.0739916 0.119613
0.3  0.0742238 0.117474
0.301  0.0744545 0.11537
0.302  0.0746837 0.113303
0.303  0.0749112 0.11127
0.304  0.0751371 0.109273
0.305  0.0753615 0.107309
0.306  0.0755843 0.105378
0.307  0.0758055 0.103481
0.308  0.0760251 0.101616
0.309  0.0762432 0.099783
0.31  0.0764597 0.0979814
0.311  0.0766747 0.0962106
0.312  0.0768881 0.0944703
0.313  0.0770999 0.0927599
0.314  0.0773102 0.0910789
0.315  0.077519 0.0894269
0.316  0.0777262 0.0878034
0.317  0.0779319 0.0862079
0.318  0.0781361 0.08464
0.319  0.0783388 0.0830993
0.32  0.0785399 0.0815852
0.321  0.0787395 0.0800974
0.322  0.0789376 0.0786354
0.323  0.0791342 0.0771989
0.324  0.0793294 0.0757873
0.325  0.079523 0.0744003
0.326  0.0797151 0.0730375
0.327  0.0799058 0.0716985
0.328  0.080095 0.0703829
0.329  0.0802827 0.0690902
0.33  0.0804689 0.0678202
0.331  0.0806537 0.0665725
0.332  0.0808371 0.0653466
0.333  0.081019 0.0641423
0.334  0.0811994 0.0629591
0.335  0.0813784 0.0617967
0.336  0.081556 0.0606548
0.337  0.0817322 0.059533
0.338  0.0819069 0.058431
0.339  0.0820803 0.0573485
0.34  0.0822522 0.0562851
0.341  0.0824227 0.0552404
0.342  0.0825919 0.0542143
0.343  0.0827596 0.0532064
0.344  0.082926 0.0522163
0.345  0.083091 0.0512438
0.346  0.0832547 0.0502886
0.347  0.083417 0.0493504
0.348  0.0835779 0.0484289
0.349  0.0837375 0.0475237
0.35  0.0838957 0.0466348
0.351  0.0840527 0.0457616
0.352  0.0842083 0.0449041
0.353  0.0843625 0.0440619
0.354  0.0845155 0.0432348
0.355  0.0846671 0.0424225
0.356  0.0848175 0.0416247
0.357  0.0849666 0.0408413
0.358  0.0851144 0.0400719
0.359  0.0852609 0.0393163
0.36  0.0854061 0.0385743
0.361  0.0855501 0.0378457
0.362  0.0856928 0.0371302
0.363  0.0858342 0.0364275
0.364  0.0859745 0.0357376
0.365  0.0861134 0.0350601
0.366  0.0862512 0.0343949
0.367  0.0863877 0.0337417
0.368  0.086523 0.0331003
0.369  0.0866572 0.0324705
0.37  0.0867901 0.0318521
0.371  0.0869218 0.031245
0.372  0.0870523 0.0306489
0.373  0.0871817 0.0300636
0.374  0.0873098 0.0294889
0.375  0.0874369 0.0289247
0.376  0.0875627 0.0283708
0.377  0.0876874 0.027827
0.378  0.087811 0.0272931
0.379  0.0879334 0.026769
0.38  0.0880547 0.0262544
0.381  0.0881748 0.0257493
0.382  0.0882939 0.0252534
0.383  0.0884118 0.0247665
0.384  0.0885287 0.0242886
0.385  0.0886444 0.0238195
0.386  0.0887591 0.023359
0.387  0.0888727 0.0229069
0.388  0.0889852 0.0224632
0.389  0.0890966 0.0220276
0.39  0.089207 0.0216
0.391  0.0893163 0.0211803
0.392  0.0894246 0.0207684
0.393  0.0895319 0.0203641
0.394  0.0896381 0.0199672
0.395  0.0897433 0.0195777
0.396  0.0898474 0.0191954
0.397  0.0899506 0.0188201
0.398  0.0900527 0.0184519
0.399  0.0901539 0.0180904
0.4  0.0902541 0.0177357
0.401  0.0903533 0.0173875
0.402  0.0904515 0.0170459
0.403  0.0905487 0.0167106
0.404  0.090645 0.0163815
0.405  0.0907403 0.0160586
0.406  0.0908347 0.0157417
0.407  0.0909281 0.0154307
0.408  0.0910206 0.0151255
0.409  0.0911122 0.014826
0.41  0.0912028 0.0145322
0.411  0.0912926 0.0142438
0.412  0.0913814 0.0139609
0.413  0.0914693 0.0136832
0.414  0.0915563 0.0134108
0.415  0.0916425 0.0131435
0.416  0.0917277 0.0128812
0.417  0.0918121 0.0126239
0.418  0.0918956 0.0123714
0.419  0.0919783 0.0121237
0.42  0.0920601 0.0118806
0.421  0.092141 0.0116422
0.422  0.0922211 0.0114082
0.423  0.0923004 0.0111787
0.424  0.0923789 0.0109536
0.425  0.0924565 0.0107327
0.426  0.0925333 0.0105159
0.427  0.0926093 0.0103034
0.428  0.0926844 0.0100948
0.429  0.0927588 0.00989022
0.43  0.0928324 0.00968954
0.431  0.0929052 0.00949268
0.432  0.0929772 0.00929958
0.433  0.0930485 0.00911016
0.434  0.093119 0.00892437
0.435  0.0931887 0.00874213
0.436  0.0932577 0.00856338
0.437  0.0933259 0.00838805
0.438  0.0933934 0.00821609
0.439  0.0934601 0.00804744
0.44  0.0935261 0.00788202
0.441  0.0935914 0.00771979
0.442  0.093656 0.00756069
0.443  0.0937199 0.00740465
0.444  0.093783 0.00725162
0.445  0.0938454 0.00710155
0.446  0.0939072 0.00695438
0.447  0.0939683 0.00681006
0.448  0.0940286 0.00666854
0.449  0.0940883 0.00652976
0.45  0.0941474 0.00639368
0.451  0.0942057 0.00626024
0.452  0.0942634 0.0061294
0.453  0.0943205 0.00600111
0.454  0.0943769 0.00587531
0.455  0.0944326 0.00575198
0.456  0.0944877 0.00563105
0.457  0.0945422 0.00551249
0.458  0.094596 0.00539625
0.459  0.0946493 0.00528229
0.46  0.0947019 0.00517056
0.461  0.0947539 0.00506103
0.462  0.0948053 0.00495366
0.463  0.094856 0.00484839
0.464  0.0949062 0.00474521
0.465  0.0949558 0.00464406
0.466  0.0950049 0.0045449
0.467  0.0950533 0.00444771
0.468  0.0951012 0.00435245
0.469  0.0951484 0.00425907
0.47  0.0951952 0.00416755
0.471  0.0952413 0.00407784
0.472  0.0952869 0.00398992
0.473  0.095332 0.00390375
0.474  0.0953765 0.0038193
0.475  0.0954205 0.00373654
0.476  0.095464 0.00365543
0.477  0.0955069 0.00357594
0.478  0.0955493 0.00349805
0.479  0.0955911 0.00342172
0.48  0.0956325 0.00334693
0.481  0.0956733 0.00327364
0.482  0.0957137 0.00320183
0.483  0.0957535 0.00313146
0.484  0.0957928 0.00306252
0.485  0.0958317 0.00299497
0.486  0.09587 0.00292879
0.487  0.0959079 0.00286396
0.488  0.0959453 0.00280044
0.489  0.0959822 0.00273821
0.49  0.0960187 0.00267725
0.491  0.0960547 0.00261753
0.492  0.0960902 0.00255903
0.493  0.0961253 0.00250173
0.494  0.0961599 0.0024456
0.495  0.0961941 0.00239063
0.496  0.0962278 0.00233678
0.497  0.0962611 0.00228404
0.498  0.096294 0.00223239
0.499  0.0963264 0.0021818
0.5  0.0963585 0.00213226
0.501  0.09639 0.00208374
0.502  0.0964212 0.00203623
0.503  0.096452 0.00198971
0.504  0.0964823 0.00194415
0.505  0.0965123 0.00189955
0.506  0.0965418 0.00185587
0.507  0.096571 0.0018131
0.508  0.0965997 0.00177123
0.509  0.0966281 0.00173024
0.51  0.0966561 0.00169011
0.511  0.0966837 0.00165082
0.512  0.0967109 0.00161236
0.513  0.0967377 0.00157471
0.514  0.0967642 0.00153786
0.515  0.0967903 0.00150179
0.516  0.0968161 0.00146648
0.517  0.0968415 0.00143192
0.518  0.0968665 0.0013981
0.519  0.0968912 0.001365
0.52  0.0969156 0.00133261
0.521  0.0969396 0.00130091
0.522  0.0969633 0.00126989
0.523  0.0969866 0.00123953
0.524  0.0970096 0.00120983
0.525  0.0970323 0.00118077
0.526  0.0970546 0.00115234
0.527  0.0970766 0.00112452
0.528  0.0970983 0.0010973
0.529  0.0971197 0.00107068
0.53  0.0971408 0.00104464
0.531  0.0971616 0.00101916
0.532  0.097182 0.000994242
0.533  0.0972022 0.000969868
0.534  0.097222 0.000946029
0.535  0.0972416 0.000922715
0.536  0.0972609 0.000899914
0.537  0.0972799 0.000877616
0.538  0.0972986 0.000855812
0.539  0.097317 0.000834491
0.54  0.0973352 0.000813644
0.541  0.097353 0.000793261
0.542  0.0973706 0.000773333
0.543  0.097388 0.000753851
0.544  0.097405 0.000734805
0.545  0.0974218 0.000716188
0.546  0.0974384 0.000697989
0.547  0.0974546 0.000680201
0.548  0.0974707 0.000662816
0.549  0.0974865 0.000645825
0.55  0.097502 0.00062922
0.551  0.0975173 0.000612993
0.552  0.0975323 0.000597137
0.553  0.0975471 0.000581643
0.554  0.0975617 0.000566506
0.555  0.097576 0.000551716
0.556  0.0975901 0.000537267
0.557  0.097604 0.000523153
0.558  0.0976176 0.000509366
0.559  0.097631 0.000495898
0.56  0.0976442 0.000482745
0.561  0.0976572 0.000469899
0.562  0.09767 0.000457354
0.563  0.0976825 0.000445103
0.564  0.0976949 0.00043314
0.565  0.097707 0.00042146
0.566  0.097719 0.000410057
0.567  0.0977307 0.000398924
0.568  0.0977422 0.000388056
0.569  0.0977536 0.000377447
0.57  0.0977647 0.000367093
0.571  0.0977757 0.000356986
0.572  0.0977864 0.000347124
0.573  0.097797 0.000337499
0.574  0.0978074 0.000328107
0.575  0.0978176 0.000318943
0.576  0.0978276 0.000310003
0.577  0.0978375 0.000301281
0.578  0.0978471 0.000292773
0.579  0.0978566 0.000284474
0.58  0.097866 0.000276379
0.581  0.0978751 0.000268485
0.582  0.0978841 0.000260786
0.583  0.0978929 0.00025328
0.584  0.0979016 0.00024596
0.585  0.0979101 0.000238824
0.586  0.0979185 0.000231868
0.587  0.0979267 0.000225087
0.588  0.0979347 0.000218477
0.589  0.0979426 0.000212036
0.59  0.0979503 0.000205758
0.591  0.0979579 0.000199641
0.592  0.0979654 0.000193681
0.593  0.0979727 0.000187874
0.594  0.0979798 0.000182218
0.595  0.0979869 0.000176708
0.596  0.0979937 0.000171341
0.597  0.0980005 0.000166115
0.598  0.0980071 0.000161025
0.599  0.0980136 0.00015607
0.6  0.09802 0.000151245
0.601  0.0980262 0.000146549
0.602  0.0980323 0.000141977
0.603  0.0980383 0.000137528
0.604  0.0980441 0.000133198
0.605  0.0980499 0.000128984
0.606  0.0980555 0.000124885
0.607  0.098061 0.000120897
0.608  0.0980664 0.000117017
0.609  0.0980717 0.000113244
0.61  0.0980768 0.000109574
0.611  0.0980819 0.000106006
0.612  0.0980868 0.000102537
0.613  0.0980917 9.91639e-05
0.614  0.0980964 9.58855e-05
0.615  0.098101 9.26992e-05
0.616  0.0981056 8.96027e-05
0.617  0.09811 8.6594e-05
0.618  0.0981143 8.3671e-05
0.619  0.0981185 8.08316e-05
0.62  0.0981227 7.80737e-05
0.621  0.0981267 7.53955e-05
0.622  0.0981307 7.27949e-05
0.623  0.0981346 7.02701e-05
0.624  0.0981383 6.78193e-05
0.625  0.098142 6.54405e-05
0.626  0.0981456 6.31322e-05
0.627  0.0981491 6.08924e-05
0.628  0.0981526 5.87195e-05
0.629  0.0981559 5.66119e-05
0.63  0.0981592 5.45678e-05
0.631  0.0981624 5.25858e-05
0.632  0.0981655 5.06642e-05
0.633  0.0981685 4.88016e-05
0.634  0.0981715 4.69963e-05
0.635  0.0981744 4.5247e-05
0.636  0.0981772 4.35522e-05
0.637  0.0981799 4.19106e-05
0.638  0.0981826 4.03206e-05
0.639  0.0981852 3.87811e-05
0.64  0.0981878 3.72906e-05
0.641  0.0981902 3.5848e-05
0.642  0.0981926 3.44518e-05
0.643  0.098195 3.3101e-05
0.644  0.0981973 3.17943e-05
0.645  0.0981995 3.05304e-05
0.646  0.0982016 2.93084e-05
0.647  0.0982037 2.8127e-05
0.648  0.0982058 2.69851e-05
0.649  0.0982078 2.58817e-05
0.65  0.0982097 2.48157e-05
0.651  0.0982116 2.37861e-05
0.652  0.0982134 2.27918e-05
0.653  0.0982152 2.1832e-05
0.654  0.0982169 2.09055e-05
0.655  0.0982186 2.00115e-05
0.656  0.0982202 1.91491e-05
0.657  0.0982218 1.83174e-05
0.658  0.0982233 1.75154e-05
0.659  0.0982248 1.67424e-05
0.66  0.0982262 1.59975e-05
0.661  0.0982276 1.52798e-05
0.662  0.0982289 1.45886e-05
0.663  0.0982302 1.39231e-05
0.664  0.0982315 1.32825e-05
0.665  0.0982327 1.26661e-05
0.666  0.0982339 1.20731e-05
0.667  0.0982351 1.15029e-05
0.668  0.0982362 1.09548e-05
0.669  0.0982372 1.0428e-05
0.67  0.0982383 9.92194e-06
0.671  0.0982393 9.43594e-06
0.672  0.0982402 8.96938e-06
0.673  0.0982412 8.52164e-06
0.674  0.0982421 8.09212e-06
0.675  0.0982429 7.68025e-06
0.676  0.0982438 7.28545e-06
0.677  0.0982446 6.90717e-06
0.678  0.0982454 6.54485e-06
0.679  0.0982461 6.19799e-06
0.68  0.0982468 5.86605e-06
0.681  0.0982475 5.54854e-06
0.682  0.0982482 5.24498e-06
0.683  0.0982488 4.95487e-06
0.684  0.0982494 4.67776e-06
0.685  0.09825 4.4132e-06
0.686  0.0982506 4.16074e-06
0.687  0.0982511 3.91995e-06
0.688  0.0982517 3.69043e-06
0.689  0.0982522 3.47176e-06
0.69  0.0982526 3.26354e-06
0.691  0.0982531 3.06539e-06
0.692  0.0982535 2.87694e-06
0.693  0.098254 2.69781e-06
0.694  0.0982544 2.52767e-06
0.695  0.0982547 2.36615e-06
0.696  0.0982551 2.21294e-06
0.697  0.0982555 2.06769e-06
0.698  0.0982558 1.9301e-06
0.699  0.0982561 1.79986e-06
0.7  0.0982564 1.67666e-06
0.701  0.0982567 1.56023e-06
0.702  0.098257 1.45027e-06
0.703  0.0982572 1.34651e-06
0.704  0.0982575 1.2487e-06
0.705  0.0982577 1.15657e-06
0.706  0.0982579 1.06987e-06
0.707  0.0982581 9.88367e-07
0.708  0.0982583 9.1182e-07
0.709  0.0982585 8.40005e-07
0.71  0.0982587 7.72701e-07
0.711  0.0982588 7.09698e-07
0.712  0.098259 6.50789e-07
0.713  0.0982591 5.95775e-07
0.714  0.0982593 5.44464e-07
0.715  0.0982594 4.96671e-07
0.716  0.0982595 4.52215e-07
0.717  0.0982596 4.10924e-07
0.718  0.0982597 3.72631e-07
0.719  0.0982598 3.37174e-07
0.72  0.0982599 3.04397e-07
0.721  0.09826 2.7415e-07
0.722  0.0982601 2.46291e-07
0.723  0.0982601 2.20678e-07
0.724  0.0982602 1.9718e-07
0.725  0.0982603 1.75667e-07
0.726  0.0982603 1.56016e-07
0.727  0.0982604 1.38109e-07
0.728  0.0982604 1.21832e-07
0.729  0.0982605 1.07077e-07
0.73  0.0982605 9.37398e-08
0.731  0.0982605 8.17201e-08
0.732  0.0982606 7.09232e-08
0.733  0.0982606 6.12582e-08
0.734  0.0982606 5.26386e-08
0.735  0.0982606 4.49821e-08
0.736  0.0982607 3.82101e-08
0.737  0.0982607 3.22485e-08
0.738  0.0982607 2.70265e-08
0.739  0.0982607 2.24774e-08
0.74  0.0982607 1.85383e-08
0.741  0.0982607 1.51496e-08
0.742  0.0982607 1.22554e-08
0.743  0.0982608 9.80317e-09
0.744  0.0982608 7.74388e-09
0.745  0.0982608 6.03164e-09
0.746  0.0982608 4.62381e-09
0.747  0.0982608 3.48087e-09
0.748  0.0982608 2.56637e-09
0.749  0.0982608 1.84684e-09
0.75  0.0982608 1.2917e-09
0.751  0.0982608 8.73222e-10
0.752  0.0982608 5.66454e-10
0.753  0.0982608 3.49136e-10
0.754  0.0982608 2.01646e-10
0.755  0.0982608 1.06936e-10
0.756  0.0982608 5.04633e-11
0.757  0.0982608 2.01327e-11
0.758  0.0982608 6.24394e-12
