2.00000E-03 1.79575E-08 9.99980E-01
3.00000E-03 6.66984E-08 9.99934E-01
4.00000E-03 1.61612E-07 9.99867E-01
5.00000E-03 3.18083E-07 9.99779E-01
6.00000E-03 5.51494E-07 9.99671E-01
7.00000E-03 8.77220E-07 9.99543E-01
8.00000E-03 1.31063E-06 9.99395E-01
9.00000E-03 1.86709E-06 9.99228E-01
1.00000E-02 2.56194E-06 9.99041E-01
1.10000E-02 3.41054E-06 9.98834E-01
1.20000E-02 4.42821E-06 9.98607E-01
1.30000E-02 5.63028E-06 9.98361E-01
1.40000E-02 7.03205E-06 9.98095E-01
1.50000E-02 8.64881E-06 9.97809E-01
1.60000E-02 1.04958E-05 9.97504E-01
1.70000E-02 1.25884E-05 9.97179E-01
1.80000E-02 1.49418E-05 9.96835E-01
1.90000E-02 1.75711E-05 9.96471E-01
2.00000E-02 2.04917E-05 9.96087E-01
2.10000E-02 2.37186E-05 9.95684E-01
2.20000E-02 2.72671E-05 9.95261E-01
2.30000E-02 3.11523E-05 9.94819E-01
2.40000E-02 3.53893E-05 9.94358E-01
2.50000E-02 3.99932E-05 9.93877E-01
2.60000E-02 4.49791E-05 9.93377E-01
2.70000E-02 5.03620E-05 9.92857E-01
2.80000E-02 5.61569E-05 9.92318E-01
2.90000E-02 6.23788E-05 9.91759E-01
3.00000E-02 6.90427E-05 9.91182E-01
3.10000E-02 7.61634E-05 9.90585E-01
3.20000E-02 8.37559E-05 9.89969E-01
3.30000E-02 9.18350E-05 9.89333E-01
3.40000E-02 1.00416E-04 9.88679E-01
3.50000E-02 1.09512E-04 9.88006E-01
3.60000E-02 1.19140E-04 9.87313E-01
3.70000E-02 1.29313E-04 9.86601E-01
3.80000E-02 1.40047E-04 9.85871E-01
3.90000E-02 1.51356E-04 9.85121E-01
4.00000E-02 1.63254E-04 9.84353E-01
4.10000E-02 1.75756E-04 9.83566E-01
4.20000E-02 1.88877E-04 9.82759E-01
4.30000E-02 2.02631E-04 9.81935E-01
4.40000E-02 2.17033E-04 9.81091E-01
4.50000E-02 2.32096E-04 9.80229E-01
4.60000E-02 2.47835E-04 9.79348E-01
4.70000E-02 2.64265E-04 9.78448E-01
4.80000E-02 2.81400E-04 9.77530E-01
4.90000E-02 2.99254E-04 9.76594E-01
5.00000E-02 3.17840E-04 9.75639E-01
5.10000E-02 3.37174E-04 9.74666E-01
5.20000E-02 3.57269E-04 9.73674E-01
5.30000E-02 3.78138E-04 9.72664E-01
5.40000E-02 3.99797E-04 9.71636E-01
5.50000E-02 4.22259E-04 9.70590E-01
5.60000E-02 4.45537E-04 9.69526E-01
5.70000E-02 4.69645E-04 9.68444E-01
5.80000E-02 4.94598E-04 9.67343E-01
5.90000E-02 5.20408E-04 9.66225E-01
6.00000E-02 5.47090E-04 9.65089E-01
6.10000E-02 5.74656E-04 9.63935E-01
6.20000E-02 6.03120E-04 9.62764E-01
6.30000E-02 6.32496E-04 9.61575E-01
6.40000E-02 6.62797E-04 9.60368E-01
6.50000E-02 6.94036E-04 9.59144E-01
6.60000E-02 7.26226E-04 9.57902E-01
6.70000E-02 7.59381E-04 9.56643E-01
6.80000E-02 7.93513E-04 9.55367E-01
6.90000E-02 8.28636E-04 9.54073E-01
7.00000E-02 8.64762E-04 9.52762E-01
7.10000E-02 9.01904E-04 9.51434E-01
7.20000E-02 9.40075E-04 9.50089E-01
7.30000E-02 9.79288E-04 9.48727E-01
7.40000E-02 1.01955E-03 9.47349E-01
7.50000E-02 1.06089E-03 9.45953E-01
7.60000E-02 1.10330E-03 9.44541E-01
7.70000E-02 1.14681E-03 9.43112E-01
7.80000E-02 1.19141E-03 9.41666E-01
7.90000E-02 1.23714E-03 9.40204E-01
8.00000E-02 1.28399E-03 9.38726E-01
8.10000E-02 1.33199E-03 9.37231E-01
8.20000E-02 1.38113E-03 9.35720E-01
8.30000E-02 1.43144E-03 9.34193E-01
8.40000E-02 1.48293E-03 9.32650E-01
8.50000E-02 1.53561E-03 9.31091E-01
8.60000E-02 1.58948E-03 9.29516E-01
8.70000E-02 1.64457E-03 9.27925E-01
8.80000E-02 1.70088E-03 9.26318E-01
8.90000E-02 1.75842E-03 9.24696E-01
9.00000E-02 1.81721E-03 9.23058E-01
9.10000E-02 1.87725E-03 9.21405E-01
9.20000E-02 1.93856E-03 9.19736E-01
9.30000E-02 2.00116E-03 9.18052E-01
9.40000E-02 2.06504E-03 9.16353E-01
9.50000E-02 2.13022E-03 9.14639E-01
9.60000E-02 2.19672E-03 9.12909E-01
9.70000E-02 2.26453E-03 9.11165E-01
9.80000E-02 2.33368E-03 9.09406E-01
9.90000E-02 2.40418E-03 9.07632E-01
1.00000E-01 2.47602E-03 9.05843E-01
1.01000E-01 2.54924E-03 9.04040E-01
1.02000E-01 2.62382E-03 9.02223E-01
1.03000E-01 2.69979E-03 9.00391E-01
1.04000E-01 2.77716E-03 8.98545E-01
1.05000E-01 2.85593E-03 8.96684E-01
1.06000E-01 2.93611E-03 8.94810E-01
1.07000E-01 3.01772E-03 8.92922E-01
1.08000E-01 3.10076E-03 8.91020E-01
1.09000E-01 3.18525E-03 8.89104E-01
1.10000E-01 3.27119E-03 8.87174E-01
1.11000E-01 3.35859E-03 8.85231E-01
1.12000E-01 3.44747E-03 8.83274E-01
1.13000E-01 3.53782E-03 8.81304E-01
1.14000E-01 3.62966E-03 8.79321E-01
1.15000E-01 3.72301E-03 8.77325E-01
1.16000E-01 3.81786E-03 8.75315E-01
1.17000E-01 3.91422E-03 8.73293E-01
1.18000E-01 4.01211E-03 8.71258E-01
1.19000E-01 4.11154E-03 8.69210E-01
1.20000E-01 4.21250E-03 8.67149E-01
1.21000E-01 4.31502E-03 8.65076E-01
1.22000E-01 4.41909E-03 8.62990E-01
1.23000E-01 4.52474E-03 8.60893E-01
1.24000E-01 4.63195E-03 8.58783E-01
1.25000E-01 4.74075E-03 8.56661E-01
1.26000E-01 4.85114E-03 8.54527E-01
1.27000E-01 4.96312E-03 8.52381E-01
1.28000E-01 5.07671E-03 8.50223E-01
1.29000E-01 5.19192E-03 8.48054E-01
1.30000E-01 5.30874E-03 8.45873E-01
1.31000E-01 5.42719E-03 8.43681E-01
1.32000E-01 5.54728E-03 8.41477E-01
1.33000E-01 5.66901E-03 8.39262E-01
1.34000E-01 5.79238E-03 8.37036E-01
1.35000E-01 5.91741E-03 8.34800E-01
1.36000E-01 6.04411E-03 8.32552E-01
1.37000E-01 6.17247E-03 8.30294E-01
1.38000E-01 6.30250E-03 8.28025E-01
1.39000E-01 6.43422E-03 8.25745E-01
1.40000E-01 6.56762E-03 8.23455E-01
1.41000E-01 6.70272E-03 8.21155E-01
1.42000E-01 6.83952E-03 8.18844E-01
1.43000E-01 6.97802E-03 8.16524E-01
1.44000E-01 7.11823E-03 8.14193E-01
1.45000E-01 7.26016E-03 8.11853E-01
1.46000E-01 7.40381E-03 8.09503E-01
1.47000E-01 7.54919E-03 8.07144E-01
1.48000E-01 7.69630E-03 8.04774E-01
1.49000E-01 7.84515E-03 8.02396E-01
1.50000E-01 7.99574E-03 8.00008E-01
1.51000E-01 8.14808E-03 7.97612E-01
1.52000E-01 8.30217E-03 7.95206E-01
1.53000E-01 8.45802E-03 7.92791E-01
1.54000E-01 8.61563E-03 7.90368E-01
1.55000E-01 8.77501E-03 7.87936E-01
1.56000E-01 8.93616E-03 7.85495E-01
1.57000E-01 9.09908E-03 7.83046E-01
1.58000E-01 9.26378E-03 7.80588E-01
1.59000E-01 9.43027E-03 7.78123E-01
1.60000E-01 9.59854E-03 7.75649E-01
1.61000E-01 9.76860E-03 7.73168E-01
1.62000E-01 9.94046E-03 7.70678E-01
1.63000E-01 1.01141E-02 7.68181E-01
1.64000E-01 1.02896E-02 7.65676E-01
1.65000E-01 1.04668E-02 7.63164E-01
1.66000E-01 1.06459E-02 7.60645E-01
1.67000E-01 1.08268E-02 7.58118E-01
1.68000E-01 1.10094E-02 7.55584E-01
1.69000E-01 1.11939E-02 7.53043E-01
1.70000E-01 1.13803E-02 7.50495E-01
1.71000E-01 1.15684E-02 7.47941E-01
1.72000E-01 1.17584E-02 7.45380E-01
1.73000E-01 1.19502E-02 7.42812E-01
1.74000E-01 1.21438E-02 7.40238E-01
1.75000E-01 1.23392E-02 7.37658E-01
1.76000E-01 1.25365E-02 7.35071E-01
1.77000E-01 1.27356E-02 7.32479E-01
1.78000E-01 1.29366E-02 7.29880E-01
1.79000E-01 1.31394E-02 7.27276E-01
1.80000E-01 1.33440E-02 7.24666E-01
1.81000E-01 1.35504E-02 7.22050E-01
1.82000E-01 1.37588E-02 7.19429E-01
1.83000E-01 1.39689E-02 7.16803E-01
1.84000E-01 1.41809E-02 7.14172E-01
1.85000E-01 1.43947E-02 7.11535E-01
1.86000E-01 1.46104E-02 7.08894E-01
1.87000E-01 1.48279E-02 7.06247E-01
1.88000E-01 1.50473E-02 7.03596E-01
1.89000E-01 1.52685E-02 7.00940E-01
1.90000E-01 1.54915E-02 6.98280E-01
1.91000E-01 1.57164E-02 6.95616E-01
1.92000E-01 1.59432E-02 6.92947E-01
1.93000E-01 1.61717E-02 6.90274E-01
1.94000E-01 1.64022E-02 6.87597E-01
1.95000E-01 1.66344E-02 6.84916E-01
1.96000E-01 1.68686E-02 6.82231E-01
1.97000E-01 1.71045E-02 6.79543E-01
1.98000E-01 1.73423E-02 6.76851E-01
1.99000E-01 1.75820E-02 6.74155E-01
2.00000E-01 1.78235E-02 6.71457E-01
2.01000E-01 1.80668E-02 6.68755E-01
2.02000E-01 1.83120E-02 6.66050E-01
2.03000E-01 1.85590E-02 6.63342E-01
2.04000E-01 1.88078E-02 6.60631E-01
2.05000E-01 1.90585E-02 6.57917E-01
2.06000E-01 1.93110E-02 6.55201E-01
2.07000E-01 1.95653E-02 6.52482E-01
2.08000E-01 1.98214E-02 6.49761E-01
2.09000E-01 2.00794E-02 6.47038E-01
2.10000E-01 2.03392E-02 6.44312E-01
2.11000E-01 2.06009E-02 6.41585E-01
2.12000E-01 2.08643E-02 6.38855E-01
2.13000E-01 2.11296E-02 6.36124E-01
2.14000E-01 2.13966E-02 6.33391E-01
2.15000E-01 2.16655E-02 6.30656E-01
2.16000E-01 2.19362E-02 6.27920E-01
2.17000E-01 2.22087E-02 6.25182E-01
2.18000E-01 2.24830E-02 6.22443E-01
2.19000E-01 2.27591E-02 6.19703E-01
2.20000E-01 2.30370E-02 6.16962E-01
2.21000E-01 2.33167E-02 6.14220E-01
2.22000E-01 2.35982E-02 6.11477E-01
2.23000E-01 2.38814E-02 6.08733E-01
2.24000E-01 2.41664E-02 6.05989E-01
2.25000E-01 2.44533E-02 6.03244E-01
2.26000E-01 2.47418E-02 6.00499E-01
2.27000E-01 2.50322E-02 5.97753E-01
2.28000E-01 2.53243E-02 5.95008E-01
2.29000E-01 2.56182E-02 5.92262E-01
2.30000E-01 2.59138E-02 5.89516E-01
2.31000E-01 2.62112E-02 5.86771E-01
2.32000E-01 2.65103E-02 5.84026E-01
2.33000E-01 2.68111E-02 5.81281E-01
2.34000E-01 2.71137E-02 5.78536E-01
2.35000E-01 2.74181E-02 5.75792E-01
2.36000E-01 2.77241E-02 5.73049E-01
2.37000E-01 2.80319E-02 5.70306E-01
2.38000E-01 2.83414E-02 5.67564E-01
2.39000E-01 2.86526E-02 5.64824E-01
2.40000E-01 2.89655E-02 5.62084E-01
2.41000E-01 2.92800E-02 5.59345E-01
2.42000E-01 2.95963E-02 5.56608E-01
2.43000E-01 2.99143E-02 5.53872E-01
2.44000E-01 3.02339E-02 5.51138E-01
2.45000E-01 3.05553E-02 5.48405E-01
2.46000E-01 3.08783E-02 5.45674E-01
2.47000E-01 3.12029E-02 5.42944E-01
2.48000E-01 3.15292E-02 5.40217E-01
2.49000E-01 3.18572E-02 5.37491E-01
2.50000E-01 3.21867E-02 5.34768E-01
2.51000E-01 3.25180E-02 5.32046E-01
2.52000E-01 3.28508E-02 5.29327E-01
2.53000E-01 3.31853E-02 5.26610E-01
2.54000E-01 3.35214E-02 5.23896E-01
2.55000E-01 3.38591E-02 5.21184E-01
2.56000E-01 3.41984E-02 5.18475E-01
2.57000E-01 3.45392E-02 5.15768E-01
2.58000E-01 3.48817E-02 5.13064E-01
2.59000E-01 3.52257E-02 5.10364E-01
2.60000E-01 3.55714E-02 5.07666E-01
2.61000E-01 3.59185E-02 5.04971E-01
2.62000E-01 3.62672E-02 5.02279E-01
2.63000E-01 3.66175E-02 4.99591E-01
2.64000E-01 3.69693E-02 4.96906E-01
2.65000E-01 3.73227E-02 4.94224E-01
2.66000E-01 3.76775E-02 4.91546E-01
2.67000E-01 3.80339E-02 4.88872E-01
2.68000E-01 3.83917E-02 4.86201E-01
2.69000E-01 3.87511E-02 4.83534E-01
2.70000E-01 3.91120E-02 4.80871E-01
2.71000E-01 3.94743E-02 4.78212E-01
2.72000E-01 3.98381E-02 4.75557E-01
2.73000E-01 4.02033E-02 4.72906E-01
2.74000E-01 4.05700E-02 4.70259E-01
2.75000E-01 4.09382E-02 4.67616E-01
2.76000E-01 4.13078E-02 4.64978E-01
2.77000E-01 4.16788E-02 4.62344E-01
2.78000E-01 4.20512E-02 4.59715E-01
2.79000E-01 4.24250E-02 4.57090E-01
2.80000E-01 4.28003E-02 4.54470E-01
2.81000E-01 4.31769E-02 4.51855E-01
2.82000E-01 4.35549E-02 4.49245E-01
2.83000E-01 4.39342E-02 4.46639E-01
2.84000E-01 4.43149E-02 4.44039E-01
2.85000E-01 4.46970E-02 4.41443E-01
2.86000E-01 4.50804E-02 4.38853E-01
2.87000E-01 4.54651E-02 4.36268E-01
2.88000E-01 4.58511E-02 4.33688E-01
2.89000E-01 4.62385E-02 4.31113E-01
2.90000E-01 4.66271E-02 4.28544E-01
2.91000E-01 4.70170E-02 4.25981E-01
2.92000E-01 4.74082E-02 4.23423E-01
2.93000E-01 4.78007E-02 4.20870E-01
2.94000E-01 4.81944E-02 4.18324E-01
2.95000E-01 4.85894E-02 4.15783E-01
2.96000E-01 4.89856E-02 4.13248E-01
2.97000E-01 4.93830E-02 4.10719E-01
2.98000E-01 4.97816E-02 4.08195E-01
2.99000E-01 5.01815E-02 4.05678E-01
3.00000E-01 5.05825E-02 4.03167E-01
3.01000E-01 5.09847E-02 4.00662E-01
3.02000E-01 5.13880E-02 3.98164E-01
3.03000E-01 5.17926E-02 3.95671E-01
3.04000E-01 5.21982E-02 3.93185E-01
3.05000E-01 5.26050E-02 3.90706E-01
3.06000E-01 5.30130E-02 3.88233E-01
3.07000E-01 5.34220E-02 3.85766E-01
3.08000E-01 5.38321E-02 3.83306E-01
3.09000E-01 5.42433E-02 3.80853E-01
3.10000E-01 5.46556E-02 3.78406E-01
3.11000E-01 5.50690E-02 3.75967E-01
3.12000E-01 5.54834E-02 3.73534E-01
3.13000E-01 5.58989E-02 3.71108E-01
3.14000E-01 5.63153E-02 3.68688E-01
3.15000E-01 5.67328E-02 3.66276E-01
3.16000E-01 5.71513E-02 3.63871E-01
3.17000E-01 5.75708E-02 3.61473E-01
3.18000E-01 5.79913E-02 3.59082E-01
3.19000E-01 5.84128E-02 3.56699E-01
3.20000E-01 5.88352E-02 3.54322E-01
3.21000E-01 5.92585E-02 3.51953E-01
3.22000E-01 5.96828E-02 3.49591E-01
3.23000E-01 6.01080E-02 3.47237E-01
3.24000E-01 6.05341E-02 3.44890E-01
3.25000E-01 6.09611E-02 3.42551E-01
3.26000E-01 6.13890E-02 3.40219E-01
3.27000E-01 6.18177E-02 3.37895E-01
3.28000E-01 6.22473E-02 3.35578E-01
3.29000E-01 6.26778E-02 3.33270E-01
3.30000E-01 6.31090E-02 3.30968E-01
3.31000E-01 6.35411E-02 3.28675E-01
3.32000E-01 6.39740E-02 3.26390E-01
3.33000E-01 6.44077E-02 3.24112E-01
3.34000E-01 6.48422E-02 3.21842E-01
3.35000E-01 6.52774E-02 3.19580E-01
3.36000E-01 6.57134E-02 3.17326E-01
3.37000E-01 6.61502E-02 3.15081E-01
3.38000E-01 6.65877E-02 3.12843E-01
3.39000E-01 6.70258E-02 3.10613E-01
3.40000E-01 6.74647E-02 3.08392E-01
3.41000E-01 6.79043E-02 3.06178E-01
3.42000E-01 6.83445E-02 3.03973E-01
3.43000E-01 6.87854E-02 3.01776E-01
3.44000E-01 6.92270E-02 2.99588E-01
3.45000E-01 6.96692E-02 2.97407E-01
3.46000E-01 7.01120E-02 2.95235E-01
3.47000E-01 7.05554E-02 2.93072E-01
3.48000E-01 7.09995E-02 2.90917E-01
3.49000E-01 7.14441E-02 2.88770E-01
3.50000E-01 7.18892E-02 2.86632E-01
3.51000E-01 7.23350E-02 2.84502E-01
3.52000E-01 7.27813E-02 2.82381E-01
3.53000E-01 7.32281E-02 2.80268E-01
3.54000E-01 7.36754E-02 2.78164E-01
3.55000E-01 7.41232E-02 2.76069E-01
3.56000E-01 7.45715E-02 2.73982E-01
3.57000E-01 7.50203E-02 2.71904E-01
3.58000E-01 7.54695E-02 2.69834E-01
3.59000E-01 7.59192E-02 2.67773E-01
3.60000E-01 7.63693E-02 2.65721E-01
3.61000E-01 7.68199E-02 2.63678E-01
3.62000E-01 7.72708E-02 2.61644E-01
3.63000E-01 7.77221E-02 2.59618E-01
3.64000E-01 7.81739E-02 2.57602E-01
3.65000E-01 7.86259E-02 2.55594E-01
3.66000E-01 7.90784E-02 2.53595E-01
3.67000E-01 7.95311E-02 2.51604E-01
3.68000E-01 7.99842E-02 2.49623E-01
3.69000E-01 8.04376E-02 2.47651E-01
3.70000E-01 8.08913E-02 2.45688E-01
3.71000E-01 8.13453E-02 2.43733E-01
3.72000E-01 8.17996E-02 2.41788E-01
3.73000E-01 8.22541E-02 2.39852E-01
3.74000E-01 8.27088E-02 2.37924E-01
3.75000E-01 8.31638E-02 2.36006E-01
3.76000E-01 8.36190E-02 2.34097E-01
3.77000E-01 8.40744E-02 2.32196E-01
3.78000E-01 8.45299E-02 2.30305E-01
3.79000E-01 8.49857E-02 2.28423E-01
3.80000E-01 8.54416E-02 2.26550E-01
3.81000E-01 8.58976E-02 2.24686E-01
3.82000E-01 8.63538E-02 2.22832E-01
3.83000E-01 8.68101E-02 2.20986E-01
3.84000E-01 8.72665E-02 2.19149E-01
3.85000E-01 8.77230E-02 2.17322E-01
3.86000E-01 8.81795E-02 2.15504E-01
3.87000E-01 8.86361E-02 2.13695E-01
3.88000E-01 8.90928E-02 2.11895E-01
3.89000E-01 8.95495E-02 2.10104E-01
3.90000E-01 9.00062E-02 2.08323E-01
3.91000E-01 9.04629E-02 2.06551E-01
3.92000E-01 9.09196E-02 2.04788E-01
3.93000E-01 9.13763E-02 2.03034E-01
3.94000E-01 9.18329E-02 2.01289E-01
3.95000E-01 9.22895E-02 1.99554E-01
3.96000E-01 9.27460E-02 1.97827E-01
3.97000E-01 9.32025E-02 1.96110E-01
3.98000E-01 9.36589E-02 1.94402E-01
3.99000E-01 9.41151E-02 1.92704E-01
4.00000E-01 9.45712E-02 1.91014E-01
4.01000E-01 9.50272E-02 1.89334E-01
4.02000E-01 9.54831E-02 1.87663E-01
4.03000E-01 9.59388E-02 1.86001E-01
4.04000E-01 9.63943E-02 1.84349E-01
4.05000E-01 9.68496E-02 1.82705E-01
4.06000E-01 9.73048E-02 1.81071E-01
4.07000E-01 9.77597E-02 1.79446E-01
4.08000E-01 9.82144E-02 1.77831E-01
4.09000E-01 9.86688E-02 1.76224E-01
4.10000E-01 9.91230E-02 1.74627E-01
4.11000E-01 9.95769E-02 1.73039E-01
4.12000E-01 1.00031E-01 1.71460E-01
4.13000E-01 1.00484E-01 1.69890E-01
4.14000E-01 1.00937E-01 1.68329E-01
4.15000E-01 1.01390E-01 1.66778E-01
4.16000E-01 1.01842E-01 1.65235E-01
4.17000E-01 1.02294E-01 1.63702E-01
4.18000E-01 1.02746E-01 1.62178E-01
4.19000E-01 1.03197E-01 1.60663E-01
4.20000E-01 1.03648E-01 1.59158E-01
4.21000E-01 1.04098E-01 1.57661E-01
4.22000E-01 1.04548E-01 1.56174E-01
4.23000E-01 1.04998E-01 1.54695E-01
4.24000E-01 1.05447E-01 1.53226E-01
4.25000E-01 1.05896E-01 1.51766E-01
4.26000E-01 1.06344E-01 1.50314E-01
4.27000E-01 1.06792E-01 1.48872E-01
4.28000E-01 1.07239E-01 1.47439E-01
4.29000E-01 1.07686E-01 1.46015E-01
4.30000E-01 1.08132E-01 1.44600E-01
4.31000E-01 1.08578E-01 1.43194E-01
4.32000E-01 1.09023E-01 1.41797E-01
4.33000E-01 1.09468E-01 1.40409E-01
4.34000E-01 1.09912E-01 1.39030E-01
4.35000E-01 1.10355E-01 1.37659E-01
4.36000E-01 1.10798E-01 1.36298E-01
4.37000E-01 1.11240E-01 1.34946E-01
4.38000E-01 1.11682E-01 1.33602E-01
4.39000E-01 1.12123E-01 1.32268E-01
4.40000E-01 1.12563E-01 1.30942E-01
4.41000E-01 1.13003E-01 1.29625E-01
4.42000E-01 1.13442E-01 1.28317E-01
4.43000E-01 1.13880E-01 1.27018E-01
4.44000E-01 1.14317E-01 1.25727E-01
4.45000E-01 1.14754E-01 1.24445E-01
4.46000E-01 1.15190E-01 1.23172E-01
4.47000E-01 1.15626E-01 1.21908E-01
4.48000E-01 1.16060E-01 1.20653E-01
4.49000E-01 1.16494E-01 1.19406E-01
4.50000E-01 1.16927E-01 1.18168E-01
4.51000E-01 1.17360E-01 1.16938E-01
4.52000E-01 1.17791E-01 1.15717E-01
4.53000E-01 1.18222E-01 1.14505E-01
4.54000E-01 1.18652E-01 1.13301E-01
4.55000E-01 1.19081E-01 1.12106E-01
4.56000E-01 1.19509E-01 1.10919E-01
4.57000E-01 1.19936E-01 1.09741E-01
4.58000E-01 1.20363E-01 1.08572E-01
4.59000E-01 1.20788E-01 1.07411E-01
4.60000E-01 1.21213E-01 1.06258E-01
4.61000E-01 1.21637E-01 1.05114E-01
4.62000E-01 1.22060E-01 1.03978E-01
4.63000E-01 1.22482E-01 1.02850E-01
4.64000E-01 1.22903E-01 1.01731E-01
4.65000E-01 1.23323E-01 1.00620E-01
4.66000E-01 1.23742E-01 9.95177E-02
4.67000E-01 1.24160E-01 9.84235E-02
4.68000E-01 1.24577E-01 9.73374E-02
4.69000E-01 1.24993E-01 9.62597E-02
4.70000E-01 1.25408E-01 9.51901E-02
4.71000E-01 1.25822E-01 9.41286E-02
4.72000E-01 1.26235E-01 9.30753E-02
4.73000E-01 1.26647E-01 9.20302E-02
4.74000E-01 1.27058E-01 9.09931E-02
4.75000E-01 1.27468E-01 8.99640E-02
4.76000E-01 1.27877E-01 8.89430E-02
4.77000E-01 1.28285E-01 8.79300E-02
4.78000E-01 1.28691E-01 8.69250E-02
4.79000E-01 1.29097E-01 8.59279E-02
4.80000E-01 1.29501E-01 8.49388E-02
4.81000E-01 1.29905E-01 8.39575E-02
4.82000E-01 1.30307E-01 8.29841E-02
4.83000E-01 1.30708E-01 8.20185E-02
4.84000E-01 1.31108E-01 8.10607E-02
4.85000E-01 1.31506E-01 8.01107E-02
4.86000E-01 1.31904E-01 7.91685E-02
4.87000E-01 1.32300E-01 7.82339E-02
4.88000E-01 1.32695E-01 7.73071E-02
4.89000E-01 1.33089E-01 7.63878E-02
4.90000E-01 1.33482E-01 7.54762E-02
4.91000E-01 1.33873E-01 7.45722E-02
4.92000E-01 1.34263E-01 7.36758E-02
4.93000E-01 1.34652E-01 7.27869E-02
4.94000E-01 1.35040E-01 7.19054E-02
4.95000E-01 1.35426E-01 7.10315E-02
4.96000E-01 1.35812E-01 7.01650E-02
4.97000E-01 1.36195E-01 6.93058E-02
4.98000E-01 1.36578E-01 6.84541E-02
4.99000E-01 1.36959E-01 6.76097E-02
5.00000E-01 1.37339E-01 6.67726E-02
5.01000E-01 1.37718E-01 6.59428E-02
5.02000E-01 1.38095E-01 6.51202E-02
5.03000E-01 1.38471E-01 6.43048E-02
5.04000E-01 1.38846E-01 6.34966E-02
5.05000E-01 1.39219E-01 6.26955E-02
5.06000E-01 1.39591E-01 6.19016E-02
5.07000E-01 1.39961E-01 6.11147E-02
5.08000E-01 1.40330E-01 6.03349E-02
5.09000E-01 1.40698E-01 5.95621E-02
5.10000E-01 1.41064E-01 5.87962E-02
5.11000E-01 1.41429E-01 5.80373E-02
5.12000E-01 1.41793E-01 5.72853E-02
5.13000E-01 1.42155E-01 5.65402E-02
5.14000E-01 1.42516E-01 5.58020E-02
5.15000E-01 1.42875E-01 5.50705E-02
5.16000E-01 1.43232E-01 5.43459E-02
5.17000E-01 1.43589E-01 5.36279E-02
5.18000E-01 1.43944E-01 5.29167E-02
5.19000E-01 1.44297E-01 5.22121E-02
5.20000E-01 1.44649E-01 5.15142E-02
5.21000E-01 1.44999E-01 5.08229E-02
5.22000E-01 1.45348E-01 5.01382E-02
5.23000E-01 1.45695E-01 4.94600E-02
5.24000E-01 1.46041E-01 4.87883E-02
5.25000E-01 1.46385E-01 4.81231E-02
5.26000E-01 1.46728E-01 4.74643E-02
5.27000E-01 1.47070E-01 4.68119E-02
5.28000E-01 1.47409E-01 4.61658E-02
5.29000E-01 1.47747E-01 4.55261E-02
5.30000E-01 1.48084E-01 4.48927E-02
5.31000E-01 1.48419E-01 4.42655E-02
5.32000E-01 1.48753E-01 4.36446E-02
5.33000E-01 1.49084E-01 4.30299E-02
5.34000E-01 1.49415E-01 4.24213E-02
5.35000E-01 1.49744E-01 4.18188E-02
5.36000E-01 1.50071E-01 4.12224E-02
5.37000E-01 1.50396E-01 4.06321E-02
5.38000E-01 1.50720E-01 4.00477E-02
5.39000E-01 1.51043E-01 3.94694E-02
5.40000E-01 1.51363E-01 3.88970E-02
5.41000E-01 1.51682E-01 3.83305E-02
5.42000E-01 1.52000E-01 3.77698E-02
5.43000E-01 1.52316E-01 3.72150E-02
5.44000E-01 1.52630E-01 3.66661E-02
5.45000E-01 1.52942E-01 3.61228E-02
5.46000E-01 1.53253E-01 3.55853E-02
5.47000E-01 1.53562E-01 3.50535E-02
5.48000E-01 1.53870E-01 3.45274E-02
5.49000E-01 1.54176E-01 3.40069E-02
5.50000E-01 1.54480E-01 3.34920E-02
5.51000E-01 1.54783E-01 3.29826E-02
5.52000E-01 1.55083E-01 3.24788E-02
5.53000E-01 1.55383E-01 3.19804E-02
5.54000E-01 1.55680E-01 3.14875E-02
5.55000E-01 1.55976E-01 3.10000E-02
5.56000E-01 1.56270E-01 3.05179E-02
5.57000E-01 1.56562E-01 3.00411E-02
5.58000E-01 1.56853E-01 2.95697E-02
5.59000E-01 1.57142E-01 2.91035E-02
5.60000E-01 1.57429E-01 2.86425E-02
5.61000E-01 1.57714E-01 2.81868E-02
5.62000E-01 1.57998E-01 2.77362E-02
5.63000E-01 1.58280E-01 2.72908E-02
5.64000E-01 1.58560E-01 2.68504E-02
5.65000E-01 1.58839E-01 2.64152E-02
5.66000E-01 1.59116E-01 2.59849E-02
5.67000E-01 1.59391E-01 2.55597E-02
5.68000E-01 1.59664E-01 2.51394E-02
5.69000E-01 1.59935E-01 2.47240E-02
5.70000E-01 1.60205E-01 2.43135E-02
5.71000E-01 1.60473E-01 2.39079E-02
5.72000E-01 1.60739E-01 2.35071E-02
5.73000E-01 1.61004E-01 2.31111E-02
5.74000E-01 1.61266E-01 2.27198E-02
5.75000E-01 1.61527E-01 2.23333E-02
5.76000E-01 1.61786E-01 2.19514E-02
5.77000E-01 1.62044E-01 2.15742E-02
5.78000E-01 1.62299E-01 2.12016E-02
5.79000E-01 1.62553E-01 2.08336E-02
5.80000E-01 1.62805E-01 2.04701E-02
5.81000E-01 1.63055E-01 2.01112E-02
5.82000E-01 1.63304E-01 1.97567E-02
5.83000E-01 1.63550E-01 1.94066E-02
5.84000E-01 1.63795E-01 1.90610E-02
5.85000E-01 1.64038E-01 1.87198E-02
5.86000E-01 1.64279E-01 1.83829E-02
5.87000E-01 1.64518E-01 1.80503E-02
5.88000E-01 1.64756E-01 1.77220E-02
5.89000E-01 1.64992E-01 1.73979E-02
5.90000E-01 1.65226E-01 1.70780E-02
5.91000E-01 1.65458E-01 1.67624E-02
5.92000E-01 1.65688E-01 1.64508E-02
5.93000E-01 1.65917E-01 1.61434E-02
5.94000E-01 1.66143E-01 1.58400E-02
5.95000E-01 1.66368E-01 1.55407E-02
5.96000E-01 1.66591E-01 1.52454E-02
5.97000E-01 1.66813E-01 1.49541E-02
5.98000E-01 1.67032E-01 1.46667E-02
5.99000E-01 1.67250E-01 1.43833E-02
6.00000E-01 1.67465E-01 1.41037E-02
6.01000E-01 1.67679E-01 1.38280E-02
6.02000E-01 1.67891E-01 1.35561E-02
6.03000E-01 1.68102E-01 1.32879E-02
6.04000E-01 1.68310E-01 1.30235E-02
6.05000E-01 1.68517E-01 1.27629E-02
6.06000E-01 1.68722E-01 1.25059E-02
6.07000E-01 1.68925E-01 1.22526E-02
6.08000E-01 1.69126E-01 1.20029E-02
6.09000E-01 1.69325E-01 1.17568E-02
6.10000E-01 1.69523E-01 1.15143E-02
6.11000E-01 1.69719E-01 1.12753E-02
6.12000E-01 1.69913E-01 1.10398E-02
6.13000E-01 1.70105E-01 1.08078E-02
6.14000E-01 1.70295E-01 1.05792E-02
6.15000E-01 1.70483E-01 1.03540E-02
6.16000E-01 1.70670E-01 1.01322E-02
6.17000E-01 1.70855E-01 9.91371E-03
6.18000E-01 1.71038E-01 9.69855E-03
6.19000E-01 1.71219E-01 9.48668E-03
6.20000E-01 1.71398E-01 9.27807E-03
6.21000E-01 1.71576E-01 9.07267E-03
6.22000E-01 1.71752E-01 8.87047E-03
6.23000E-01 1.71926E-01 8.67143E-03
6.24000E-01 1.72098E-01 8.47553E-03
6.25000E-01 1.72268E-01 8.28273E-03
6.26000E-01 1.72437E-01 8.09300E-03
6.27000E-01 1.72603E-01 7.90632E-03
6.28000E-01 1.72768E-01 7.72265E-03
6.29000E-01 1.72931E-01 7.54197E-03
6.30000E-01 1.73093E-01 7.36424E-03
6.31000E-01 1.73252E-01 7.18945E-03
6.32000E-01 1.73410E-01 7.01755E-03
6.33000E-01 1.73566E-01 6.84852E-03
6.34000E-01 1.73720E-01 6.68233E-03
6.35000E-01 1.73872E-01 6.51895E-03
6.36000E-01 1.74023E-01 6.35836E-03
6.37000E-01 1.74172E-01 6.20052E-03
6.38000E-01 1.74319E-01 6.04541E-03
6.39000E-01 1.74464E-01 5.89300E-03
6.40000E-01 1.74607E-01 5.74326E-03
6.41000E-01 1.74749E-01 5.59617E-03
6.42000E-01 1.74889E-01 5.45169E-03
6.43000E-01 1.75027E-01 5.30980E-03
6.44000E-01 1.75164E-01 5.17047E-03
6.45000E-01 1.75298E-01 5.03367E-03
6.46000E-01 1.75431E-01 4.89938E-03
6.47000E-01 1.75563E-01 4.76757E-03
6.48000E-01 1.75692E-01 4.63821E-03
6.49000E-01 1.75820E-01 4.51128E-03
6.50000E-01 1.75946E-01 4.38675E-03
6.51000E-01 1.76070E-01 4.26459E-03
6.52000E-01 1.76193E-01 4.14477E-03
6.53000E-01 1.76313E-01 4.02728E-03
6.54000E-01 1.76433E-01 3.91208E-03
6.55000E-01 1.76550E-01 3.79915E-03
6.56000E-01 1.76666E-01 3.68846E-03
6.57000E-01 1.76780E-01 3.57998E-03
6.58000E-01 1.76892E-01 3.47370E-03
6.59000E-01 1.77003E-01 3.36958E-03
6.60000E-01 1.77112E-01 3.26760E-03
6.61000E-01 1.77219E-01 3.16774E-03
6.62000E-01 1.77324E-01 3.06996E-03
6.63000E-01 1.77428E-01 2.97425E-03
6.64000E-01 1.77531E-01 2.88058E-03
6.65000E-01 1.77631E-01 2.78892E-03
6.66000E-01 1.77730E-01 2.69925E-03
6.67000E-01 1.77828E-01 2.61155E-03
6.68000E-01 1.77923E-01 2.52579E-03
6.69000E-01 1.78017E-01 2.44194E-03
6.70000E-01 1.78110E-01 2.35999E-03
6.71000E-01 1.78201E-01 2.27991E-03
6.72000E-01 1.78290E-01 2.20167E-03
6.73000E-01 1.78378E-01 2.12525E-03
6.74000E-01 1.78464E-01 2.05063E-03
6.75000E-01 1.78548E-01 1.97779E-03
6.76000E-01 1.78631E-01 1.90669E-03
6.77000E-01 1.78712E-01 1.83732E-03
6.78000E-01 1.78792E-01 1.76966E-03
6.79000E-01 1.78870E-01 1.70368E-03
6.80000E-01 1.78947E-01 1.63936E-03
6.81000E-01 1.79022E-01 1.57667E-03
6.82000E-01 1.79096E-01 1.51559E-03
6.83000E-01 1.79168E-01 1.45611E-03
6.84000E-01 1.79238E-01 1.39820E-03
6.85000E-01 1.79307E-01 1.34183E-03
6.86000E-01 1.79375E-01 1.28698E-03
6.87000E-01 1.79441E-01 1.23364E-03
6.88000E-01 1.79505E-01 1.18177E-03
6.89000E-01 1.79568E-01 1.13136E-03
6.90000E-01 1.79630E-01 1.08239E-03
6.91000E-01 1.79690E-01 1.03484E-03
6.92000E-01 1.79749E-01 9.88675E-04
6.93000E-01 1.79806E-01 9.43883E-04
6.94000E-01 1.79862E-01 9.00442E-04
6.95000E-01 1.79917E-01 8.58331E-04
6.96000E-01 1.79970E-01 8.17527E-04
6.97000E-01 1.80021E-01 7.78011E-04
6.98000E-01 1.80072E-01 7.39761E-04
6.99000E-01 1.80121E-01 7.02757E-04
7.00000E-01 1.80168E-01 6.66977E-04
7.01000E-01 1.80214E-01 6.32402E-04
7.02000E-01 1.80259E-01 5.99010E-04
7.03000E-01 1.80303E-01 5.66783E-04
7.04000E-01 1.80345E-01 5.35698E-04
7.05000E-01 1.80386E-01 5.05736E-04
7.06000E-01 1.80425E-01 4.76877E-04
7.07000E-01 1.80464E-01 4.49101E-04
7.08000E-01 1.80501E-01 4.22387E-04
7.09000E-01 1.80537E-01 3.96717E-04
7.10000E-01 1.80571E-01 3.72070E-04
7.11000E-01 1.80605E-01 3.48426E-04
7.12000E-01 1.80637E-01 3.25766E-04
7.13000E-01 1.80668E-01 3.04069E-04
7.14000E-01 1.80698E-01 2.83318E-04
7.15000E-01 1.80726E-01 2.63491E-04
7.16000E-01 1.80754E-01 2.44570E-04
7.17000E-01 1.80780E-01 2.26535E-04
7.18000E-01 1.80805E-01 2.09368E-04
7.19000E-01 1.80829E-01 1.93047E-04
7.20000E-01 1.80852E-01 1.77555E-04
7.21000E-01 1.80874E-01 1.62872E-04
7.22000E-01 1.80895E-01 1.48978E-04
7.23000E-01 1.80915E-01 1.35855E-04
7.24000E-01 1.80933E-01 1.23483E-04
7.25000E-01 1.80951E-01 1.11843E-04
7.26000E-01 1.80968E-01 1.00916E-04
7.27000E-01 1.80983E-01 9.06822E-05
7.28000E-01 1.80998E-01 8.11223E-05
7.29000E-01 1.81012E-01 7.22171E-05
7.30000E-01 1.81025E-01 6.39471E-05
7.31000E-01 1.81037E-01 5.62926E-05
7.32000E-01 1.81048E-01 4.92341E-05
7.33000E-01 1.81059E-01 4.27517E-05
7.34000E-01 1.81068E-01 3.68256E-05
7.35000E-01 1.81077E-01 3.14355E-05
7.36000E-01 1.81085E-01 2.65613E-05
7.37000E-01 1.81092E-01 2.21822E-05
7.38000E-01 1.81098E-01 1.82774E-05
7.39000E-01 1.81104E-01 1.48256E-05
7.40000E-01 1.81109E-01 1.18054E-05
7.41000E-01 1.81113E-01 9.19447E-06
7.42000E-01 1.81117E-01 6.97017E-06
7.43000E-01 1.81120E-01 5.10906E-06
7.44000E-01 1.81122E-01 3.58685E-06
7.45000E-01 1.81125E-01 2.37812E-06
7.46000E-01 1.81126E-01 1.45608E-06
7.47000E-01 1.81127E-01 7.92045E-07
7.48000E-01 1.81128E-01 3.54815E-07
7.49000E-01 1.81128E-01 1.09692E-07
7.50000E-01        NAN        NAN
7.51000E-01        NAN        NAN
7.52000E-01        NAN        NAN
7.53000E-01        NAN        NAN
7.54000E-01        NAN        NAN
7.55000E-01        NAN        NAN
7.56000E-01        NAN        NAN
7.57000E-01        NAN        NAN
7.58000E-01        NAN        NAN
7.59000E-01        NAN        NAN
7.60000E-01        NAN        NAN
7.61000E-01        NAN        NAN
7.62000E-01        NAN        NAN
7.63000E-01        NAN        NAN
7.64000E-01        NAN        NAN
7.65000E-01        NAN        NAN
7.66000E-01        NAN        NAN
7.67000E-01        NAN        NAN
7.68000E-01        NAN        NAN
7.69000E-01        NAN        NAN
7.70000E-01        NAN        NAN
7.71000E-01        NAN        NAN
7.72000E-01        NAN        NAN
7.73000E-01        NAN        NAN
7.74000E-01        NAN        NAN
7.75000E-01        NAN        NAN
7.76000E-01        NAN        NAN
7.77000E-01        NAN        NAN
7.78000E-01        NAN        NAN
7.79000E-01        NAN        NAN
7.80000E-01        NAN        NAN
7.81000E-01        NAN        NAN
7.82000E-01        NAN        NAN
7.83000E-01        NAN        NAN
7.84000E-01        NAN        NAN
7.85000E-01        NAN        NAN
7.86000E-01        NAN        NAN
7.87000E-01        NAN        NAN
7.88000E-01        NAN        NAN
7.89000E-01        NAN        NAN
7.90000E-01        NAN        NAN
7.91000E-01        NAN        NAN
7.92000E-01        NAN        NAN
7.93000E-01        NAN        NAN
7.94000E-01        NAN        NAN
7.95000E-01        NAN        NAN
7.96000E-01        NAN        NAN
7.97000E-01        NAN        NAN
7.98000E-01        NAN        NAN
7.99000E-01        NAN        NAN
8.00000E-01        NAN        NAN
8.01000E-01        NAN        NAN
8.02000E-01        NAN        NAN
8.03000E-01        NAN        NAN
8.04000E-01        NAN        NAN
8.05000E-01        NAN        NAN
8.06000E-01        NAN        NAN
8.07000E-01        NAN        NAN
8.08000E-01        NAN        NAN
8.09000E-01        NAN        NAN
8.10000E-01        NAN        NAN
8.11000E-01        NAN        NAN
8.12000E-01        NAN        NAN
8.13000E-01        NAN        NAN
8.14000E-01        NAN        NAN
8.15000E-01        NAN        NAN
8.16000E-01        NAN        NAN
8.17000E-01        NAN        NAN
8.18000E-01        NAN        NAN
8.19000E-01        NAN        NAN
8.20000E-01        NAN        NAN
8.21000E-01        NAN        NAN
8.22000E-01        NAN        NAN
8.23000E-01        NAN        NAN
8.24000E-01        NAN        NAN
8.25000E-01        NAN        NAN
8.26000E-01        NAN        NAN
8.27000E-01        NAN        NAN
8.28000E-01        NAN        NAN
8.29000E-01        NAN        NAN
8.30000E-01        NAN        NAN
8.31000E-01        NAN        NAN
8.32000E-01        NAN        NAN
8.33000E-01        NAN        NAN
8.34000E-01        NAN        NAN
8.35000E-01        NAN        NAN
8.36000E-01        NAN        NAN
8.37000E-01        NAN        NAN
8.38000E-01        NAN        NAN
8.39000E-01        NAN        NAN
8.40000E-01        NAN        NAN
8.41000E-01        NAN        NAN
8.42000E-01        NAN        NAN
8.43000E-01        NAN        NAN
8.44000E-01        NAN        NAN
8.45000E-01        NAN        NAN
8.46000E-01        NAN        NAN
8.47000E-01        NAN        NAN
8.48000E-01        NAN        NAN
8.49000E-01        NAN        NAN
8.50000E-01        NAN        NAN
8.51000E-01        NAN        NAN
8.52000E-01        NAN        NAN
8.53000E-01        NAN        NAN
8.54000E-01        NAN        NAN
8.55000E-01        NAN        NAN
8.56000E-01        NAN        NAN
8.57000E-01        NAN        NAN
8.58000E-01        NAN        NAN
8.59000E-01        NAN        NAN
8.60000E-01        NAN        NAN
8.61000E-01        NAN        NAN
8.62000E-01        NAN        NAN
8.63000E-01        NAN        NAN
8.64000E-01        NAN        NAN
8.65000E-01        NAN        NAN
8.66000E-01        NAN        NAN
8.67000E-01        NAN        NAN
8.68000E-01        NAN        NAN
8.69000E-01        NAN        NAN
8.70000E-01        NAN        NAN
8.71000E-01        NAN        NAN
8.72000E-01        NAN        NAN
8.73000E-01        NAN        NAN
8.74000E-01        NAN        NAN
8.75000E-01        NAN        NAN
8.76000E-01        NAN        NAN
8.77000E-01        NAN        NAN
8.78000E-01        NAN        NAN
8.79000E-01        NAN        NAN
8.80000E-01        NAN        NAN
8.81000E-01        NAN        NAN
8.82000E-01        NAN        NAN
8.83000E-01        NAN        NAN
8.84000E-01        NAN        NAN
8.85000E-01        NAN        NAN
8.86000E-01        NAN        NAN
8.87000E-01        NAN        NAN
8.88000E-01        NAN        NAN
8.89000E-01        NAN        NAN
8.90000E-01        NAN        NAN
8.91000E-01        NAN        NAN
8.92000E-01        NAN        NAN
8.93000E-01        NAN        NAN
8.94000E-01        NAN        NAN
8.95000E-01        NAN        NAN
8.96000E-01        NAN        NAN
8.97000E-01        NAN        NAN
8.98000E-01        NAN        NAN
8.99000E-01        NAN        NAN
9.00000E-01        NAN        NAN
9.01000E-01        NAN        NAN
9.02000E-01        NAN        NAN
9.03000E-01        NAN        NAN
9.04000E-01        NAN        NAN
9.05000E-01        NAN        NAN
9.06000E-01        NAN        NAN
9.07000E-01        NAN        NAN
9.08000E-01        NAN        NAN
9.09000E-01        NAN        NAN
9.10000E-01        NAN        NAN
9.11000E-01        NAN        NAN
9.12000E-01        NAN        NAN
9.13000E-01        NAN        NAN
9.14000E-01        NAN        NAN
9.15000E-01        NAN        NAN
9.16000E-01        NAN        NAN
9.17000E-01        NAN        NAN
9.18000E-01        NAN        NAN
9.19000E-01        NAN        NAN
9.20000E-01        NAN        NAN
9.21000E-01        NAN        NAN
9.22000E-01        NAN        NAN
9.23000E-01        NAN        NAN
9.24000E-01        NAN        NAN
9.25000E-01        NAN        NAN
9.26000E-01        NAN        NAN
9.27000E-01        NAN        NAN
9.28000E-01        NAN        NAN
9.29000E-01        NAN        NAN
9.30000E-01        NAN        NAN
9.31000E-01        NAN        NAN
9.32000E-01        NAN        NAN
9.33000E-01        NAN        NAN
9.34000E-01        NAN        NAN
9.35000E-01        NAN        NAN
9.36000E-01        NAN        NAN
9.37000E-01        NAN        NAN
9.38000E-01        NAN        NAN
9.39000E-01        NAN        NAN
9.40000E-01        NAN        NAN
9.41000E-01        NAN        NAN
9.42000E-01        NAN        NAN
9.43000E-01        NAN        NAN
9.44000E-01        NAN        NAN
9.45000E-01        NAN        NAN
9.46000E-01        NAN        NAN
9.47000E-01        NAN        NAN
9.48000E-01        NAN        NAN
9.49000E-01        NAN        NAN
9.50000E-01        NAN        NAN
9.51000E-01        NAN        NAN
9.52000E-01        NAN        NAN
9.53000E-01        NAN        NAN
9.54000E-01        NAN        NAN
9.55000E-01        NAN        NAN
9.56000E-01        NAN        NAN
9.57000E-01        NAN        NAN
9.58000E-01        NAN        NAN
9.59000E-01        NAN        NAN
9.60000E-01        NAN        NAN
9.61000E-01        NAN        NAN
9.62000E-01        NAN        NAN
9.63000E-01        NAN        NAN
9.64000E-01        NAN        NAN
9.65000E-01        NAN        NAN
9.66000E-01        NAN        NAN
9.67000E-01        NAN        NAN
9.68000E-01        NAN        NAN
9.69000E-01        NAN        NAN
9.70000E-01        NAN        NAN
9.71000E-01        NAN        NAN
9.72000E-01        NAN        NAN
9.73000E-01        NAN        NAN
9.74000E-01        NAN        NAN
9.75000E-01        NAN        NAN
9.76000E-01        NAN        NAN
9.77000E-01        NAN        NAN
9.78000E-01        NAN        NAN
9.79000E-01        NAN        NAN
9.80000E-01        NAN        NAN
9.81000E-01        NAN        NAN
9.82000E-01        NAN        NAN
9.83000E-01        NAN        NAN
9.84000E-01        NAN        NAN
9.85000E-01        NAN        NAN
9.86000E-01        NAN        NAN
9.87000E-01        NAN        NAN
9.88000E-01        NAN        NAN
9.89000E-01        NAN        NAN
9.90000E-01        NAN        NAN
9.91000E-01        NAN        NAN
9.92000E-01        NAN        NAN
9.93000E-01        NAN        NAN
9.94000E-01        NAN        NAN
9.95000E-01        NAN        NAN
9.96000E-01        NAN        NAN
9.97000E-01        NAN        NAN
9.98000E-01        NAN        NAN
9.99000E-01        NAN        NAN
1.00000E+00        NAN        NAN
1.00100E+00        NAN        NAN
