0.000000 1.104240 0.985010 -2.079754
0.010000 1.104241 0.985005 421.948315
0.020000 1.104243 0.985001 421.947871
0.030000 1.104246 0.984993 421.947428
0.040000 1.104250 0.984982 421.946983
0.050000 1.104255 0.984968 421.946534
0.060000 1.104261 0.984951 421.946082
0.070000 1.104269 0.984930 421.945626
0.080000 1.104278 0.984906 421.945166
0.090000 1.104288 0.984879 421.944700
0.100000 1.104299 0.984849 421.944228
0.110000 1.104311 0.984815 421.943750
0.120000 1.104325 0.984778 421.943265
0.130000 1.104340 0.984738 421.942771
0.140000 1.104356 0.984694 421.942270
0.150000 1.104374 0.984646 421.941759
0.160000 1.104393 0.984595 421.941238
0.170000 1.104414 0.984540 421.940707
0.180000 1.104435 0.984481 421.940163
0.190000 1.104459 0.984418 421.939608
0.200000 1.104483 0.984351 421.939039
0.210000 1.104510 0.984280 421.938455
0.220000 1.104538 0.984205 421.937857
0.230000 1.104567 0.984126 421.937241
0.240000 1.104598 0.984042 421.936609
0.250000 1.104631 0.983953 421.935958
0.260000 1.104665 0.983860 421.935288
0.270000 1.104702 0.983762 421.934596
0.280000 1.104740 0.983659 421.933883
0.290000 1.104780 0.983551 421.933145
0.300000 1.104822 0.983438 421.932382
0.310000 1.104867 0.983319 421.931592
0.320000 1.104913 0.983194 421.930774
0.330000 1.104961 0.983063 421.929925
0.340000 1.105012 0.982926 421.929045
0.350000 1.105066 0.982783 421.928130
0.360000 1.105121 0.982633 421.927178
0.370000 1.105180 0.982476 421.926188
0.380000 1.105241 0.982312 421.925156
0.390000 1.105305 0.982141 421.924081
0.400000 1.105371 0.981961 421.922959
0.410000 1.105441 0.981774 421.921786
0.420000 1.105514 0.981578 421.920561
0.430000 1.105591 0.981372 421.919280
0.440000 1.105670 0.981158 421.917938
0.450000 1.105754 0.980934 421.916532
0.460000 1.105841 0.980699 421.915057
0.470000 1.105933 0.980454 421.913508
0.480000 1.106029 0.980197 421.911881
0.490000 1.106129 0.979929 421.910171
0.500000 1.106234 0.979648 421.908370
0.510000 1.106344 0.979354 421.906474
0.520000 1.106459 0.979046 421.904474
0.530000 1.106579 0.978723 421.902364
0.540000 1.106706 0.978385 421.900135
0.550000 1.106838 0.978031 421.897779
0.560000 1.106978 0.977660 421.895286
0.570000 1.107124 0.977270 421.892646
0.580000 1.107277 0.976862 421.889847
0.590000 1.107438 0.976433 421.886878
0.600000 1.107608 0.975982 421.883724
0.610000 1.107786 0.975509 421.880371
0.620000 1.107973 0.975011 421.876802
0.630000 1.108171 0.974488 421.873001
0.640000 1.108379 0.973937 421.868948
0.650000 1.108598 0.973358 421.864620
0.660000 1.108830 0.972747 421.859996
0.670000 1.109075 0.972103 421.855048
0.680000 1.109333 0.971424 421.849748
0.690000 1.109606 0.970709 421.844064
0.700000 1.109895 0.969952 421.837962
0.710000 1.110202 0.969154 421.831401
0.720000 1.110527 0.968310 421.824340
0.730000 1.110872 0.967417 421.816730
0.740000 1.111238 0.966473 421.808518
0.750000 1.111628 0.965474 421.799646
0.760000 1.112043 0.964416 421.790051
0.770000 1.112485 0.963296 421.779662
0.780000 1.112957 0.962110 421.768405
0.790000 1.113460 0.960854 421.756200
0.800000 1.113999 0.959526 421.742964
0.810000 1.114575 0.958123 421.728619
0.820000 1.115191 0.956644 421.713094
0.830000 1.115852 0.955089 421.696342
0.840000 1.116559 0.953464 421.678362
0.850000 1.117317 0.951776 421.659235
0.860000 1.118127 0.950044 421.639192
0.870000 1.118990 0.948301 421.618719
0.880000 1.119904 0.946598 421.598736
0.890000 1.120864 0.945022 421.580902
0.900000 1.121855 0.943713 421.568101
0.910000 1.122850 0.942897 421.565225
0.920000 1.123798 0.942930 421.580326
0.930000 1.124617 0.944363 421.626058
0.940000 1.125173 0.948008 421.720622
0.950000 1.125279 0.954961 421.885348
0.960000 1.124726 0.966383 422.131516
0.970000 1.123414 0.982721 422.424162
0.980000 1.121632 1.002025 422.624409
0.990000 1.120297 1.018313 422.485433
1.000000 1.120648 1.023387 421.853851
1.010000 1.123239 1.013582 420.973344
1.020000 1.127355 0.993810 420.353759
1.030000 1.131709 0.972649 420.243482
1.040000 1.135399 0.955969 420.496458
1.050000 1.138124 0.945769 420.870968
1.060000 1.139921 0.941970 421.232274
1.070000 1.140898 0.943961 421.549225
1.080000 1.141145 0.951157 421.830997
1.090000 1.140752 0.962873 422.079931
1.100000 1.139892 0.977838 422.266449
1.110000 1.138904 0.993718 422.327600
1.120000 1.138269 1.007244 422.203233
1.130000 1.138424 1.015445 421.903360
1.140000 1.139500 1.017352 421.541948
1.150000 1.141232 1.014626 421.276215
1.160000 1.143105 1.010535 421.207572
1.170000 1.144581 1.008476 421.348792
1.180000 1.145236 1.011064 421.656542
1.190000 1.144841 1.019652 422.058551
1.200000 1.143459 1.033750 422.447188
1.210000 1.141544 1.050347 422.671083
1.220000 1.139923 1.064031 422.581017
1.230000 1.139464 1.069045 422.145750
1.240000 1.140578 1.062635 421.534003
1.250000 1.142981 1.046682 421.020676
1.260000 1.145979 1.025811 420.778466
1.270000 1.148950 1.004170 420.784854
1.280000 1.151592 0.983866 420.913287
1.290000 1.153858 0.965447 421.061691
1.300000 1.155777 0.948966 421.196848
1.310000 1.157363 0.934555 421.325591
1.320000 1.158612 0.922415 421.456425
1.330000 1.159529 0.912639 421.585780
1.340000 1.160144 0.905122 421.703537
1.350000 1.160510 0.899606 421.801450
1.360000 1.160685 0.895765 421.876627
1.370000 1.160723 0.893278 421.930745
1.380000 1.160666 0.891873 421.967838
1.390000 1.160548 0.891331 421.992416
1.400000 1.160389 0.891485 422.008372
1.410000 1.160204 0.892206 422.018545
1.420000 1.160004 0.893385 422.024679
1.430000 1.159798 0.894926 422.027588
1.440000 1.159592 0.896730 422.027393
1.450000 1.159396 0.898694 422.023804
1.460000 1.159221 0.900710 422.016394
1.470000 1.159076 0.902667 422.004872
1.480000 1.158972 0.904462 421.989314
1.490000 1.158917 0.906006 421.970345
1.500000 1.158918 0.907236 421.949217
1.510000 1.158974 0.908127 421.927734
1.520000 1.159081 0.908692 421.907965
1.530000 1.159229 0.908978 421.891749
1.540000 1.159406 0.909051 421.880063
1.550000 1.159603 0.908973 421.872482
1.560000 1.159814 0.908774 421.867015
1.570000 1.160042 0.908437 421.860549
1.580000 1.160299 0.907899 421.849882
1.590000 1.160601 0.907072 421.833033
1.600000 1.160963 0.905875 421.810229
1.610000 1.161393 0.904281 421.784035
1.620000 1.161889 0.902330 421.758496
1.630000 1.162437 0.900135 421.737766
1.640000 1.163017 0.897859 421.724957
1.650000 1.163604 0.895695 421.721718
1.660000 1.164171 0.893838 421.728482
1.670000 1.164694 0.892474 421.744894
1.680000 1.165150 0.891766 421.769949
1.690000 1.165522 0.891830 421.801635
1.700000 1.165805 0.892714 421.836284
1.710000 1.166005 0.894362 421.868161
1.720000 1.166151 0.896595 421.890090
1.730000 1.166284 0.899136 421.895764
1.740000 1.166450 0.901683 421.883468
1.750000 1.166678 0.904036 421.859213
1.760000 1.166963 0.906197 421.835951
1.770000 1.167266 0.908371 421.826951
1.780000 1.167545 0.910796 421.835681
1.790000 1.167792 0.913488 421.848753
1.800000 1.168072 0.916042 421.839114
1.810000 1.168508 0.917698 421.782172
1.820000 1.169220 0.917736 421.677316
1.830000 1.170240 0.915981 421.556641
1.840000 1.171480 0.913009 421.467718
1.850000 1.172775 0.909873 421.442554
1.860000 1.173967 0.907584 421.480379
1.870000 1.174964 0.906727 421.555196
1.880000 1.175758 0.907383 421.634768
1.890000 1.176403 0.909251 421.694474
1.900000 1.176985 0.911823 421.721081
1.910000 1.177597 0.914544 421.711023
1.920000 1.178320 0.916962 421.669696
1.930000 1.179183 0.918908 421.613818
1.940000 1.180144 0.920694 421.572637
1.950000 1.181057 0.923218 421.583506
1.960000 1.181680 0.927943 421.684788
1.970000 1.181672 0.936843 421.913363
1.980000 1.180599 0.952320 422.304740
1.990000 1.178003 0.976830 422.874681
2.000000 1.173674 1.011350 423.544165
2.010000 1.168301 1.051600 423.993114
2.020000 1.164107 1.083716 423.619733
2.030000 1.163978 1.088929 422.082769
2.040000 1.168687 1.062177 420.155763
2.050000 1.175877 1.019266 419.128088
2.060000 1.182563 0.979234 419.297104
2.070000 1.187254 0.951141 420.071145
2.080000 1.189813 0.935955 420.906460
2.090000 1.190606 0.931728 421.597305
2.100000 1.190044 0.936183 422.127222
2.110000 1.188491 0.947149 422.516316
2.120000 1.186338 0.962165 422.756840
2.130000 1.184038 0.978284 422.822511
2.140000 1.181993 0.992753 422.726627
2.150000 1.180384 1.004178 422.555406
2.160000 1.179194 1.012461 422.393515
2.170000 1.178521 1.016952 422.205538
2.180000 1.178759 1.015239 421.867035
2.190000 1.180255 1.005282 421.378499
2.200000 1.182739 0.988966 420.975176
2.210000 1.185321 0.972019 420.914319
2.220000 1.187054 0.960298 421.228582
2.230000 1.187430 0.956887 421.751840
2.240000 1.186489 0.961556 422.270358
2.250000 1.184712 0.971387 422.608985
2.260000 1.182788 0.982103 422.679236
2.270000 1.181259 0.990172 422.528804
2.280000 1.180274 0.994444 422.313423
2.290000 1.179720 0.995441 422.147035
2.300000 1.179639 0.992823 421.976964
2.310000 1.180407 0.984256 421.663031
2.320000 1.182351 0.967821 421.207670
2.330000 1.185242 0.945184 420.826341
2.340000 1.188380 0.920956 420.717426
2.350000 1.191116 0.899314 420.868829
2.360000 1.193168 0.882148 421.135836
2.370000 1.194565 0.869495 421.394077
2.380000 1.195462 0.860623 421.591761
2.390000 1.196014 0.854750 421.727867
2.400000 1.196326 0.851325 421.821262
2.410000 1.196452 0.850070 421.893376
2.420000 1.196397 0.850932 421.961876
2.430000 1.196138 0.853995 422.038629
2.440000 1.195645 0.859363 422.127327
2.450000 1.194915 0.866961 422.219045
2.460000 1.194013 0.876289 422.287975
2.470000 1.193107 0.886250 422.295213
2.480000 1.192435 0.895314 422.210137
2.490000 1.192197 0.902187 422.044059
2.500000 1.192414 0.906647 421.863372
2.510000 1.192894 0.909784 421.753734
2.520000 1.193334 0.913369 421.762528
2.530000 1.193466 0.918926 421.876811
2.540000 1.193152 0.927208 422.047930
2.550000 1.192377 0.938197 422.226594
2.560000 1.191210 0.951327 422.379219
2.570000 1.189782 0.965632 422.483230
2.580000 1.188292 0.979709 422.513236
2.590000 1.187028 0.991614 422.435106
2.600000 1.186336 0.999050 422.222907
2.610000 1.186514 1.000081 421.892058
2.620000 1.187674 0.993999 421.511993
2.630000 1.189698 0.981631 421.173898
2.640000 1.192302 0.964881 420.943254
2.650000 1.195160 0.945980 420.839942
2.660000 1.197989 0.926896 420.847534
2.670000 1.200599 0.909041 420.930932
2.680000 1.202896 0.893217 421.051703
2.690000 1.204865 0.879739 421.179326
2.700000 1.206533 0.868646 421.297043
2.710000 1.207930 0.859898 421.401745
2.720000 1.209072 0.853515 421.499504
2.730000 1.209953 0.849617 421.599733
2.740000 1.210541 0.848405 421.710613
2.750000 1.210798 0.850108 421.836818
2.760000 1.210681 0.854919 421.979066
2.770000 1.210158 0.862940 422.134457
2.780000 1.209209 0.874138 422.297099
2.790000 1.207837 0.888316 422.459328
2.800000 1.206062 0.905119 422.613894
2.810000 1.203917 0.924055 422.755416
2.820000 1.201465 0.944434 422.874639
2.830000 1.198868 0.964989 422.937594
2.840000 1.196508 0.983171 422.861229
2.850000 1.195016 0.994973 422.543485
2.860000 1.194951 0.996825 421.994648
2.870000 1.196290 0.988862 421.435441
2.880000 1.198318 0.975580 421.146311
2.890000 1.200130 0.962627 421.216252
2.900000 1.201148 0.953586 421.520265
2.910000 1.201264 0.949244 421.874777
2.920000 1.200704 0.948375 422.145579
2.930000 1.199861 0.948743 422.266095
2.940000 1.199140 0.947976 422.227774
2.950000 1.198833 0.944345 422.071612
2.960000 1.199040 0.937296 421.871943
2.970000 1.199666 0.927471 421.705869
2.980000 1.200496 0.916263 421.622304
2.990000 1.201294 0.905184 421.630185
3.000000 1.201884 0.895419 421.708795
3.010000 1.202167 0.887654 421.826540
3.020000 1.202120 0.882119 421.954524
3.030000 1.201775 0.878687 422.071144
3.040000 1.201203 0.876971 422.161028
3.050000 1.200504 0.876387 422.212966
3.060000 1.199796 0.876239 422.219943
3.070000 1.199192 0.875834 422.182037
3.080000 1.198778 0.874666 422.110146
3.090000 1.198579 0.872584 422.026236
3.100000 1.198553 0.869864 421.957238
3.110000 1.198603 0.867117 421.925057
3.120000 1.198609 0.865090 421.939208
3.130000 1.198461 0.864462 421.996232
3.140000 1.198081 0.865710 422.084291
3.150000 1.197430 0.869060 422.188469
3.160000 1.196506 0.874479 422.293899
3.170000 1.195345 0.881692 422.386702
3.180000 1.194014 0.890201 422.454252
3.190000 1.192607 0.899325 422.486123
3.200000 1.191233 0.908273 422.476040
3.210000 1.190001 0.916254 422.423829
3.220000 1.189003 0.922588 422.335790
3.230000 1.188301 0.926784 422.222622
3.240000 1.187931 0.928564 422.095837
3.250000 1.187901 0.927839 421.964965
3.260000 1.188202 0.924682 421.837270
3.270000 1.188808 0.919320 421.719506
3.280000 1.189669 0.912146 421.619519
3.290000 1.190716 0.903719 421.546050
3.300000 1.191857 0.894742 421.506994
3.310000 1.192989 0.886002 421.507776
3.320000 1.194000 0.878315 421.551042
3.330000 1.194778 0.872481 421.637392
3.340000 1.195214 0.869234 421.765469
3.350000 1.195219 0.869157 421.929097
3.360000 1.194754 0.872484 422.109895
3.370000 1.193889 0.878782 422.267860
3.380000 1.192852 0.886667 422.342085
3.390000 1.191991 0.894015 422.281697
3.400000 1.191585 0.899076 422.105465
3.410000 1.191601 0.901950 421.930951
3.420000 1.191625 0.905001 421.910072
3.430000 1.191080 0.911527 422.115445
3.440000 1.189599 0.923574 422.476405
3.450000 1.187387 0.939842 422.779644
3.460000 1.185374 0.954659 422.736568
3.470000 1.184807 0.960328 422.198987
3.480000 1.186268 0.953198 421.403755
3.490000 1.189188 0.936910 420.814969
3.500000 1.192462 0.918355 420.662675
3.510000 1.195283 0.902471 420.834023
3.520000 1.197372 0.891058 421.120213
3.530000 1.198780 0.883982 421.388308
3.540000 1.199682 0.880362 421.588859
3.550000 1.200263 0.879200 421.716735
3.560000 1.200666 0.879680 421.786830
3.570000 1.200970 0.881350 421.825030
3.580000 1.201171 0.884199 421.862207
3.590000 1.201200 0.888580 421.924874
3.600000 1.200967 0.894953 422.023044
3.610000 1.200432 0.903474 422.139833
3.620000 1.199677 0.913578 422.229836
3.630000 1.198926 0.923838 422.235594
3.640000 1.198476 0.932401 422.125456
3.650000 1.198530 0.937974 421.930864
3.660000 1.199062 0.940673 421.740196
3.670000 1.199827 0.941956 421.641740
3.680000 1.200497 0.943776 421.670953
3.690000 1.200797 0.947753 421.808432
3.700000 1.200566 0.954820 422.011175
3.710000 1.199742 0.965240 422.238145
3.720000 1.198354 0.978721 422.456619
3.730000 1.196507 0.994426 422.636407
3.740000 1.194407 1.010878 422.740475
3.750000 1.192395 1.025772 422.718064
3.760000 1.190954 1.035949 422.512181
3.770000 1.190609 1.038041 422.100025
3.780000 1.191676 1.030076 421.554733
3.790000 1.194022 1.013012 421.049529
3.800000 1.197100 0.990465 420.752142
3.810000 1.200259 0.966706 420.711108
3.820000 1.203029 0.944862 420.857952
3.830000 1.205198 0.926468 421.090205
3.840000 1.206743 0.911918 421.333482
3.850000 1.207728 0.901035 421.551947
3.860000 1.208250 0.893402 421.733277
3.870000 1.208415 0.888494 421.873965
3.880000 1.208328 0.885737 421.973363
3.890000 1.208089 0.884572 422.034309
3.900000 1.207771 0.884556 422.065490
3.910000 1.207409 0.885462 422.081787
3.920000 1.206994 0.887320 422.101192
3.930000 1.206473 0.890379 422.139443
3.940000 1.205776 0.894994 422.204949
3.950000 1.204837 0.901459 422.296103
3.960000 1.203625 0.909864 422.401385
3.970000 1.202155 0.919967 422.501329
3.980000 1.200511 0.931123 422.571342
3.990000 1.198842 0.942274 422.585582
4.000000 1.197348 0.952052 422.523464
4.010000 1.196240 0.959037 422.379428
4.020000 1.195675 0.962151 422.171640
4.030000 1.195706 0.961025 421.940994
4.040000 1.196257 0.956117 421.736986
4.050000 1.197154 0.948541 421.598903
4.060000 1.198181 0.939697 421.544363
4.070000 1.199135 0.930920 421.568900
4.080000 1.199869 0.923215 421.652115
4.090000 1.200309 0.917134 421.765442
4.100000 1.200457 0.912758 421.879581
4.110000 1.200374 0.909801 421.971287
4.120000 1.200148 0.907786 422.028567
4.130000 1.199864 0.906241 422.052395
4.140000 1.199579 0.904862 422.053776
4.150000 1.199308 0.903572 422.047812
4.160000 1.199032 0.902505 422.048429
4.170000 1.198707 0.901950 422.066112
4.180000 1.198268 0.902295 422.107819
4.190000 1.197644 0.903959 422.176644
4.200000 1.196775 0.907291 422.270057
4.210000 1.195625 0.912440 422.377470
4.220000 1.194216 0.919207 422.478816
4.230000 1.192645 0.926925 422.545572
4.240000 1.191089 0.934408 422.545293
4.250000 1.189797 0.940068 422.450818
4.260000 1.189029 0.942256 422.254626
4.270000 1.188969 0.939824 421.983401
4.280000 1.189639 0.932677 421.698759
4.290000 1.190878 0.921902 421.473276
4.300000 1.192405 0.909339 421.355218
4.310000 1.193930 0.896908 421.350819
4.320000 1.195231 0.886100 421.434073
4.330000 1.196182 0.877816 421.567881
4.340000 1.196742 0.872421 421.719025
4.350000 1.196931 0.869870 421.863159
4.360000 1.196809 0.869840 421.984496
4.370000 1.196458 0.871833 422.074348
4.380000 1.195970 0.875263 422.129126
4.390000 1.195441 0.879490 422.147005
4.400000 1.194974 0.883821 422.125302
4.410000 1.194672 0.887575 422.063970
4.420000 1.194597 0.890298 421.976071
4.430000 1.194727 0.892055 421.893726
4.440000 1.194942 0.893515 421.856186
4.450000 1.195067 0.895675 421.886442
4.460000 1.194942 0.899430 421.979407
4.470000 1.194469 0.905293 422.111477
4.480000 1.193616 0.913366 422.257047
4.490000 1.192410 0.923369 422.393268
4.500000 1.190962 0.934514 422.489942
4.510000 1.189513 0.945245 422.498365
4.520000 1.188460 0.953094 422.357665
4.530000 1.188282 0.955140 422.030367
4.540000 1.189318 0.949383 421.562536
4.550000 1.191481 0.936501 421.114775
4.560000 1.194200 0.920189 420.882079
4.570000 1.196702 0.905305 420.951342
4.580000 1.198384 0.895588 421.261305
4.590000 1.198973 0.892730 421.682762
4.600000 1.198515 0.896528 422.093480
4.610000 1.197314 0.905185 422.391748
4.620000 1.195885 0.915608 422.494550
4.630000 1.194800 0.924277 422.372402
4.640000 1.194428 0.928853 422.098173
4.650000 1.194753 0.929340 421.822065
4.660000 1.195469 0.927535 421.663276
4.670000 1.196233 0.925483 421.640308
4.680000 1.196820 0.924530 421.706428
4.690000 1.197118 0.925365 421.816697
4.700000 1.197060 0.928379 421.951824
4.710000 1.196612 0.933755 422.101650
4.720000 1.195804 0.941262 422.243052
4.730000 1.194777 0.949971 422.333531
4.740000 1.193795 0.958210 422.324478
4.750000 1.193182 0.963948 422.189513
4.760000 1.193191 0.965607 421.952349
4.770000 1.193878 0.962845 421.687367
4.780000 1.195081 0.956716 421.481733
4.790000 1.196507 0.949101 421.388884
4.800000 1.197856 0.941933 421.413061
4.810000 1.198899 0.936715 421.526961
4.820000 1.199494 0.934417 421.697053
4.830000 1.199555 0.935618 421.899561
4.840000 1.199024 0.940686 422.124603
4.850000 1.197854 0.949845 422.368083
4.860000 1.196057 0.962915 422.610479
4.870000 1.193807 0.978712 422.792236
4.880000 1.191522 0.994554 422.818786
4.890000 1.189754 1.006866 422.629451
4.900000 1.188888 1.013062 422.281733
4.910000 1.188958 1.012800 421.916924
4.920000 1.189803 1.007015 421.617465
4.930000 1.191310 0.996408 421.364045
4.940000 1.193400 0.981546 421.137372
4.950000 1.195883 0.963778 420.980076
4.960000 1.198440 0.945278 420.945512
4.970000 1.200742 0.928247 421.039954
4.980000 1.202555 0.914277 421.226776
4.990000 1.203767 0.904205 421.458865
5.000000 1.204362 0.898250 421.698287
5.010000 1.204392 0.896170 421.918473
5.020000 1.203960 0.897368 422.100048
5.030000 1.203203 0.900978 422.228790
5.040000 1.202276 0.905992 422.298038
5.050000 1.201317 0.911454 422.312703
5.060000 1.200422 0.916655 422.289116
5.070000 1.199636 0.921185 422.246942
5.080000 1.198982 0.924810 422.196991
5.090000 1.198492 0.927264 422.135428
5.100000 1.198224 0.928171 422.051882
5.110000 1.198230 0.927213 421.946421
5.120000 1.198510 0.924435 421.839273
5.130000 1.198983 0.920389 421.761713
5.140000 1.199512 0.915966 421.736253
5.150000 1.199956 0.912097 421.766070
5.160000 1.200197 0.909544 421.841444
5.170000 1.200146 0.908885 421.951444
5.180000 1.199744 0.910487 422.085326
5.190000 1.198996 0.914317 422.219921
5.200000 1.198042 0.919551 422.305982
5.210000 1.197180 0.924414 422.279755
5.220000 1.196753 0.926838 422.116283
5.230000 1.196910 0.925939 421.885801
5.240000 1.197431 0.923044 421.731443
5.250000 1.197818 0.921144 421.768084
5.260000 1.197537 0.923356 422.013795
5.270000 1.196230 0.931691 422.404011
5.280000 1.193879 0.946155 422.813902
5.290000 1.191011 0.963550 423.039055
5.300000 1.188757 0.976980 422.835247
5.310000 1.188269 0.979198 422.161720
5.320000 1.189735 0.968975 421.385244
5.330000 1.192241 0.952028 420.959566
5.340000 1.194759 0.934715 420.950360
5.350000 1.196895 0.919497 421.105876
5.360000 1.198774 0.905824 421.213024
5.370000 1.200571 0.892920 421.245591
5.380000 1.202251 0.881230 421.286113
5.390000 1.203615 0.872096 421.402674
5.400000 1.204467 0.866782 421.598253
5.410000 1.204716 0.865849 421.831178
5.420000 1.204407 0.869042 422.049557
5.430000 1.203699 0.875407 422.209018
5.440000 1.202821 0.883532 422.280182
5.450000 1.202007 0.891944 422.258689
5.460000 1.201405 0.899665 422.176000
5.470000 1.200997 0.906687 422.095237
5.480000 1.200605 0.913958 422.081113
5.490000 1.200002 0.922731 422.157269
5.500000 1.199075 0.933592 422.282892
5.510000 1.197933 0.945810 422.371939
5.520000 1.196870 0.957549 422.348892
5.530000 1.196195 0.966878 422.203256
5.540000 1.196043 0.972893 421.998865
5.550000 1.196305 0.976171 421.831971
5.560000 1.196698 0.978339 421.773556
5.570000 1.196927 0.981095 421.832839
5.580000 1.196844 0.985260 421.955604
5.590000 1.196543 0.990204 422.048444
5.600000 1.196353 0.993909 422.017949
5.610000 1.196697 0.993809 421.821337
5.620000 1.197861 0.988216 421.506325
5.630000 1.199806 0.977466 421.197026
5.640000 1.202178 0.963856 421.020630
5.650000 1.204486 0.950496 421.035129
5.660000 1.206317 0.939994 421.213721
5.670000 1.207462 0.933711 421.478054
5.680000 1.207931 0.931690 421.742527
5.690000 1.207876 0.933085 421.948611
5.700000 1.207478 0.936836 422.082976
5.710000 1.206846 0.942260 422.172668
5.720000 1.205982 0.949243 422.258692
5.730000 1.204824 0.958024 422.368523
5.740000 1.203301 0.968862 422.506718
5.750000 1.201386 0.981713 422.656814
5.760000 1.199164 0.995885 422.779317
5.770000 1.196865 1.009769 422.815794
5.780000 1.194827 1.021092 422.721835
5.790000 1.193336 1.027870 422.512643
5.800000 1.192500 1.029266 422.259397
5.810000 1.192317 1.025220 422.011239
5.820000 1.192901 1.015094 421.726338
5.830000 1.194531 0.997350 421.331295
5.840000 1.197315 0.971618 420.879182
5.850000 1.200846 0.940830 420.573721
5.860000 1.204351 0.910096 420.569203
5.870000 1.207182 0.883631 420.825486
5.880000 1.209080 0.863230 421.189300
5.890000 1.210110 0.848741 421.530634
5.900000 1.210485 0.839116 421.789790
5.910000 1.210438 0.833130 421.958447
5.920000 1.210161 0.829708 422.051005
5.930000 1.209798 0.828017 422.087190
5.940000 1.209445 0.827459 422.084910
5.950000 1.209164 0.827632 422.058378
5.960000 1.208989 0.828288 422.018265
5.970000 1.208933 0.829302 421.972422
5.980000 1.208995 0.830643 421.926661
5.990000 1.209163 0.832355 421.885423
