0.000000 1.993460 -3.204471 -2466.467863
0.010000 1.985389 -3.163231 -1796.120260
0.020000 1.957263 -3.033319 -1781.851072
0.030000 1.896422 -2.790824 -1758.786635
0.040000 1.781608 -2.378212 -1720.012403
0.050000 1.599671 -1.693971 -1668.964618
0.060000 1.382704 -0.687944 -1639.609180
0.070000 1.198814 0.467880 -1662.142542
0.080000 1.093386 1.377313 -1721.321330
0.090000 1.063510 1.787010 -1779.035304
0.100000 1.083705 1.761618 -1817.715116
0.110000 1.124784 1.536876 -1834.420086
0.120000 1.162225 1.321634 -1831.939966
0.130000 1.184925 1.194519 -1820.899203
0.140000 1.189982 1.174281 -1807.656216
0.150000 1.179094 1.256783 -1795.203459
0.160000 1.162066 1.383992 -1790.058405
0.170000 1.148985 1.488089 -1793.106636
0.180000 1.139877 1.567369 -1796.373931
0.190000 1.130734 1.648901 -1796.184929
0.200000 1.123669 1.714057 -1797.419115
0.210000 1.124155 1.721037 -1803.014127
0.220000 1.132519 1.665386 -1809.373672
0.230000 1.140796 1.606620 -1809.688680
0.240000 1.142555 1.592995 -1804.503394
0.250000 1.141553 1.597958 -1802.058277
0.260000 1.144195 1.578853 -1804.750352
0.270000 1.151409 1.531451 -1808.441091
0.280000 1.158456 1.488710 -1808.665794
0.290000 1.159930 1.488308 -1804.399152
0.300000 1.157745 1.517305 -1801.180010
0.310000 1.158101 1.529065 -1803.251127
0.320000 1.158460 1.541193 -1803.674391
0.330000 1.151825 1.602226 -1798.306884
0.340000 1.139344 1.703289 -1793.485599
0.350000 1.127448 1.796378 -1793.930860
0.360000 1.117711 1.871047 -1795.680857
0.370000 1.109593 1.932254 -1796.763932
0.380000 1.105558 1.959639 -1799.722023
0.390000 1.107054 1.940633 -1804.082226
0.400000 1.110740 1.902465 -1805.930576
0.410000 1.112865 1.874570 -1804.715449
0.420000 1.113505 1.856449 -1803.464855
0.430000 1.115244 1.830849 -1804.093326
0.440000 1.121334 1.774912 -1807.328046
0.450000 1.131555 1.690664 -1810.762737
0.460000 1.140424 1.619252 -1810.009798
0.470000 1.143242 1.592072 -1805.465996
0.480000 1.140258 1.606502 -1800.848730
0.490000 1.136357 1.629197 -1799.853451
0.500000 1.136667 1.625030 -1803.002621
0.510000 1.141815 1.592537 -1806.804355
0.520000 1.147122 1.562705 -1807.397742
0.530000 1.145141 1.588118 -1801.883530
0.540000 1.136746 1.661863 -1796.532631
0.550000 1.130877 1.718865 -1798.273777
0.560000 1.130622 1.735786 -1802.891046
0.570000 1.129058 1.761809 -1802.334011
0.580000 1.119269 1.846708 -1795.992615
0.590000 1.105050 1.963760 -1792.050014
0.600000 1.096158 2.034257 -1796.142644
0.610000 1.093176 2.054486 -1800.862910
0.620000 1.092616 2.055031 -1802.515118
0.630000 1.094964 2.030825 -1804.759166
0.640000 1.098079 2.001569 -1805.543255
0.650000 1.097097 2.006257 -1802.543676
0.660000 1.089660 2.063008 -1797.605174
0.670000 1.077240 2.160893 -1793.737970
0.680000 1.063661 2.271017 -1792.639601
0.690000 1.054762 2.344318 -1795.951581
0.700000 1.055026 2.339298 -1802.952124
0.710000 1.063524 2.265119 -1809.327579
0.720000 1.076609 2.155180 -1812.934595
0.730000 1.089918 2.046258 -1813.384289
0.740000 1.098300 1.980272 -1809.723079
0.750000 1.100651 1.964671 -1804.941068
0.760000 1.101253 1.965802 -1803.343254
0.770000 1.104354 1.948507 -1805.327499
0.780000 1.108851 1.921217 -1806.539703
0.790000 1.111930 1.904228 -1805.467020
0.800000 1.112627 1.902340 -1803.742524
0.810000 1.109749 1.924932 -1801.136844
0.820000 1.102189 1.981075 -1797.626388
0.830000 1.090760 2.065711 -1794.587225
0.840000 1.079037 2.152085 -1794.141908
0.850000 1.072923 2.194549 -1797.997693
0.860000 1.078031 2.145339 -1806.554629
0.870000 1.090962 2.033883 -1813.003536
0.880000 1.100875 1.948382 -1810.989702
0.890000 1.101518 1.933174 -1803.889524
0.900000 1.095846 1.966648 -1798.577364
0.910000 1.094539 1.968690 -1801.406506
0.920000 1.104509 1.884383 -1810.363843
0.930000 1.118644 1.773790 -1813.985878
0.940000 1.128446 1.702221 -1810.528610
0.950000 1.134202 1.661620 -1807.477633
0.960000 1.135727 1.653553 -1804.393428
0.970000 1.131954 1.686984 -1800.169476
0.980000 1.126398 1.735146 -1798.612777
0.990000 1.123189 1.768104 -1800.319232
1.000000 1.123190 1.777869 -1802.922453
1.010000 1.123098 1.786551 -1803.137325
1.020000 1.118773 1.823629 -1799.941581
1.030000 1.112379 1.874655 -1797.811336
1.040000 1.114978 1.857727 -1804.035211
1.050000 1.133460 1.719812 -1816.645916
1.060000 1.155974 1.557989 -1820.428957
1.070000 1.167249 1.478566 -1811.983860
1.080000 1.165001 1.491414 -1801.474103
1.090000 1.155476 1.554803 -1795.725773
1.100000 1.144461 1.629957 -1794.652532
1.110000 1.132747 1.712252 -1794.258128
1.120000 1.119189 1.809855 -1792.898610
1.130000 1.104485 1.917037 -1791.908238
1.140000 1.092704 2.003196 -1793.838883
1.150000 1.088130 2.030622 -1799.397451
1.160000 1.089768 2.010701 -1804.027835
1.170000 1.096346 1.954034 -1807.719794
1.180000 1.106078 1.876241 -1810.303913
1.190000 1.113798 1.817869 -1809.039303
1.200000 1.114833 1.813356 -1803.954618
1.210000 1.110236 1.853481 -1799.483328
1.220000 1.104379 1.904382 -1798.502709
1.230000 1.099579 1.949325 -1799.307521
1.240000 1.095868 1.986039 -1800.344475
1.250000 1.090539 2.035408 -1799.289695
1.260000 1.081542 2.113408 -1796.517810
1.270000 1.071037 2.205549 -1794.920809
1.280000 1.067921 2.239965 -1800.006004
1.290000 1.078413 2.162447 -1810.704767
1.300000 1.094524 2.043989 -1815.480410
1.310000 1.104453 1.976234 -1811.047333
1.320000 1.103486 1.992996 -1802.581199
1.330000 1.096407 2.058161 -1797.506345
1.340000 1.091779 2.106200 -1799.143848
1.350000 1.093735 2.104848 -1804.186450
1.360000 1.100081 2.070039 -1807.806315
1.370000 1.104218 2.050671 -1806.528353
1.380000 1.099299 2.096792 -1799.812457
1.390000 1.084874 2.213740 -1792.219044
1.400000 1.069864 2.333593 -1791.200389
1.410000 1.065166 2.367319 -1798.785806
1.420000 1.073731 2.291824 -1809.114745
1.430000 1.087737 2.174800 -1813.910121
1.440000 1.094072 2.122104 -1808.503265
1.450000 1.087173 2.176285 -1798.072038
1.460000 1.075617 2.268178 -1793.961182
1.470000 1.070902 2.302596 -1798.945728
1.480000 1.076657 2.248847 -1806.947030
1.490000 1.089976 2.133026 -1812.801104
1.500000 1.106456 1.994243 -1815.257013
1.510000 1.122714 1.860084 -1815.216805
1.520000 1.135644 1.754198 -1812.793990
1.530000 1.143741 1.686870 -1809.109254
1.540000 1.147030 1.655182 -1805.695557
1.550000 1.142308 1.680894 -1800.030128
1.560000 1.125855 1.794038 -1791.003489
1.570000 1.104184 1.952931 -1786.248941
1.580000 1.092824 2.037738 -1793.646744
1.590000 1.098306 1.992199 -1806.824383
1.600000 1.112036 1.886764 -1813.466780
1.610000 1.124008 1.797304 -1812.252379
1.620000 1.129999 1.751309 -1807.803169
1.630000 1.128918 1.755616 -1802.482581
1.640000 1.122216 1.801525 -1798.067751
1.650000 1.113685 1.861027 -1796.736061
1.660000 1.103993 1.929830 -1796.035045
1.670000 1.093326 2.010310 -1794.918196
1.680000 1.088035 2.049947 -1798.815294
1.690000 1.090564 2.028349 -1805.026687
1.700000 1.095357 1.992175 -1806.869701
1.710000 1.098065 1.974623 -1805.312812
1.720000 1.097035 1.986518 -1802.588334
1.730000 1.093145 2.025385 -1799.971801
1.740000 1.094303 2.025379 -1803.633347
1.750000 1.102431 1.968047 -1809.368293
1.760000 1.109873 1.913998 -1808.874706
1.770000 1.115025 1.872130 -1806.812058
1.780000 1.123204 1.803595 -1808.796351
1.790000 1.138181 1.684176 -1814.070681
1.800000 1.155217 1.553414 -1816.130289
1.810000 1.163428 1.488280 -1809.853811
1.820000 1.155492 1.536808 -1797.567559
1.830000 1.134411 1.681732 -1787.157782
1.840000 1.110294 1.855189 -1784.565747
1.850000 1.090495 2.001884 -1787.835059
1.860000 1.076881 2.103931 -1792.446614
1.870000 1.071017 2.144758 -1798.140311
1.880000 1.074029 2.111344 -1805.102270
1.890000 1.080786 2.047438 -1808.290347
1.900000 1.084851 2.007131 -1806.188712
1.910000 1.086180 1.989599 -1803.937705
1.920000 1.087542 1.973671 -1803.902179
1.930000 1.089643 1.953356 -1804.541151
1.940000 1.091431 1.937140 -1804.257489
1.950000 1.093502 1.919204 -1804.358758
1.960000 1.097570 1.886078 -1805.815290
1.970000 1.103918 1.836198 -1807.572264
1.980000 1.111439 1.779035 -1808.445644
1.990000 1.119565 1.719390 -1808.870733
2.000000 1.127606 1.662406 -1808.962640
2.010000 1.132068 1.632949 -1806.510344
2.020000 1.129077 1.659094 -1800.877315
2.030000 1.119313 1.735341 -1795.664761
2.040000 1.106628 1.835662 -1793.302810
2.050000 1.096240 1.922095 -1794.838068
2.060000 1.092587 1.958604 -1799.946111
2.070000 1.095608 1.945792 -1805.112542
2.080000 1.101850 1.910716 -1807.716634
2.090000 1.106641 1.888598 -1806.834380
2.100000 1.105750 1.911040 -1802.635858
2.110000 1.098091 1.986149 -1797.434427
2.120000 1.086677 2.090894 -1794.373368
2.130000 1.077269 2.180957 -1795.577035
2.140000 1.075942 2.205490 -1801.529565
2.150000 1.084434 2.148219 -1809.150800
2.160000 1.098354 2.047677 -1813.479943
2.170000 1.112011 1.949741 -1813.470916
2.180000 1.121079 1.887001 -1810.164194
2.190000 1.122502 1.880017 -1804.567007
2.200000 1.115280 1.937253 -1797.839891
2.210000 1.105416 2.015819 -1795.302053
2.220000 1.101612 2.044865 -1799.964758
2.230000 1.103715 2.027591 -1804.528312
2.240000 1.108382 1.988434 -1806.439545
2.250000 1.113832 1.939580 -1807.121437
2.260000 1.117116 1.904191 -1805.639880
2.270000 1.115814 1.903786 -1802.010562
2.280000 1.112333 1.921375 -1800.169596
2.290000 1.110129 1.932509 -1801.130679
2.300000 1.109980 1.933554 -1802.683971
2.310000 1.111604 1.926427 -1804.080937
2.320000 1.113871 1.918714 -1804.661825
2.330000 1.114854 1.923042 -1803.828595
2.340000 1.112334 1.954625 -1801.289030
2.350000 1.105876 2.017132 -1798.122521
2.360000 1.099772 2.077347 -1798.109626
2.370000 1.098425 2.097679 -1801.905309
2.380000 1.098761 2.101534 -1803.567098
2.390000 1.096168 2.128832 -1801.105522
2.400000 1.094988 2.144907 -1801.897395
2.410000 1.099174 2.117912 -1806.258603
2.420000 1.103485 2.089890 -1806.696754
2.430000 1.101513 2.107441 -1802.050889
2.440000 1.093137 2.171410 -1796.832287
2.450000 1.086151 2.220846 -1797.444853
2.460000 1.088503 2.191377 -1804.387447
2.470000 1.100890 2.079414 -1812.185754
2.480000 1.116906 1.937860 -1815.282732
2.490000 1.128293 1.828567 -1812.009245
2.500000 1.131739 1.775397 -1805.726617
2.510000 1.133629 1.732879 -1804.058860
2.520000 1.141571 1.646199 -1808.783047
2.530000 1.152952 1.540317 -1811.663848
2.540000 1.160155 1.468010 -1808.801618
2.550000 1.156861 1.472273 -1800.927935
2.560000 1.142096 1.561155 -1792.093165
2.570000 1.120190 1.709696 -1786.452102
2.580000 1.097484 1.875979 -1785.651109
2.590000 1.079744 2.015546 -1789.233674
2.600000 1.071298 2.088713 -1796.196606
2.610000 1.073211 2.080181 -1804.186448
2.620000 1.082366 2.013746 -1809.790596
2.630000 1.095301 1.917694 -1812.675538
2.640000 1.109806 1.809488 -1814.012252
2.650000 1.122737 1.714119 -1812.967656
2.660000 1.132233 1.646190 -1810.256671
2.670000 1.139721 1.593530 -1808.852906
2.680000 1.143032 1.570178 -1806.119732
2.690000 1.137572 1.612370 -1799.264293
2.700000 1.126814 1.692742 -1795.066882
2.710000 1.115500 1.778142 -1794.615795
2.720000 1.105972 1.853473 -1795.708093
2.730000 1.100974 1.893607 -1799.207199
2.740000 1.098719 1.912053 -1801.422483
2.750000 1.096025 1.933392 -1800.977686
2.760000 1.093941 1.949267 -1801.240527
2.770000 1.095576 1.936041 -1803.996094
2.780000 1.101950 1.886410 -1807.674695
2.790000 1.111489 1.812956 -1810.200168
2.800000 1.121599 1.734599 -1810.791023
2.810000 1.129630 1.671202 -1809.296561
2.820000 1.134299 1.632754 -1806.746503
2.830000 1.135298 1.621681 -1804.019828
2.840000 1.132333 1.642777 -1800.931890
2.850000 1.126672 1.686211 -1798.850730
2.860000 1.119817 1.741711 -1797.941574
2.870000 1.113017 1.799917 -1797.917875
2.880000 1.108726 1.843208 -1799.642412
2.890000 1.108385 1.856634 -1802.947126
2.900000 1.107418 1.877117 -1802.535701
2.910000 1.104992 1.912599 -1800.978039
2.920000 1.106746 1.916378 -1804.263410
2.930000 1.110455 1.906786 -1806.234480
2.940000 1.107989 1.945788 -1801.673910
2.950000 1.097359 2.046623 -1795.224079
2.960000 1.083556 2.170266 -1792.514247
2.970000 1.073237 2.264372 -1794.817309
2.980000 1.071884 2.280882 -1801.510590
2.990000 1.079711 2.217046 -1808.728467
3.000000 1.090287 2.127345 -1811.176245
3.010000 1.096019 2.073875 -1807.642400
3.020000 1.094231 2.077399 -1801.881776
3.030000 1.086477 2.126056 -1797.403181
3.040000 1.074666 2.208628 -1794.204641
3.050000 1.063947 2.286610 -1794.509621
3.060000 1.063796 2.280008 -1802.148999
3.070000 1.079021 2.150562 -1813.945434
3.080000 1.103859 1.952457 -1821.760665
3.090000 1.125605 1.786090 -1820.016771
3.100000 1.133091 1.727882 -1809.407770
3.110000 1.125335 1.780861 -1797.435990
3.120000 1.113931 1.863879 -1793.870448
3.130000 1.112866 1.870041 -1801.693676
3.140000 1.121907 1.803588 -1809.780093
3.150000 1.130405 1.744328 -1809.816190
3.160000 1.128524 1.761344 -1802.206927
3.170000 1.113336 1.876917 -1791.899131
3.180000 1.091876 2.042363 -1786.665674
3.190000 1.075993 2.166421 -1790.484929
3.200000 1.074444 2.174349 -1801.225318
3.210000 1.087192 2.063850 -1812.574269
3.220000 1.102326 1.931633 -1815.224000
3.230000 1.106451 1.883960 -1806.698090
3.240000 1.109009 1.856207 -1804.336971
3.250000 1.120497 1.754897 -1812.433244
3.260000 1.123172 1.730324 -1805.641729
3.270000 1.114155 1.790538 -1796.367618
3.280000 1.103207 1.865980 -1794.502401
3.290000 1.098809 1.893264 -1799.407981
3.300000 1.102523 1.862194 -1805.669268
3.310000 1.109909 1.805653 -1808.938826
3.320000 1.112663 1.787420 -1805.606508
3.330000 1.109294 1.819445 -1800.475219
3.340000 1.108208 1.834591 -1802.023250
3.350000 1.113675 1.801060 -1807.063503
3.360000 1.124376 1.731084 -1811.026234
3.370000 1.136078 1.652677 -1812.145992
3.380000 1.142227 1.616111 -1807.806576
3.390000 1.143016 1.615055 -1803.672280
3.400000 1.140188 1.636510 -1801.055383
3.410000 1.133267 1.684423 -1797.953302
3.420000 1.124168 1.746550 -1796.024116
3.430000 1.117774 1.785883 -1798.058352
3.440000 1.114260 1.801622 -1800.539112
3.450000 1.108550 1.834440 -1799.036558
3.460000 1.098258 1.903866 -1795.417160
3.470000 1.087416 1.982287 -1794.654139
3.480000 1.082806 2.016150 -1799.344751
3.490000 1.084879 2.001562 -1804.633742
3.500000 1.089606 1.972434 -1806.597585
3.510000 1.095043 1.939556 -1807.318038
3.520000 1.098443 1.925281 -1805.737253
3.530000 1.100040 1.925656 -1804.180389
3.540000 1.102832 1.917401 -1804.993236
3.550000 1.107146 1.896962 -1806.379445
3.560000 1.109219 1.895492 -1804.687774
3.570000 1.108412 1.917153 -1802.312593
3.580000 1.107539 1.939356 -1802.247769
3.590000 1.107395 1.956501 -1802.873691
3.600000 1.106480 1.977514 -1802.479000
3.610000 1.102523 2.018359 -1800.176742
3.620000 1.096383 2.070559 -1798.400800
3.630000 1.090617 2.112364 -1798.740627
3.640000 1.085840 2.141298 -1799.445186
3.650000 1.083318 2.149011 -1800.982409
3.660000 1.086050 2.115412 -1804.717683
3.670000 1.096648 2.023470 -1810.697377
3.680000 1.111933 1.901227 -1814.721608
3.690000 1.123135 1.819389 -1811.825854
3.700000 1.126462 1.803450 -1805.713315
3.710000 1.124475 1.831335 -1801.698450
3.720000 1.118581 1.892049 -1798.830127
3.730000 1.109039 1.982246 -1795.946392
3.740000 1.100071 2.068146 -1795.955594
3.750000 1.098317 2.091008 -1801.441806
3.760000 1.103606 2.051702 -1806.950836
3.770000 1.111288 1.986516 -1808.895530
3.780000 1.117979 1.923447 -1808.086481
3.790000 1.123923 1.862903 -1807.321287
3.800000 1.131251 1.790805 -1808.416062
3.810000 1.138312 1.721075 -1808.494068
3.820000 1.140776 1.687349 -1805.056587
3.830000 1.138530 1.690525 -1801.290343
3.840000 1.134623 1.706676 -1800.105201
3.850000 1.129518 1.735136 -1799.060330
3.860000 1.125838 1.757493 -1799.852376
3.870000 1.127090 1.746806 -1803.728683
3.880000 1.130226 1.728045 -1805.452424
3.890000 1.129275 1.744628 -1802.505141
3.900000 1.120667 1.819917 -1796.868510
3.910000 1.103302 1.963234 -1790.130443
3.920000 1.082022 2.140735 -1786.638867
3.930000 1.067524 2.263608 -1791.408074
3.940000 1.066779 2.268467 -1801.857767
3.950000 1.078262 2.168320 -1811.344670
3.960000 1.095744 2.020091 -1816.111479
3.970000 1.112524 1.880352 -1815.838145
3.980000 1.122856 1.793627 -1811.079009
3.990000 1.124545 1.774972 -1804.446724
4.000000 1.119120 1.811729 -1799.030091
4.010000 1.108291 1.892474 -1794.889594
4.020000 1.094131 2.002455 -1792.255608
4.030000 1.080640 2.110843 -1792.496302
4.040000 1.073955 2.166080 -1797.426928
4.050000 1.078335 2.130078 -1805.876493
4.060000 1.091330 2.021585 -1812.836108
4.070000 1.104686 1.909205 -1813.340312
4.080000 1.112984 1.833399 -1809.487137
4.090000 1.115745 1.796446 -1805.242285
4.100000 1.114553 1.789093 -1802.047218
4.110000 1.112416 1.788636 -1801.328369
4.120000 1.109804 1.792391 -1801.015737
4.130000 1.106612 1.803051 -1800.405218
4.140000 1.105313 1.801544 -1801.769053
4.150000 1.107322 1.778996 -1804.318737
4.160000 1.111608 1.743875 -1806.147536
4.170000 1.115987 1.712424 -1806.303420
4.180000 1.119090 1.694675 -1805.319303
4.190000 1.120169 1.693254 -1803.944887
4.200000 1.116833 1.725142 -1800.660046
4.210000 1.108347 1.795056 -1796.643707
4.220000 1.098642 1.875870 -1795.324264
4.230000 1.094229 1.914939 -1799.364695
4.240000 1.094343 1.916357 -1803.178018
4.250000 1.093091 1.927232 -1802.083592
4.260000 1.091173 1.941069 -1801.307218
4.270000 1.092226 1.928877 -1803.704357
4.280000 1.094111 1.910360 -1804.568013
4.290000 1.092895 1.916714 -1802.240339
4.300000 1.090558 1.936207 -1800.840939
4.310000 1.096929 1.892560 -1807.288846
4.320000 1.111976 1.784120 -1814.756086
4.330000 1.121429 1.724627 -1810.608107
4.340000 1.121489 1.735772 -1803.131537
4.350000 1.117829 1.772894 -1800.349764
4.360000 1.112176 1.826059 -1798.957169
4.370000 1.104205 1.897327 -1797.180143
4.380000 1.095527 1.972723 -1796.559503
4.390000 1.088430 2.032486 -1797.702779
4.400000 1.084166 2.065422 -1799.746525
4.410000 1.084581 2.057403 -1803.025822
4.420000 1.092516 1.985485 -1808.729925
4.430000 1.106657 1.864454 -1813.555988
4.440000 1.123044 1.729294 -1815.308568
4.450000 1.137890 1.608651 -1814.424115
4.460000 1.145731 1.542497 -1809.333855
4.470000 1.144080 1.548786 -1801.970789
4.480000 1.137239 1.596955 -1797.894102
4.490000 1.129902 1.655392 -1797.507400
4.500000 1.124599 1.708142 -1798.908551
4.510000 1.122528 1.741834 -1801.592124
4.520000 1.119968 1.782342 -1801.338819
4.530000 1.115344 1.839791 -1799.448615
4.540000 1.112462 1.879552 -1800.831779
4.550000 1.110641 1.905592 -1801.837230
4.560000 1.107471 1.937808 -1800.591836
4.570000 1.105965 1.951374 -1801.680576
4.580000 1.108887 1.926287 -1805.056062
4.590000 1.117365 1.861092 -1809.017745
4.600000 1.131130 1.754493 -1813.703182
4.610000 1.139320 1.692622 -1809.741962
4.620000 1.135376 1.718038 -1800.332286
4.630000 1.123689 1.798251 -1794.220543
4.640000 1.110948 1.887805 -1793.214205
4.650000 1.102265 1.948789 -1796.208666
4.660000 1.099600 1.964699 -1800.824840
4.670000 1.101436 1.945490 -1804.448651
4.680000 1.103879 1.920760 -1805.048738
4.690000 1.105034 1.906646 -1803.865154
4.700000 1.108943 1.874447 -1805.562231
4.710000 1.120076 1.790820 -1811.158039
4.720000 1.134679 1.688580 -1814.038411
4.730000 1.145353 1.620780 -1811.277428
4.740000 1.146592 1.623454 -1804.281743
4.750000 1.136506 1.709875 -1795.645483
4.760000 1.118257 1.860046 -1789.257230
4.770000 1.098431 2.027447 -1787.787848
4.780000 1.084880 2.150005 -1792.184762
4.790000 1.083195 2.173988 -1801.374746
4.800000 1.088686 2.133120 -1807.343854
4.810000 1.091562 2.106211 -1805.413265
4.820000 1.089635 2.108519 -1801.554042
4.830000 1.087270 2.107671 -1800.959704
4.840000 1.089955 2.064334 -1804.621332
4.850000 1.099317 1.968110 -1809.905408
4.860000 1.111380 1.855652 -1812.005405
4.870000 1.123295 1.747872 -1811.970967
4.880000 1.133401 1.656821 -1810.697254
4.890000 1.141287 1.587898 -1808.851334
4.900000 1.148983 1.525364 -1808.835182
4.910000 1.154318 1.485416 -1807.385209
4.920000 1.151524 1.506229 -1801.558723
4.930000 1.135727 1.618888 -1792.030851
4.940000 1.107853 1.826898 -1782.230513
4.950000 1.082392 2.024316 -1783.470288
4.960000 1.071631 2.109209 -1794.471239
4.970000 1.078126 2.058272 -1807.264814
4.980000 1.100629 1.880300 -1819.808251
4.990000 1.127614 1.673999 -1823.818732
5.000000 1.145221 1.541084 -1816.855312
5.010000 1.149761 1.501277 -1806.726931
5.020000 1.146063 1.519134 -1800.312367
5.030000 1.139492 1.559535 -1797.983875
5.040000 1.134194 1.594886 -1798.787657
5.050000 1.132602 1.606979 -1801.732901
5.060000 1.132287 1.613861 -1802.970851
5.070000 1.127975 1.651521 -1800.181925
5.080000 1.116279 1.743708 -1794.525767
5.090000 1.099801 1.872849 -1790.560668
5.100000 1.085835 1.983855 -1792.175074
5.110000 1.079834 2.031495 -1798.186227
5.120000 1.083024 2.006055 -1804.966282
5.130000 1.096934 1.895893 -1812.969984
5.140000 1.120374 1.715211 -1820.486930
5.150000 1.145704 1.529208 -1822.264012
5.160000 1.163868 1.401045 -1817.156814
5.170000 1.168546 1.369961 -1807.061325
5.180000 1.158714 1.441475 -1795.947902
5.190000 1.139331 1.585590 -1788.400879
5.200000 1.118502 1.748672 -1787.097733
5.210000 1.102684 1.883410 -1790.815973
5.220000 1.093676 1.970673 -1796.121874
5.230000 1.090361 2.018093 -1800.286450
5.240000 1.091616 2.025379 -1804.221381
5.250000 1.089782 2.053537 -1802.148202
5.260000 1.080503 2.137209 -1796.163563
5.270000 1.069844 2.228262 -1794.714217
5.280000 1.065914 2.262952 -1799.556747
5.290000 1.072152 2.212607 -1807.416720
5.300000 1.083680 2.118264 -1811.928551
5.310000 1.090974 2.058136 -1808.921324
5.320000 1.091018 2.055228 -1803.057232
5.330000 1.090976 2.053076 -1802.539370
5.340000 1.098886 1.989404 -1808.555275
5.350000 1.113663 1.874047 -1814.244108
5.360000 1.126613 1.775262 -1813.038555
5.370000 1.134330 1.716076 -1808.758114
5.380000 1.140579 1.663971 -1807.674602
5.390000 1.146281 1.616409 -1807.227876
5.400000 1.151472 1.574164 -1806.760984
5.410000 1.155582 1.539991 -1806.236193
5.420000 1.152994 1.552954 -1801.561405
5.430000 1.138454 1.651615 -1792.416548
5.440000 1.115882 1.812132 -1785.876931
5.450000 1.095303 1.961868 -1787.123790
5.460000 1.083845 2.044399 -1793.863685
5.470000 1.084399 2.030890 -1803.018124
5.480000 1.095628 1.932436 -1811.170621
5.490000 1.114143 1.778933 -1816.896293
5.500000 1.134140 1.619105 -1818.151934
5.510000 1.150892 1.488102 -1815.644144
5.520000 1.163179 1.391336 -1812.370235
5.530000 1.169028 1.341550 -1807.600656
5.540000 1.167184 1.346763 -1801.754780
5.550000 1.158689 1.400297 -1796.725877
5.560000 1.145661 1.490505 -1793.183543
5.570000 1.132431 1.588776 -1792.806569
5.580000 1.124187 1.655916 -1796.552761
5.590000 1.123002 1.676179 -1801.848215
5.600000 1.128206 1.650766 -1806.930936
5.610000 1.133710 1.622487 -1807.532556
5.620000 1.132536 1.642426 -1802.376661
5.630000 1.124726 1.707761 -1797.329463
5.640000 1.111535 1.812163 -1793.264539
5.650000 1.096172 1.938737 -1791.008917
5.660000 1.089019 2.005759 -1796.879851
5.670000 1.094070 1.977231 -1806.662752
5.680000 1.101165 1.934782 -1808.654871
5.690000 1.101991 1.942423 -1803.618708
5.700000 1.101050 1.964819 -1801.812417
5.710000 1.105561 1.945264 -1806.106072
5.720000 1.113246 1.903316 -1808.848810
5.730000 1.118468 1.881263 -1806.999131
5.740000 1.120069 1.883384 -1804.300351
5.750000 1.117793 1.910487 -1801.438146
5.760000 1.112076 1.961287 -1798.548408
5.770000 1.108530 1.993522 -1799.743673
5.780000 1.113596 1.956878 -1806.337179
5.790000 1.124026 1.877843 -1810.995328
5.800000 1.128633 1.842796 -1806.950024
5.810000 1.120748 1.899715 -1797.463810
5.820000 1.102851 2.034047 -1789.568014
5.830000 1.083928 2.181986 -1788.312818
5.840000 1.074405 2.257873 -1795.194508
5.850000 1.078641 2.221127 -1805.726244
5.860000 1.093613 2.099107 -1813.992015
5.870000 1.112883 1.944892 -1817.683515
5.880000 1.126587 1.834511 -1813.875989
5.890000 1.127950 1.815414 -1804.361886
5.900000 1.121702 1.851782 -1797.979124
5.910000 1.119750 1.855586 -1800.878255
5.920000 1.128482 1.780570 -1809.119808
5.930000 1.143457 1.661194 -1814.388137
5.940000 1.153475 1.577700 -1811.118867
5.950000 1.151374 1.581556 -1801.654869
5.960000 1.143482 1.629528 -1796.768763
5.970000 1.138092 1.661321 -1798.980912
5.980000 1.132353 1.700450 -1798.845887
5.990000 1.124490 1.757371 -1796.882425
6.000000 1.120457 1.785142 -1799.490203
6.010000 1.124236 1.752503 -1805.604701
6.020000 1.131548 1.694312 -1808.511151
6.030000 1.136769 1.653284 -1806.933308
6.040000 1.137990 1.642952 -1803.927840
6.050000 1.134611 1.668996 -1800.479582
6.060000 1.126304 1.734700 -1796.805133
6.070000 1.113376 1.839312 -1793.302685
6.080000 1.097863 1.968955 -1791.223425
6.090000 1.084455 2.088417 -1792.496908
6.100000 1.079873 2.140862 -1798.994201
6.110000 1.086140 2.104774 -1807.480375
6.120000 1.097720 2.026713 -1811.655024
6.130000 1.108931 1.948699 -1811.541205
6.140000 1.115983 1.899055 -1808.366915
6.150000 1.119675 1.872119 -1805.483149
6.160000 1.124697 1.830841 -1806.464481
6.170000 1.131341 1.775977 -1807.909001
6.180000 1.135586 1.739855 -1806.254574
6.190000 1.134209 1.745795 -1802.126990
6.200000 1.125961 1.803534 -1796.948825
6.210000 1.111959 1.905474 -1792.577737
6.220000 1.094986 2.031491 -1790.226508
6.230000 1.079524 2.145866 -1791.160433
6.240000 1.070710 2.203295 -1796.013641
6.250000 1.071880 2.173810 -1803.491832
6.260000 1.082492 2.062446 -1810.849512
6.270000 1.097213 1.918814 -1814.166593
6.280000 1.110037 1.792860 -1812.860793
6.290000 1.117630 1.711213 -1808.822083
6.300000 1.120575 1.669279 -1805.247990
6.310000 1.120276 1.657352 -1802.793495
6.320000 1.118339 1.666391 -1801.368807
6.330000 1.117243 1.675332 -1802.133607
6.340000 1.115316 1.695936 -1801.620502
6.350000 1.111290 1.736099 -1799.761847
6.360000 1.109502 1.760147 -1801.304993
6.370000 1.112127 1.749681 -1804.976582
6.380000 1.113937 1.745215 -1804.673859
6.390000 1.110057 1.784142 -1800.324990
6.400000 1.100734 1.863876 -1796.196713
6.410000 1.088085 1.972183 -1793.477399
6.420000 1.075885 2.077718 -1793.781621
6.430000 1.066369 2.161295 -1795.747300
6.440000 1.061240 2.206236 -1798.934270
6.450000 1.062155 2.196370 -1803.482175
6.460000 1.069544 2.131798 -1808.242258
6.470000 1.083468 2.015326 -1813.344705
6.480000 1.099169 1.888808 -1815.132787
6.490000 1.108457 1.816575 -1810.425914
6.500000 1.109453 1.811314 -1803.755219
6.510000 1.108809 1.820206 -1802.247861
6.520000 1.110602 1.811207 -1804.341092
6.530000 1.110907 1.814915 -1803.387083
6.540000 1.105945 1.857706 -1799.387937
6.550000 1.096323 1.934824 -1795.650777
6.560000 1.087592 2.005746 -1795.826043
6.570000 1.088631 1.998684 -1803.057658
6.580000 1.100903 1.901025 -1812.151994
6.590000 1.114253 1.796159 -1813.483727
6.600000 1.119113 1.753801 -1807.215004
6.610000 1.114496 1.781001 -1799.685919
6.620000 1.109343 1.815671 -1798.593193
6.630000 1.114375 1.776353 -1806.430805
6.640000 1.125800 1.693743 -1812.061930
6.650000 1.128141 1.679566 -1805.795420
6.660000 1.112348 1.798777 -1791.692160
6.670000 1.089981 1.975205 -1785.424611
6.680000 1.082561 2.035552 -1796.759500
6.690000 1.091100 1.972105 -1809.405052
6.700000 1.102201 1.889149 -1811.775727
6.710000 1.105320 1.863981 -1805.938821
6.720000 1.098127 1.916163 -1797.724324
6.730000 1.090158 1.976851 -1796.445237
6.740000 1.092553 1.956820 -1804.517124
6.750000 1.101716 1.887795 -1810.152480
6.760000 1.107269 1.849160 -1807.601394
6.770000 1.104235 1.873814 -1801.142637
6.780000 1.092587 1.961844 -1794.508419
6.790000 1.076357 2.085247 -1790.709810
6.800000 1.063220 2.184671 -1792.623025
6.810000 1.060666 2.196464 -1800.513245
6.820000 1.069633 2.113831 -1809.481232
6.830000 1.084402 1.989550 -1814.133354
6.840000 1.098177 1.879008 -1813.724862
6.850000 1.103896 1.833842 -1808.011087
6.860000 1.096976 1.889067 -1798.297204
6.870000 1.082142 2.009690 -1791.871331
6.880000 1.069446 2.117451 -1793.195570
6.890000 1.064669 2.159658 -1799.365123
6.900000 1.065518 2.151644 -1803.699334
6.910000 1.070684 2.104974 -1806.489496
6.920000 1.085230 1.979438 -1813.444099
6.930000 1.107694 1.792468 -1820.098839
6.940000 1.125382 1.648118 -1816.887750
6.950000 1.130921 1.598594 -1807.387882
6.960000 1.128672 1.608426 -1801.444834
6.970000 1.121166 1.661428 -1797.776285
6.980000 1.106323 1.777325 -1792.175642
6.990000 1.087422 1.934027 -1788.696955
7.000000 1.073421 2.061706 -1792.056571
7.010000 1.070419 2.105844 -1800.472537
7.020000 1.076381 2.079476 -1807.509506
7.030000 1.085426 2.028293 -1810.051503
7.040000 1.092846 1.988191 -1808.900621
7.050000 1.096493 1.973231 -1806.097360
7.060000 1.094739 1.993294 -1802.217903
7.070000 1.085348 2.067735 -1796.389196
7.080000 1.070982 2.179884 -1792.318489
7.090000 1.056768 2.288580 -1792.425485
7.100000 1.045423 2.376981 -1794.136718
7.110000 1.042549 2.393377 -1800.339579
7.120000 1.049919 2.322585 -1808.354347
7.130000 1.061176 2.221711 -1811.702401
7.140000 1.068034 2.159437 -1808.566556
7.150000 1.068463 2.152855 -1803.406365
7.160000 1.067037 2.159898 -1802.209676
7.170000 1.063078 2.188081 -1800.461383
7.180000 1.057181 2.236417 -1798.364242
7.190000 1.058795 2.220707 -1803.939934
7.200000 1.069401 2.130915 -1811.096625
7.210000 1.081710 2.030788 -1812.410148
7.220000 1.092655 1.943566 -1811.218369
7.230000 1.103691 1.858065 -1811.188555
7.240000 1.115963 1.767588 -1812.185755
7.250000 1.126797 1.690310 -1811.559662
7.260000 1.128912 1.678724 -1805.221657
7.270000 1.119687 1.751454 -1796.323266
7.280000 1.105178 1.863563 -1792.173179
7.290000 1.090170 1.982076 -1791.763431
7.300000 1.078368 2.082951 -1793.669952
7.310000 1.077562 2.099701 -1801.913878
7.320000 1.087192 2.033683 -1810.514034
7.330000 1.094773 1.985428 -1809.427640
7.340000 1.092783 2.011868 -1801.874192
7.350000 1.087002 2.067078 -1798.579209
7.360000 1.085680 2.087540 -1801.917972
7.370000 1.088545 2.074096 -1805.482915
7.380000 1.088104 2.085050 -1803.186509
7.390000 1.079329 2.155415 -1796.928938
7.400000 1.063285 2.278284 -1791.055691
7.410000 1.050497 2.372663 -1792.587764
7.420000 1.055546 2.310938 -1805.946965
7.430000 1.078852 2.100691 -1820.230251
7.440000 1.107165 1.862256 -1824.656589
7.450000 1.125553 1.710337 -1817.461686
7.460000 1.126929 1.688002 -1804.587412
7.470000 1.113007 1.781813 -1792.792295
7.480000 1.091792 1.939242 -1786.783630
7.490000 1.075318 2.070507 -1789.880135
7.500000 1.073482 2.092457 -1800.863047
7.510000 1.085865 2.004492 -1812.217104
7.520000 1.100374 1.905719 -1814.357311
7.530000 1.106331 1.876241 -1807.828777
7.540000 1.103768 1.910542 -1801.192528
7.550000 1.096551 1.976764 -1797.748294
7.560000 1.085853 2.065575 -1795.164899
7.570000 1.073909 2.158690 -1793.941846
7.580000 1.068959 2.189833 -1798.677429
7.590000 1.079699 2.084679 -1810.740142
7.600000 1.101395 1.890768 -1819.603137
7.610000 1.121416 1.713834 -1818.538043
7.620000 1.134441 1.594237 -1812.953631
7.630000 1.143731 1.506989 -1810.064382
7.640000 1.150495 1.446521 -1808.242451
7.650000 1.152530 1.428792 -1804.711167
7.660000 1.148612 1.460037 -1800.209945
7.670000 1.139445 1.534299 -1796.182730
7.680000 1.127764 1.631423 -1794.137150
7.690000 1.117676 1.719415 -1795.202855
7.700000 1.112523 1.770377 -1798.903511
7.710000 1.112744 1.777815 -1803.052687
7.720000 1.116494 1.754348 -1805.723668
7.730000 1.123082 1.705543 -1807.763141
7.740000 1.132416 1.631728 -1810.028229
7.750000 1.141002 1.562791 -1809.556854
7.760000 1.146123 1.520016 -1806.862621
7.770000 1.148600 1.499139 -1804.754317
7.780000 1.148807 1.495788 -1803.396586
7.790000 1.141086 1.549024 -1797.744152
7.800000 1.123172 1.680399 -1789.360071
7.810000 1.108726 1.792154 -1791.179251
7.820000 1.110544 1.781688 -1803.914622
7.830000 1.121673 1.702794 -1811.638425
7.840000 1.128282 1.655971 -1808.545095
7.850000 1.124559 1.681572 -1800.549549
7.860000 1.115244 1.747863 -1795.896302
7.870000 1.108256 1.796711 -1797.708276
7.880000 1.103581 1.828556 -1799.734270
7.890000 1.097395 1.873023 -1798.466981
7.900000 1.092414 1.909509 -1799.003905
7.910000 1.096220 1.881012 -1805.506075
7.920000 1.108406 1.788191 -1812.541708
7.930000 1.116707 1.727523 -1809.830130
7.940000 1.114491 1.742558 -1801.709023
7.950000 1.104797 1.811223 -1795.717662
7.960000 1.094331 1.886037 -1794.879471
7.970000 1.088128 1.930333 -1798.012465
7.980000 1.086999 1.937456 -1801.949914
7.990000 1.088433 1.928150 -1803.945943
8.000000 1.090268 1.918789 -1804.285822
8.010000 1.091887 1.915466 -1804.055361
8.020000 1.094333 1.909865 -1804.620662
8.030000 1.098296 1.896038 -1805.842448
8.040000 1.101771 1.887550 -1805.713245
8.050000 1.100744 1.913040 -1802.456819
8.060000 1.093963 1.981619 -1797.902632
8.070000 1.086309 2.055534 -1796.933626
8.080000 1.083130 2.090057 -1800.450908
8.090000 1.083249 2.095831 -1803.087104
8.100000 1.084518 2.091402 -1803.856128
8.110000 1.087374 2.071634 -1805.210017
8.120000 1.089556 2.056000 -1804.866467
8.130000 1.088888 2.062754 -1802.579401
8.140000 1.087323 2.075238 -1801.795166
8.150000 1.087256 2.075781 -1802.843621
8.160000 1.090006 2.054602 -1804.927327
8.170000 1.095717 2.011685 -1807.162506
8.180000 1.103223 1.956566 -1808.630247
8.190000 1.108994 1.914791 -1807.673886
8.200000 1.106975 1.931504 -1802.062266
8.210000 1.094200 2.029862 -1793.843709
8.220000 1.075700 2.175189 -1789.105393
8.230000 1.061706 2.285788 -1792.213158
8.240000 1.059369 2.298886 -1800.954274
8.250000 1.069424 2.207889 -1810.317616
8.260000 1.088349 2.044920 -1817.266208
8.270000 1.108649 1.874329 -1818.587827
8.280000 1.124331 1.744585 -1814.855690
8.290000 1.137487 1.637571 -1812.683805
8.300000 1.151363 1.530223 -1813.305362
8.310000 1.163802 1.438602 -1812.462881
8.320000 1.170069 1.393332 -1807.936754
8.330000 1.168134 1.405744 -1801.724709
8.340000 1.158965 1.468050 -1796.304904
8.350000 1.145265 1.566926 -1792.467492
8.360000 1.135428 1.644043 -1794.945055
8.370000 1.135912 1.648741 -1802.988649
8.380000 1.141973 1.616528 -1807.599272
8.390000 1.144723 1.609541 -1805.422964
8.400000 1.137576 1.672878 -1798.131692
8.410000 1.119555 1.818156 -1789.513609
8.420000 1.099910 1.981020 -1787.591622
8.430000 1.090749 2.063405 -1795.456826
8.440000 1.093137 2.052115 -1804.574702
8.450000 1.098880 2.009654 -1807.492295
8.460000 1.099530 1.998797 -1803.916386
8.470000 1.091785 2.047279 -1797.322729
8.480000 1.081823 2.109217 -1795.213420
8.490000 1.077706 2.120834 -1799.626753
8.500000 1.080457 2.077242 -1804.842184
8.510000 1.087885 1.996208 -1808.457808
8.520000 1.097834 1.897502 -1810.274241
8.530000 1.110784 1.780364 -1812.400400
8.540000 1.127458 1.641774 -1815.380833
8.550000 1.143725 1.514908 -1815.422328
8.560000 1.152995 1.445799 -1810.271090
8.570000 1.152728 1.449014 -1802.960942
8.580000 1.145880 1.504008 -1797.761659
8.590000 1.137957 1.572071 -1796.913325
8.600000 1.131484 1.634302 -1798.109034
8.610000 1.126753 1.688126 -1799.333475
8.620000 1.123465 1.730099 -1800.724796
8.630000 1.116744 1.796772 -1798.278295
8.640000 1.103776 1.909678 -1793.394036
8.650000 1.088452 2.042557 -1791.201447
8.660000 1.078694 2.133845 -1795.148487
8.670000 1.079000 2.145126 -1802.911474
8.680000 1.086266 2.101144 -1808.456668
8.690000 1.094512 2.049163 -1809.317494
8.700000 1.100606 2.011425 -1807.669511
8.710000 1.104833 1.984877 -1806.118457
8.720000 1.109626 1.951333 -1806.393429
8.730000 1.117502 1.893537 -1808.678212
8.740000 1.128187 1.814862 -1811.038056
8.750000 1.136892 1.751026 -1809.832744
8.760000 1.138835 1.735868 -1804.682798
8.770000 1.135108 1.759164 -1800.183091
8.780000 1.131033 1.782292 -1799.656446
8.790000 1.133133 1.760074 -1803.992448
8.800000 1.146155 1.659253 -1812.406290
8.810000 1.164525 1.523312 -1817.288850
8.820000 1.172777 1.461290 -1810.175960
8.830000 1.162237 1.529402 -1795.671852
8.840000 1.140550 1.679238 -1786.465148
8.850000 1.123446 1.801410 -1789.436023
8.860000 1.119658 1.826342 -1799.688274
8.870000 1.124465 1.784917 -1806.715092
8.880000 1.127952 1.751433 -1805.835089
8.890000 1.127717 1.743870 -1802.801577
8.900000 1.126914 1.739140 -1802.485009
8.910000 1.126177 1.739179 -1802.466207
8.920000 1.125844 1.740772 -1802.857577
8.930000 1.124682 1.752346 -1802.391133
8.940000 1.120001 1.791939 -1799.785505
8.950000 1.112399 1.856619 -1797.232836
8.960000 1.106927 1.905684 -1798.785090
8.970000 1.105211 1.927081 -1801.664122
8.980000 1.106317 1.927303 -1803.755379
8.990000 1.109775 1.907621 -1805.616564
9.000000 1.113806 1.881795 -1806.188600
9.010000 1.115288 1.871910 -1804.504594
9.020000 1.111617 1.899518 -1800.492254
9.030000 1.106629 1.936748 -1799.044845
9.040000 1.107982 1.922541 -1803.832830
9.050000 1.115514 1.858124 -1808.819931
9.060000 1.123606 1.788772 -1809.222303
9.070000 1.130029 1.729036 -1808.124654
9.080000 1.130554 1.709691 -1804.129601
9.090000 1.118966 1.780443 -1794.928252
9.100000 1.098064 1.926750 -1787.340344
9.110000 1.079993 2.061675 -1788.947929
9.120000 1.073938 2.108225 -1798.277939
9.130000 1.075806 2.098125 -1804.693749
9.140000 1.075954 2.105415 -1803.741312
9.150000 1.067382 2.184067 -1797.112277
9.160000 1.052502 2.318842 -1791.623554
9.170000 1.044294 2.399677 -1796.230270
9.180000 1.050068 2.359926 -1807.196811
9.190000 1.063063 2.260446 -1813.048831
9.200000 1.075242 2.170229 -1812.306330
9.210000 1.086758 2.086623 -1811.632749
9.220000 1.099428 1.994559 -1812.726075
9.230000 1.109353 1.924015 -1811.051195
9.240000 1.110555 1.918071 -1804.595296
9.250000 1.101461 1.985684 -1796.753946
9.260000 1.087887 2.090161 -1792.507605
9.270000 1.085092 2.109022 -1800.183031
9.280000 1.099826 1.987514 -1813.874993
9.290000 1.123351 1.804826 -1820.787539
9.300000 1.144978 1.639357 -1819.819589
9.310000 1.154965 1.557995 -1811.177243
9.320000 1.150910 1.573701 -1800.224405
9.330000 1.140060 1.635427 -1794.735912
9.340000 1.130641 1.686363 -1795.789979
9.350000 1.126548 1.702572 -1799.680354
9.360000 1.129697 1.669434 -1805.258436
9.370000 1.137356 1.608885 -1808.848636
9.380000 1.144146 1.559091 -1808.327025
9.390000 1.147037 1.541026 -1805.255516
9.400000 1.148122 1.539420 -1803.737375
9.410000 1.148670 1.542179 -1803.724092
9.420000 1.143648 1.587081 -1799.642165
9.430000 1.130888 1.688006 -1793.728897
9.440000 1.113495 1.825027 -1789.978348
9.450000 1.098443 1.948041 -1791.269472
9.460000 1.094059 1.988039 -1799.206114
9.470000 1.101400 1.934124 -1808.375379
9.480000 1.113359 1.844196 -1812.155697
9.490000 1.121654 1.780373 -1809.679331
9.500000 1.120294 1.787693 -1802.432050
9.510000 1.109257 1.869845 -1794.828795
9.520000 1.095548 1.978846 -1792.432539
9.530000 1.085923 2.060463 -1795.667540
9.540000 1.079846 2.118707 -1798.327551
9.550000 1.077188 2.150637 -1800.704963
9.560000 1.080158 2.134790 -1805.041481
9.570000 1.085853 2.092516 -1807.607507
9.580000 1.086037 2.090295 -1803.615675
9.590000 1.079117 2.142431 -1797.771618
9.600000 1.073011 2.184576 -1798.159734
9.610000 1.072469 2.180058 -1802.448839
9.620000 1.076382 2.140294 -1805.778547
9.630000 1.084640 2.067609 -1808.875417
9.640000 1.098597 1.952091 -1813.226730
9.650000 1.116460 1.811554 -1816.305404
9.660000 1.134391 1.676352 -1816.542437
9.670000 1.147566 1.579499 -1813.263686
9.680000 1.150714 1.557079 -1805.834782
9.690000 1.142391 1.619154 -1797.014251
9.700000 1.127039 1.736502 -1791.426709
9.710000 1.110418 1.867026 -1790.471132
9.720000 1.094542 1.995478 -1791.001538
9.730000 1.081258 2.105170 -1792.802705
9.740000 1.073867 2.164955 -1797.162853
9.750000 1.076145 2.145986 -1804.042411
9.760000 1.093590 2.005685 -1815.464930
9.770000 1.123126 1.778410 -1825.298697
9.780000 1.149428 1.587281 -1823.570299
9.790000 1.157355 1.532425 -1810.043939
9.800000 1.141499 1.647143 -1791.864480
9.810000 1.109865 1.887318 -1779.146566
9.820000 1.081317 2.123080 -1780.626620
9.830000 1.071910 2.215561 -1795.236603
9.840000 1.079659 2.172267 -1808.684849
9.850000 1.093753 2.080379 -1813.607240
9.860000 1.107655 1.988731 -1813.682301
9.870000 1.115090 1.942144 -1809.337503
9.880000 1.108033 2.000892 -1798.570179
9.890000 1.087867 2.162019 -1787.862493
9.900000 1.070211 2.304431 -1789.371232
9.910000 1.063812 2.354803 -1798.113806
9.920000 1.065028 2.343966 -1803.815687
9.930000 1.070918 2.293198 -1807.396288
9.940000 1.077102 2.238425 -1807.928313
9.950000 1.077411 2.232238 -1803.436593
9.960000 1.072679 2.268445 -1799.150676
9.970000 1.071275 2.278450 -1801.295525
9.980000 1.078856 2.215353 -1808.285091
9.990000 1.091732 2.112425 -1812.588468
