0.000000 0.000000 0.000000
0.009048 0.003333 0.000000
0.018096 0.006667 0.000000
0.027144 0.010000 0.000000
0.036192 0.013333 0.000000
0.045240 0.016667 0.000000
0.054288 0.020000 0.000000
0.063336 0.023333 0.000000
0.072384 0.026667 0.000000
0.081433 0.030000 0.000000
0.090481 0.033333 0.000000
0.099529 0.036667 0.000000
0.108577 0.040000 0.000000
0.117625 0.043333 0.000000
0.126673 0.046667 0.000000
0.135721 0.050000 0.000000
0.144769 0.053333 0.000000
0.153817 0.056667 0.000000
0.162865 0.060000 0.000000
0.171913 0.063333 0.000000
0.180961 0.066667 0.000000
0.190009 0.070000 0.000000
0.199057 0.073333 0.000000
0.208105 0.076667 0.000000
0.217153 0.080000 0.000000
0.226201 0.083333 0.000000
0.235250 0.086667 0.000000
0.244298 0.090000 0.000000
0.253346 0.093333 0.000000
0.262394 0.096667 0.000000
0.271442 0.100000 0.000000
0.280490 0.103333 0.000000
0.289538 0.106667 0.000000
0.298586 0.110000 0.000000
0.307634 0.113333 0.000000
0.316682 0.116667 0.000000
0.325730 0.120000 0.000000
0.334778 0.123333 0.000000
0.343826 0.126667 0.000000
0.352874 0.130000 0.000000
0.361922 0.133333 0.000000
0.370970 0.136667 0.000000
0.380018 0.140000 0.000000
0.389067 0.143333 0.000000
0.398115 0.146667 0.000000
0.407163 0.150000 0.000000
0.416211 0.153333 0.000000
0.425259 0.156667 0.000000
0.434307 0.160000 0.000000
0.443355 0.163333 0.000000
0.452403 0.166667 0.000000
0.461451 0.170000 0.000000
0.470499 0.173333 0.000000
0.479547 0.176667 0.000000
0.488595 0.180000 0.000000
0.497643 0.183333 0.000000
0.506691 0.186667 0.000000
0.515739 0.190000 0.000000
0.524787 0.193333 0.000000
0.533835 0.196667 0.000000
0.542884 0.200000 0.000000
0.551932 0.203333 0.000000
0.560980 0.206667 0.000000
0.570028 0.210000 0.000000
0.579076 0.213333 0.000000
0.588124 0.216667 0.000000
0.597172 0.220000 0.000000
0.606220 0.223333 0.000000
0.615268 0.226667 0.000000
0.624316 0.230000 0.000000
0.633364 0.233333 0.000000
0.642412 0.236667 0.000000
0.651460 0.240000 0.000000
0.660508 0.243333 0.000000
0.669556 0.246667 0.000000
0.678604 0.250000 0.000000
0.687652 0.253333 0.000000
0.696701 0.256667 0.000000
0.705749 0.260000 0.000000
0.714797 0.263333 0.000000
0.723845 0.266667 0.000000
0.732893 0.270000 0.000000
0.741941 0.273333 0.000000
0.750989 0.276667 0.000000
0.760037 0.280000 0.000000
0.769085 0.283333 0.000000
0.778133 0.286667 0.000000
0.787181 0.290000 0.000000
0.796229 0.293333 0.000000
0.805277 0.296667 0.000000
0.814325 0.300000 0.000000
0.823373 0.303333 0.000000
0.832421 0.306667 0.000000
0.841469 0.310000 0.000000
0.850518 0.313333 0.000000
0.859566 0.316667 0.000000
0.868614 0.320000 0.000000
0.877662 0.323333 0.000000
0.886710 0.326667 0.000411
0.895758 0.330000 0.001632
0.904806 0.333333 0.006024
0.913854 0.336667 0.019878
0.922902 0.340000 0.042758
0.931950 0.343333 0.091452
0.940998 0.346667 0.166624
0.950046 0.350000 0.283112
0.959094 0.353333 0.432399
0.968142 0.356667 0.634554
0.977190 0.360000 0.849215
0.986238 0.363333 1.110003
0.995286 0.366667 1.354209
1.004335 0.370000 1.608502
1.013383 0.373333 1.839587
1.022431 0.376667 2.015813
1.031479 0.380000 2.219478
1.040527 0.383333 2.389285
1.049575 0.386667 2.480670
1.058623 0.390000 2.546711
1.067671 0.393333 2.623477
1.076719 0.396667 2.601794
1.085767 0.400000 2.598066
1.094815 0.403333 2.559398
1.103863 0.406667 2.523320
1.112911 0.410000 2.451326
1.121959 0.413333 2.365431
1.131007 0.416667 2.304931
1.140055 0.420000 2.223568
1.149103 0.423333 2.131711
1.158152 0.426667 2.057580
1.167200 0.430000 1.985313
1.176248 0.433333 1.886871
1.185296 0.436667 1.805779
1.194344 0.440000 1.721354
1.203392 0.443333 1.665005
1.212440 0.446667 1.603617
1.221488 0.450000 1.533866
1.230536 0.453333 1.472499
1.239584 0.456667 1.407787
1.248632 0.460000 1.361750
1.257680 0.463333 1.300268
1.266728 0.466667 1.278062
1.275776 0.470000 1.230677
1.284824 0.473333 1.169850
1.293872 0.476667 1.134518
1.302920 0.480000 1.101897
1.311969 0.483333 1.056157
1.321017 0.486667 1.008128
1.330065 0.490000 0.982469
1.339113 0.493333 0.962069
1.348161 0.496667 0.930438
1.357209 0.500000 0.901079
1.366257 0.503333 0.888857
1.375305 0.506667 0.847239
1.384353 0.510000 0.832648
1.393401 0.513333 0.812630
1.402449 0.516667 0.780918
1.411497 0.520000 0.769548
1.420545 0.523333 0.760365
1.429593 0.526667 0.744119
1.438641 0.530000 0.731659
1.447689 0.533333 0.724916
1.456737 0.536667 0.711783
1.465786 0.540000 0.703479
1.474834 0.543333 0.694806
1.483882 0.546667 0.691346
1.492930 0.550000 0.678022
1.501978 0.553333 0.677941
1.511026 0.556667 0.668823
1.520074 0.560000 0.667707
1.529122 0.563333 0.662335
1.538170 0.566667 0.661135
1.547218 0.570000 0.660060
1.556266 0.573333 0.655377
1.565314 0.576667 0.656348
1.574362 0.580000 0.649315
1.583410 0.583333 0.661958
1.592458 0.586667 0.664461
1.601506 0.590000 0.653745
1.610554 0.593333 0.671715
1.619603 0.596667 0.679230
1.628651 0.600000 0.676889
1.637699 0.603333 0.680973
1.646747 0.606667 0.683875
1.655795 0.610000 0.702252
1.664843 0.613333 0.708332
1.673891 0.616667 0.706545
1.682939 0.620000 0.722593
1.691987 0.623333 0.727428
1.701035 0.626667 0.735745
1.710083 0.630000 0.732687
1.719131 0.633333 0.743684
1.728179 0.636667 0.759293
1.737227 0.640000 0.775053
1.746275 0.643333 0.791171
1.755323 0.646667 0.809319
1.764371 0.650000 0.831095
1.773420 0.653333 0.844193
1.782468 0.656667 0.861815
1.791516 0.660000 0.868564
1.800564 0.663333 0.871155
1.809612 0.666667 0.888245
1.818660 0.670000 0.905067
1.827708 0.673333 0.927466
1.836756 0.676667 0.937738
1.845804 0.680000 0.957318
1.854852 0.683333 0.963481
1.863900 0.686667 0.975060
1.872948 0.690000 0.997984
1.881996 0.693333 1.026062
1.891044 0.696667 1.019727
1.900092 0.700000 1.035666
1.909140 0.703333 1.056990
1.918188 0.706667 1.081872
1.927237 0.710000 1.084973
1.936285 0.713333 1.094389
1.945333 0.716667 1.110290
1.954381 0.720000 1.127296
1.963429 0.723333 1.132970
1.972477 0.726667 1.138362
1.981525 0.730000 1.160022
1.990573 0.733333 1.157620
1.999621 0.736667 1.176396
2.008669 0.740000 1.187427
2.017717 0.743333 1.207069
2.026765 0.746667 1.214774
2.035813 0.750000 1.232087
2.044861 0.753333 1.233971
2.053909 0.756667 1.217743
2.062957 0.760000 1.210636
2.072005 0.763333 1.215183
2.081054 0.766667 1.205132
2.090102 0.770000 1.213121
2.099150 0.773333 1.216371
2.108198 0.776667 1.204609
2.117246 0.780000 1.213427
2.126294 0.783333 1.203557
2.135342 0.786667 1.202167
2.144390 0.790000 1.198266
2.153438 0.793333 1.191212
2.162486 0.796667 1.198609
2.171534 0.800000 1.180957
2.180582 0.803333 1.169154
2.189630 0.806667 1.152028
2.198678 0.810000 1.139078
2.207726 0.813333 1.127691
2.216774 0.816667 1.114798
2.225822 0.820000 1.112698
2.234871 0.823333 1.098498
2.243919 0.826667 1.078428
2.252967 0.830000 1.069564
2.262015 0.833333 1.063650
2.271063 0.836667 1.042464
2.280111 0.840000 1.028128
2.289159 0.843333 1.028822
2.298207 0.846667 1.011563
2.307255 0.850000 1.013148
2.316303 0.853333 0.994350
2.325351 0.856667 0.983000
2.334399 0.860000 0.976844
2.343447 0.863333 0.971250
2.352495 0.866667 0.973640
2.361543 0.870000 0.961132
2.370591 0.873333 0.953238
2.379639 0.876667 0.954896
2.388688 0.880000 0.953111
2.397736 0.883333 0.932535
2.406784 0.886667 0.927211
2.415832 0.890000 0.911632
2.424880 0.893333 0.911912
2.433928 0.896667 0.906908
2.442976 0.900000 0.906552
2.452024 0.903333 0.908850
2.461072 0.906667 0.895752
2.470120 0.910000 0.893419
2.479168 0.913333 0.887581
2.488216 0.916667 0.887781
2.497264 0.920000 0.880172
2.506312 0.923333 0.883862
2.515360 0.926667 0.886231
2.524408 0.930000 0.881649
2.533456 0.933333 0.882580
2.542505 0.936667 0.888583
2.551553 0.940000 0.892294
2.560601 0.943333 0.886558
2.569649 0.946667 0.887580
2.578697 0.950000 0.890326
2.587745 0.953333 0.888664
2.596793 0.956667 0.891842
2.605841 0.960000 0.889207
2.614889 0.963333 0.894654
2.623937 0.966667 0.892036
2.632985 0.970000 0.893035
2.642033 0.973333 0.896781
2.651081 0.976667 0.905970
2.660129 0.980000 0.905152
2.669177 0.983333 0.920788
2.678225 0.986667 0.919984
2.687273 0.990000 0.923102
2.696321 0.993333 0.928043
2.705370 0.996667 0.924408
2.714418 1.000000 0.930114
2.723466 1.003333 0.942660
2.732514 1.006667 0.945186
2.741562 1.010000 0.938468
2.750610 1.013333 0.943299
2.759658 1.016667 0.933640
2.768706 1.020000 0.928802
2.777754 1.023333 0.924315
2.786802 1.026667 0.921523
2.795850 1.030000 0.911326
2.804898 1.033333 0.909095
2.813946 1.036667 0.907374
2.822994 1.040000 0.896183
2.832042 1.043333 0.880178
2.841090 1.046667 0.877967
2.850138 1.050000 0.873903
2.859187 1.053333 0.871695
2.868235 1.056667 0.866427
2.877283 1.060000 0.864982
2.886331 1.063333 0.858886
2.895379 1.066667 0.853322
2.904427 1.070000 0.846952
2.913475 1.073333 0.841849
2.922523 1.076667 0.834704
2.931571 1.080000 0.824332
2.940619 1.083333 0.814956
2.949667 1.086667 0.815742
2.958715 1.090000 0.810037
2.967763 1.093333 0.803444
2.976811 1.096667 0.794142
2.985859 1.100000 0.780947
2.994907 1.103333 0.775240
3.003955 1.106667 0.772932
3.013004 1.110000 0.765530
3.022052 1.113333 0.752911
3.031100 1.116667 0.743944
3.040148 1.120000 0.737973
3.049196 1.123333 0.730248
3.058244 1.126667 0.716930
3.067292 1.130000 0.708175
3.076340 1.133333 0.692099
3.085388 1.136667 0.686542
3.094436 1.140000 0.670574
3.103484 1.143333 0.659488
3.112532 1.146667 0.647808
3.121580 1.150000 0.634603
3.130628 1.153333 0.620402
3.139676 1.156667 0.613387
3.148724 1.160000 0.600826
3.157772 1.163333 0.589380
3.166821 1.166667 0.579837
3.175869 1.170000 0.575530
3.184917 1.173333 0.562212
3.193965 1.176667 0.553073
3.203013 1.180000 0.549304
3.212061 1.183333 0.540157
3.221109 1.186667 0.531055
3.230157 1.190000 0.520855
3.239205 1.193333 0.513944
3.248253 1.196667 0.504745
3.257301 1.200000 0.493227
3.266349 1.203333 0.484531
3.275397 1.206667 0.476192
3.284445 1.210000 0.464592
3.293493 1.213333 0.463633
3.302541 1.216667 0.460044
3.311589 1.220000 0.449144
3.320638 1.223333 0.437930
3.329686 1.226667 0.430170
3.338734 1.230000 0.422152
3.347782 1.233333 0.415080
3.356830 1.236667 0.409162
3.365878 1.240000 0.401527
3.374926 1.243333 0.392939
3.383974 1.246667 0.389129
3.393022 1.250000 0.383367
3.402070 1.253333 0.376440
3.411118 1.256667 0.370078
3.420166 1.260000 0.363064
3.429214 1.263333 0.356824
3.438262 1.266667 0.352808
3.447310 1.270000 0.348141
3.456358 1.273333 0.342656
3.465406 1.276667 0.333134
3.474455 1.280000 0.328365
3.483503 1.283333 0.318640
3.492551 1.286667 0.316711
3.501599 1.290000 0.314631
3.510647 1.293333 0.307334
3.519695 1.296667 0.301905
3.528743 1.300000 0.295044
3.537791 1.303333 0.288513
3.546839 1.306667 0.281027
3.555887 1.310000 0.277842
3.564935 1.313333 0.278595
3.573983 1.316667 0.269762
3.583031 1.320000 0.263944
3.592079 1.323333 0.259519
3.601127 1.326667 0.256286
3.610175 1.330000 0.249032
3.619223 1.333333 0.243983
3.628272 1.336667 0.238771
3.637320 1.340000 0.237381
3.646368 1.343333 0.229402
3.655416 1.346667 0.223620
3.664464 1.350000 0.217791
3.673512 1.353333 0.217705
3.682560 1.356667 0.210595
3.691608 1.360000 0.209224
3.700656 1.363333 0.200086
3.709704 1.366667 0.195811
3.718752 1.370000 0.189111
3.727800 1.373333 0.185183
3.736848 1.376667 0.179081
3.745896 1.380000 0.175422
3.754944 1.383333 0.169195
3.763992 1.386667 0.162732
3.773040 1.390000 0.156555
3.782089 1.393333 0.154219
3.791137 1.396667 0.148240
3.800185 1.400000 0.143405
3.809233 1.403333 0.140146
3.818281 1.406667 0.135492
3.827329 1.410000 0.127644
3.836377 1.413333 0.123126
3.845425 1.416667 0.118292
3.854473 1.420000 0.115088
3.863521 1.423333 0.112568
3.872569 1.426667 0.108015
3.881617 1.430000 0.103946
3.890665 1.433333 0.100609
3.899713 1.436667 0.096917
3.908761 1.440000 0.093195
3.917809 1.443333 0.090473
3.926857 1.446667 0.087935
3.935906 1.450000 0.085141
3.944954 1.453333 0.081297
3.954002 1.456667 0.079076
3.963050 1.460000 0.075553
3.972098 1.463333 0.072898
3.981146 1.466667 0.069903
3.990194 1.470000 0.068187
3.999242 1.473333 0.064957
4.008290 1.476667 0.062666
4.017338 1.480000 0.061493
4.026386 1.483333 0.058466
4.035434 1.486667 0.055166
4.044482 1.490000 0.053049
4.053530 1.493333 0.051671
4.062578 1.496667 0.050327
4.071626 1.500000 0.050308
4.080674 1.503333 0.047653
4.089723 1.506667 0.047928
4.098771 1.510000 0.045474
4.107819 1.513333 0.041880
4.116867 1.516667 0.041494
4.125915 1.520000 0.038267
4.134963 1.523333 0.037931
4.144011 1.526667 0.037621
4.153059 1.530000 0.035630
4.162107 1.533333 0.033926
4.171155 1.536667 0.031853
4.180203 1.540000 0.030672
4.189251 1.543333 0.029166
4.198299 1.546667 0.028481
4.207347 1.550000 0.027516
4.216395 1.553333 0.025367
4.225443 1.556667 0.023654
4.234491 1.560000 0.023409
4.243540 1.563333 0.023048
4.252588 1.566667 0.021816
4.261636 1.570000 0.020533
4.270684 1.573333 0.019119
4.279732 1.576667 0.018024
4.288780 1.580000 0.017419
4.297828 1.583333 0.017150
4.306876 1.586667 0.015548
4.315924 1.590000 0.015052
4.324972 1.593333 0.014584
4.334020 1.596667 0.013270
4.343068 1.600000 0.012318
4.352116 1.603333 0.011644
4.361164 1.606667 0.010878
4.370212 1.610000 0.010140
4.379260 1.613333 0.009260
4.388308 1.616667 0.008666
4.397357 1.620000 0.008392
4.406405 1.623333 0.007691
4.415453 1.626667 0.007351
4.424501 1.630000 0.006497
4.433549 1.633333 0.006069
4.442597 1.636667 0.006150
4.451645 1.640000 0.005099
4.460693 1.643333 0.004401
4.469741 1.646667 0.004166
4.478789 1.650000 0.003865
4.487837 1.653333 0.003457
4.496885 1.656667 0.002970
4.505933 1.660000 0.003001
4.514981 1.663333 0.002753
4.524029 1.666667 0.002355
4.533077 1.670000 0.002279
4.542125 1.673333 0.002202
4.551174 1.676667 0.001663
4.560222 1.680000 0.001526
4.569270 1.683333 0.001261
4.578318 1.686667 0.000947
4.587366 1.690000 0.000739
4.596414 1.693333 0.000633
4.605462 1.696667 0.000580
4.614510 1.700000 0.000647
4.623558 1.703333 0.000402
4.632606 1.706667 0.000262
4.641654 1.710000 0.000253
4.650702 1.713333 0.000200
4.659750 1.716667 0.000129
4.668798 1.720000 0.000061
4.677846 1.723333 0.000038
4.686894 1.726667 0.000001
4.695942 1.730000 0.000000
4.704991 1.733333 0.000000
4.714039 1.736667 0.000000
4.723087 1.740000 0.000000
4.732135 1.743333 0.000000
4.741183 1.746667 0.000000
4.750231 1.750000 0.000000
4.759279 1.753333 0.000000
4.768327 1.756667 0.000000
4.777375 1.760000 0.000000
4.786423 1.763333 0.000000
4.795471 1.766667 0.000000
4.804519 1.770000 0.000000
4.813567 1.773333 0.000000
4.822615 1.776667 0.000000
4.831663 1.780000 0.000000
4.840711 1.783333 0.000000
4.849759 1.786667 0.000000
4.858808 1.790000 0.000000
4.867856 1.793333 0.000000
4.876904 1.796667 0.000000
4.885952 1.800000 0.000000
4.895000 1.803333 0.000000
4.904048 1.806667 0.000000
4.913096 1.810000 0.000000
4.922144 1.813333 0.000000
4.931192 1.816667 0.000000
4.940240 1.820000 0.000000
4.949288 1.823333 0.000000
4.958336 1.826667 0.000000
4.967384 1.830000 0.000000
4.976432 1.833333 0.000000
4.985480 1.836667 0.000000
4.994528 1.840000 0.000000
5.003576 1.843333 0.000000
5.012625 1.846667 0.000000
5.021673 1.850000 0.000000
5.030721 1.853333 0.000000
5.039769 1.856667 0.000000
5.048817 1.860000 0.000000
5.057865 1.863333 0.000000
5.066913 1.866667 0.000000
5.075961 1.870000 0.000000
5.085009 1.873333 0.000000
5.094057 1.876667 0.000000
5.103105 1.880000 0.000000
5.112153 1.883333 0.000000
5.121201 1.886667 0.000000
5.130249 1.890000 0.000000
5.139297 1.893333 0.000000
5.148345 1.896667 0.000000
5.157393 1.900000 0.000000
5.166442 1.903333 0.000000
5.175490 1.906667 0.000000
5.184538 1.910000 0.000000
5.193586 1.913333 0.000000
5.202634 1.916667 0.000000
5.211682 1.920000 0.000000
5.220730 1.923333 0.000000
5.229778 1.926667 0.000000
5.238826 1.930000 0.000000
5.247874 1.933333 0.000000
5.256922 1.936667 0.000000
5.265970 1.940000 0.000000
5.275018 1.943333 0.000000
5.284066 1.946667 0.000000
5.293114 1.950000 0.000000
5.302162 1.953333 0.000000
5.311210 1.956667 0.000000
5.320259 1.960000 0.000000
5.329307 1.963333 0.000000
5.338355 1.966667 0.000000
5.347403 1.970000 0.000000
5.356451 1.973333 0.000000
5.365499 1.976667 0.000000
5.374547 1.980000 0.000000
5.383595 1.983333 0.000000
5.392643 1.986667 0.000000
5.401691 1.990000 0.000000
5.410739 1.993333 0.000000
5.419787 1.996667 0.000000
