0.000000 0.000000 0.000000
0.049120 0.003333 0.000000
0.098241 0.006667 0.000000
0.147361 0.010000 0.000000
0.196482 0.013333 0.000000
0.245602 0.016667 0.000000
0.294723 0.020000 0.000000
0.343843 0.023333 0.000000
0.392963 0.026667 0.000000
0.442084 0.030000 0.000000
0.491204 0.033333 0.000000
0.540325 0.036667 0.000000
0.589445 0.040000 0.000000
0.638565 0.043333 0.000000
0.687686 0.046667 0.000000
0.736806 0.050000 0.000000
0.785927 0.053333 0.000000
0.835047 0.056667 0.000000
0.884168 0.060000 0.000681
0.933288 0.063333 0.077082
0.982408 0.066667 0.611084
1.031529 0.070000 1.488203
1.080649 0.073333 2.063701
1.129770 0.076667 2.242274
1.178890 0.080000 2.101729
1.228010 0.083333 1.913344
1.277131 0.086667 1.723632
1.326251 0.090000 1.570747
1.375372 0.093333 1.438141
1.424492 0.096667 1.334132
1.473613 0.100000 1.265569
1.522733 0.103333 1.204118
1.571853 0.106667 1.148820
1.620974 0.110000 1.116784
1.670094 0.113333 1.093381
1.719215 0.116667 1.059985
1.768335 0.120000 1.031094
1.817456 0.123333 1.019070
1.866576 0.126667 1.019510
1.915696 0.130000 0.999399
1.964817 0.133333 0.998733
2.013937 0.136667 1.002384
2.063058 0.140000 0.995942
2.112178 0.143333 0.986100
2.161298 0.146667 0.979158
2.210419 0.150000 0.991180
2.259539 0.153333 0.984993
2.308660 0.156667 0.981051
2.357780 0.160000 0.991609
2.406901 0.163333 0.976735
2.456021 0.166667 0.980511
2.505141 0.170000 0.972579
2.554262 0.173333 0.965465
2.603382 0.176667 0.972411
2.652503 0.180000 0.967607
2.701623 0.183333 0.960243
2.750744 0.186667 0.967889
2.799864 0.190000 0.974180
2.848984 0.193333 0.963828
2.898105 0.196667 0.956711
2.947225 0.200000 0.967877
2.996346 0.203333 0.969835
3.045466 0.206667 0.970098
3.094586 0.210000 0.967566
3.143707 0.213333 0.967456
3.192827 0.216667 0.963382
3.241948 0.220000 0.958837
3.291068 0.223333 0.961684
3.340189 0.226667 0.960976
3.389309 0.230000 0.965015
3.438429 0.233333 0.966000
3.487550 0.236667 0.967910
3.536670 0.240000 0.965699
3.585791 0.243333 0.961200
3.634911 0.246667 0.968301
3.684031 0.250000 0.965642
3.733152 0.253333 0.973876
3.782272 0.256667 0.967848
3.831393 0.260000 0.970075
3.880513 0.263333 0.974615
3.929634 0.266667 0.970212
3.978754 0.270000 0.970601
4.027874 0.273333 0.967141
4.076995 0.276667 0.971300
4.126115 0.280000 0.974249
4.175236 0.283333 0.974946
4.224356 0.286667 0.974960
4.273477 0.290000 0.977247
4.322597 0.293333 0.971093
4.371717 0.296667 0.976727
4.420838 0.300000 0.970440
4.469958 0.303333 0.979439
4.519079 0.306667 0.974630
4.568199 0.310000 0.973614
4.617319 0.313333 0.974630
4.666440 0.316667 0.974890
4.715560 0.320000 0.977973
4.764681 0.323333 0.976960
4.813801 0.326667 0.972723
4.862922 0.330000 0.972120
4.912042 0.333333 0.976737
4.961162 0.336667 0.977336
5.010283 0.340000 0.975546
5.059403 0.343333 0.973282
5.108524 0.346667 0.976718
5.157644 0.350000 0.978377
5.206765 0.353333 0.977366
5.255885 0.356667 0.979144
5.305005 0.360000 0.978908
5.354126 0.363333 0.981001
5.403246 0.366667 0.981226
5.452367 0.370000 0.981950
5.501487 0.373333 0.979717
5.550607 0.376667 0.981433
5.599728 0.380000 0.979062
5.648848 0.383333 0.977552
5.697969 0.386667 0.982323
5.747089 0.390000 0.978402
5.796210 0.393333 0.981093
5.845330 0.396667 0.979924
5.894450 0.400000 0.981859
5.943571 0.403333 0.976344
5.992691 0.406667 0.979477
6.041812 0.410000 0.976195
6.090932 0.413333 0.981787
6.140052 0.416667 0.976768
6.189173 0.420000 0.979962
6.238293 0.423333 0.977142
6.287414 0.426667 0.983167
6.336534 0.430000 0.983887
6.385655 0.433333 0.984961
6.434775 0.436667 0.984127
6.483895 0.440000 0.986445
6.533016 0.443333 0.979182
6.582136 0.446667 0.985299
6.631257 0.450000 0.983853
6.680377 0.453333 0.987474
6.729498 0.456667 0.987686
6.778618 0.460000 0.987747
6.827738 0.463333 0.986889
6.876859 0.466667 0.989730
6.925979 0.470000 0.994027
6.975100 0.473333 0.989462
7.024220 0.476667 0.988513
7.073340 0.480000 0.991077
7.122461 0.483333 0.988386
7.171581 0.486667 0.989473
7.220702 0.490000 0.990552
7.269822 0.493333 0.988360
7.318943 0.496667 0.991984
7.368063 0.500000 0.992751
7.417183 0.503333 0.986235
7.466304 0.506667 0.989247
7.515424 0.510000 0.986851
7.564545 0.513333 0.985601
7.613665 0.516667 0.986133
7.662786 0.520000 0.987961
7.711906 0.523333 0.985944
7.761026 0.526667 0.982992
7.810147 0.530000 0.984430
7.859267 0.533333 0.983917
7.908388 0.536667 0.983457
7.957508 0.540000 0.986260
8.006628 0.543333 0.986259
8.055749 0.546667 0.984066
8.104869 0.550000 0.985354
8.153990 0.553333 0.985975
8.203110 0.556667 0.984096
8.252231 0.560000 0.987015
8.301351 0.563333 0.984794
8.350471 0.566667 0.984542
8.399592 0.570000 0.982935
8.448712 0.573333 0.983414
8.497833 0.576667 0.986010
8.546953 0.580000 0.986014
8.596073 0.583333 0.985446
8.645194 0.586667 0.984637
8.694314 0.590000 0.985091
8.743435 0.593333 0.985124
8.792555 0.596667 0.983742
8.841676 0.600000 0.984608
8.890796 0.603333 0.984851
8.939916 0.606667 0.982904
8.989037 0.610000 0.984618
9.038157 0.613333 0.985258
9.087278 0.616667 0.983333
9.136398 0.620000 0.981495
9.185519 0.623333 0.985535
9.234639 0.626667 0.981216
9.283759 0.630000 0.984174
9.332880 0.633333 0.984022
9.382000 0.636667 0.982933
9.431121 0.640000 0.985442
9.480241 0.643333 0.982272
9.529361 0.646667 0.986677
9.578482 0.650000 0.985569
9.627602 0.653333 0.986080
9.676723 0.656667 0.986004
9.725843 0.660000 0.985437
9.774964 0.663333 0.986131
9.824084 0.666667 0.986748
9.873204 0.670000 0.983583
9.922325 0.673333 0.984699
9.971445 0.676667 0.985116
10.020566 0.680000 0.984644
10.069686 0.683333 0.985593
10.118807 0.686667 0.986856
10.167927 0.690000 0.988837
10.217047 0.693333 0.986181
10.266168 0.696667 0.986525
10.315288 0.700000 0.987982
10.364409 0.703333 0.988126
10.413529 0.706667 0.988231
10.462649 0.710000 0.985447
10.511770 0.713333 0.987129
10.560890 0.716667 0.987642
10.610011 0.720000 0.988190
10.659131 0.723333 0.989043
10.708252 0.726667 0.990296
10.757372 0.730000 0.989459
10.806492 0.733333 0.990271
10.855613 0.736667 0.990562
10.904733 0.740000 0.989774
10.953854 0.743333 0.987574
11.002974 0.746667 0.990188
11.052094 0.750000 0.988571
11.101215 0.753333 0.987646
11.150335 0.756667 0.988946
11.199456 0.760000 0.988048
11.248576 0.763333 0.988318
11.297697 0.766667 0.989522
11.346817 0.770000 0.986648
11.395937 0.773333 0.989972
11.445058 0.776667 0.989289
11.494178 0.780000 0.990181
11.543299 0.783333 0.988932
11.592419 0.786667 0.988856
11.641540 0.790000 0.991287
11.690660 0.793333 0.989902
11.739780 0.796667 0.992135
11.788901 0.800000 0.993244
11.838021 0.803333 0.991913
11.887142 0.806667 0.991113
11.936262 0.810000 0.988800
11.985382 0.813333 0.990780
12.034503 0.816667 0.991821
12.083623 0.820000 0.992198
12.132744 0.823333 0.990923
12.181864 0.826667 0.990703
12.230985 0.830000 0.990491
12.280105 0.833333 0.989585
12.329225 0.836667 0.990970
12.378346 0.840000 0.990477
12.427466 0.843333 0.990388
12.476587 0.846667 0.991444
12.525707 0.850000 0.992749
12.574828 0.853333 0.990046
12.623948 0.856667 0.990009
12.673068 0.860000 0.991033
12.722189 0.863333 0.989341
12.771309 0.866667 0.990661
12.820430 0.870000 0.990058
12.869550 0.873333 0.992538
12.918670 0.876667 0.991073
12.967791 0.880000 0.992673
13.016911 0.883333 0.992071
13.066032 0.886667 0.991918
13.115152 0.890000 0.990349
13.164273 0.893333 0.992303
13.213393 0.896667 0.992084
13.262513 0.900000 0.992343
13.311634 0.903333 0.991511
13.360754 0.906667 0.993564
13.409875 0.910000 0.992671
13.458995 0.913333 0.990811
13.508115 0.916667 0.992401
13.557236 0.920000 0.990992
13.606356 0.923333 0.992729
13.655477 0.926667 0.991075
13.704597 0.930000 0.991022
13.753718 0.933333 0.991792
13.802838 0.936667 0.990862
13.851958 0.940000 0.990606
13.901079 0.943333 0.991405
13.950199 0.946667 0.990639
13.999320 0.950000 0.989417
14.048440 0.953333 0.989953
14.097561 0.956667 0.989560
14.146681 0.960000 0.990672
14.195801 0.963333 0.990486
14.244922 0.966667 0.989328
14.294042 0.970000 0.990804
14.343163 0.973333 0.990264
14.392283 0.976667 0.989286
14.441403 0.980000 0.989024
14.490524 0.983333 0.989842
14.539644 0.986667 0.988222
14.588765 0.990000 0.988657
14.637885 0.993333 0.989431
14.687006 0.996667 0.989263
14.736126 1.000000 0.988375
14.785246 1.003333 0.980002
14.834367 1.006667 0.970028
14.883487 1.010000 0.960934
14.932608 1.013333 0.951900
14.981728 1.016667 0.943009
15.030849 1.020000 0.933529
15.079969 1.023333 0.923171
15.129089 1.026667 0.915599
15.178210 1.030000 0.905433
15.227330 1.033333 0.895904
15.276451 1.036667 0.888320
15.325571 1.040000 0.879245
15.374691 1.043333 0.869327
15.423812 1.046667 0.861013
15.472932 1.050000 0.850788
15.522053 1.053333 0.841941
15.571173 1.056667 0.832643
15.620294 1.060000 0.823527
15.669414 1.063333 0.815167
15.718534 1.066667 0.806805
15.767655 1.070000 0.797005
15.816775 1.073333 0.787882
15.865896 1.076667 0.778746
15.915016 1.080000 0.771779
15.964136 1.083333 0.763763
16.013257 1.086667 0.754442
16.062377 1.090000 0.746039
16.111498 1.093333 0.737443
16.160618 1.096667 0.730145
16.209739 1.100000 0.720393
16.258859 1.103333 0.712842
16.307979 1.106667 0.704702
16.357100 1.110000 0.697123
16.406220 1.113333 0.688850
16.455341 1.116667 0.680315
16.504461 1.120000 0.674357
16.553582 1.123333 0.664837
16.602702 1.126667 0.658294
16.651822 1.130000 0.649026
16.700943 1.133333 0.641622
16.750063 1.136667 0.633720
16.799184 1.140000 0.626824
16.848304 1.143333 0.618870
16.897424 1.146667 0.610873
16.946545 1.150000 0.604832
16.995665 1.153333 0.597957
17.044786 1.156667 0.589764
17.093906 1.160000 0.583412
17.143027 1.163333 0.576182
17.192147 1.166667 0.568357
17.241267 1.170000 0.561167
17.290388 1.173333 0.554107
17.339508 1.176667 0.546714
17.388629 1.180000 0.539443
17.437749 1.183333 0.532485
17.486870 1.186667 0.526063
17.535990 1.190000 0.517779
17.585110 1.193333 0.512605
17.634231 1.196667 0.505549
17.683351 1.200000 0.498382
17.732472 1.203333 0.491540
17.781592 1.206667 0.483463
17.830712 1.210000 0.477818
17.879833 1.213333 0.470938
17.928953 1.216667 0.464937
17.978074 1.220000 0.457666
18.027194 1.223333 0.450507
18.076315 1.226667 0.444623
18.125435 1.230000 0.438251
18.174555 1.233333 0.431939
18.223676 1.236667 0.424830
18.272796 1.240000 0.418196
18.321917 1.243333 0.411935
18.371037 1.246667 0.406261
18.420157 1.250000 0.399310
18.469278 1.253333 0.393512
18.518398 1.256667 0.386897
18.567519 1.260000 0.379748
18.616639 1.263333 0.373713
18.665760 1.266667 0.368951
18.714880 1.270000 0.361819
18.764000 1.273333 0.355453
18.813121 1.276667 0.349281
18.862241 1.280000 0.342900
18.911362 1.283333 0.337794
18.960482 1.286667 0.331446
19.009603 1.290000 0.325543
19.058723 1.293333 0.319343
19.107843 1.296667 0.313593
19.156964 1.300000 0.308116
19.206084 1.303333 0.302212
19.255205 1.306667 0.296429
19.304325 1.310000 0.290492
19.353445 1.313333 0.285408
19.402566 1.316667 0.278633
19.451686 1.320000 0.273486
19.500807 1.323333 0.267328
19.549927 1.326667 0.261592
19.599048 1.330000 0.255902
19.648168 1.333333 0.250618
19.697288 1.336667 0.244669
19.746409 1.340000 0.239792
19.795529 1.343333 0.233588
19.844650 1.346667 0.228631
19.893770 1.350000 0.222898
19.942891 1.353333 0.217719
19.992011 1.356667 0.211885
20.041131 1.360000 0.207030
20.090252 1.363333 0.201213
20.139372 1.366667 0.196220
20.188493 1.370000 0.190400
20.237613 1.373333 0.184488
20.286733 1.376667 0.179421
20.335854 1.380000 0.174315
20.384974 1.383333 0.169424
20.434095 1.386667 0.163902
20.483215 1.390000 0.158363
20.532336 1.393333 0.154180
20.581456 1.396667 0.148795
20.630576 1.400000 0.143514
20.679697 1.403333 0.138713
20.728817 1.406667 0.133612
20.777938 1.410000 0.128816
20.827058 1.413333 0.123434
20.876178 1.416667 0.119150
20.925299 1.420000 0.114432
20.974419 1.423333 0.110392
21.023540 1.426667 0.106953
21.072660 1.430000 0.102598
21.121781 1.433333 0.099405
21.170901 1.436667 0.095765
21.220021 1.440000 0.092789
21.269142 1.443333 0.089772
21.318262 1.446667 0.086709
21.367383 1.450000 0.083530
21.416503 1.453333 0.080860
21.465624 1.456667 0.078141
21.514744 1.460000 0.075332
21.563864 1.463333 0.072623
21.612985 1.466667 0.070411
21.662105 1.470000 0.067985
21.711226 1.473333 0.065373
21.760346 1.476667 0.063159
21.809466 1.480000 0.060972
21.858587 1.483333 0.058864
21.907707 1.486667 0.056675
21.956828 1.490000 0.054710
22.005948 1.493333 0.052552
22.055069 1.496667 0.050679
22.104189 1.500000 0.048992
22.153309 1.503333 0.047291
22.202430 1.506667 0.045429
22.251550 1.510000 0.043572
22.300671 1.513333 0.042003
22.349791 1.516667 0.040481
22.398912 1.520000 0.038708
22.448032 1.523333 0.037240
22.497152 1.526667 0.035904
22.546273 1.530000 0.034371
22.595393 1.533333 0.032912
22.644514 1.536667 0.031383
22.693634 1.540000 0.030189
22.742754 1.543333 0.028827
22.791875 1.546667 0.027592
22.840995 1.550000 0.026414
22.890116 1.553333 0.025313
22.939236 1.556667 0.024048
22.988357 1.560000 0.023260
23.037477 1.563333 0.021965
23.086597 1.566667 0.020951
23.135718 1.570000 0.020068
23.184838 1.573333 0.019052
23.233959 1.576667 0.018020
23.283079 1.580000 0.017228
23.332199 1.583333 0.016340
23.381320 1.586667 0.015472
23.430440 1.590000 0.014609
23.479561 1.593333 0.013975
23.528681 1.596667 0.013139
23.577802 1.600000 0.012335
23.626922 1.603333 0.011673
23.676042 1.606667 0.010988
23.725163 1.610000 0.010227
23.774283 1.613333 0.009629
23.823404 1.616667 0.008962
23.872524 1.620000 0.008456
23.921645 1.623333 0.007863
23.970765 1.626667 0.007356
24.019885 1.630000 0.006873
24.069006 1.633333 0.006366
24.118126 1.636667 0.005855
24.167247 1.640000 0.005470
24.216367 1.643333 0.005052
24.265487 1.646667 0.004665
24.314608 1.650000 0.004229
24.363728 1.653333 0.003805
24.412849 1.656667 0.003436
24.461969 1.660000 0.003194
24.511090 1.663333 0.002811
24.560210 1.666667 0.002555
24.609330 1.670000 0.002333
24.658451 1.673333 0.002043
24.707571 1.676667 0.001796
24.756692 1.680000 0.001577
24.805812 1.683333 0.001357
24.854933 1.686667 0.001144
24.904053 1.690000 0.001018
24.953173 1.693333 0.000882
25.002294 1.696667 0.000688
25.051414 1.700000 0.000578
25.100535 1.703333 0.000449
25.149655 1.706667 0.000353
25.198775 1.710000 0.000269
25.247896 1.713333 0.000208
25.297016 1.716667 0.000132
25.346137 1.720000 0.000077
25.395257 1.723333 0.000045
25.444378 1.726667 0.000014
25.493498 1.730000 0.000003
25.542618 1.733333 0.000000
25.591739 1.736667 0.000000
25.640859 1.740000 0.000000
25.689980 1.743333 0.000000
25.739100 1.746667 0.000000
25.788220 1.750000 0.000000
25.837341 1.753333 0.000000
25.886461 1.756667 0.000000
25.935582 1.760000 0.000000
25.984702 1.763333 0.000000
26.033823 1.766667 0.000000
26.082943 1.770000 0.000000
26.132063 1.773333 0.000000
26.181184 1.776667 0.000000
26.230304 1.780000 0.000000
26.279425 1.783333 0.000000
26.328545 1.786667 0.000000
26.377666 1.790000 0.000000
26.426786 1.793333 0.000000
26.475906 1.796667 0.000000
26.525027 1.800000 0.000000
26.574147 1.803333 0.000000
26.623268 1.806667 0.000000
26.672388 1.810000 0.000000
26.721508 1.813333 0.000000
26.770629 1.816667 0.000000
26.819749 1.820000 0.000000
26.868870 1.823333 0.000000
26.917990 1.826667 0.000000
26.967111 1.830000 0.000000
27.016231 1.833333 0.000000
27.065351 1.836667 0.000000
27.114472 1.840000 0.000000
27.163592 1.843333 0.000000
27.212713 1.846667 0.000000
27.261833 1.850000 0.000000
27.310954 1.853333 0.000000
27.360074 1.856667 0.000000
27.409194 1.860000 0.000000
27.458315 1.863333 0.000000
27.507435 1.866667 0.000000
27.556556 1.870000 0.000000
27.605676 1.873333 0.000000
27.654796 1.876667 0.000000
27.703917 1.880000 0.000000
27.753037 1.883333 0.000000
27.802158 1.886667 0.000000
27.851278 1.890000 0.000000
27.900399 1.893333 0.000000
27.949519 1.896667 0.000000
27.998639 1.900000 0.000000
28.047760 1.903333 0.000000
28.096880 1.906667 0.000000
28.146001 1.910000 0.000000
28.195121 1.913333 0.000000
28.244241 1.916667 0.000000
28.293362 1.920000 0.000000
28.342482 1.923333 0.000000
28.391603 1.926667 0.000000
28.440723 1.930000 0.000000
28.489844 1.933333 0.000000
28.538964 1.936667 0.000000
28.588084 1.940000 0.000000
28.637205 1.943333 0.000000
28.686325 1.946667 0.000000
28.735446 1.950000 0.000000
28.784566 1.953333 0.000000
28.833687 1.956667 0.000000
28.882807 1.960000 0.000000
28.931927 1.963333 0.000000
28.981048 1.966667 0.000000
29.030168 1.970000 0.000000
29.079289 1.973333 0.000000
29.128409 1.976667 0.000000
29.177529 1.980000 0.000000
29.226650 1.983333 0.000000
29.275770 1.986667 0.000000
29.324891 1.990000 0.000000
29.374011 1.993333 0.000000
29.423132 1.996667 0.000000
