0.000000 0.000000 0.000000
0.049120 0.003333 0.000000
0.098241 0.006667 0.000000
0.147361 0.010000 0.000000
0.196482 0.013333 0.000000
0.245602 0.016667 0.000000
0.294723 0.020000 0.000000
0.343843 0.023333 0.000000
0.392963 0.026667 0.000000
0.442084 0.030000 0.000000
0.491204 0.033333 0.000000
0.540325 0.036667 0.000000
0.589445 0.040000 0.000000
0.638565 0.043333 0.000000
0.687686 0.046667 0.000000
0.736806 0.050000 0.000000
0.785927 0.053333 0.000000
0.835047 0.056667 0.000035
0.884168 0.060000 0.001032
0.933288 0.063333 0.084047
0.982408 0.066667 0.641782
1.031529 0.070000 1.584419
1.080649 0.073333 2.206732
1.129770 0.076667 2.347343
1.178890 0.080000 2.227369
1.228010 0.083333 2.023100
1.277131 0.086667 1.816991
1.326251 0.090000 1.646357
1.375372 0.093333 1.514939
1.424492 0.096667 1.409579
1.473613 0.100000 1.322088
1.522733 0.103333 1.260986
1.571853 0.106667 1.201045
1.620974 0.110000 1.164583
1.670094 0.113333 1.131357
1.719215 0.116667 1.106726
1.768335 0.120000 1.085550
1.817456 0.123333 1.071454
1.866576 0.126667 1.055858
1.915696 0.130000 1.046958
1.964817 0.133333 1.040100
2.013937 0.136667 1.032617
2.063058 0.140000 1.028732
2.112178 0.143333 1.018932
2.161298 0.146667 1.019198
2.210419 0.150000 1.012980
2.259539 0.153333 1.014409
2.308660 0.156667 1.007319
2.357780 0.160000 1.008825
2.406901 0.163333 0.999750
2.456021 0.166667 0.998504
2.505141 0.170000 0.997984
2.554262 0.173333 0.990371
2.603382 0.176667 0.994368
2.652503 0.180000 0.991770
2.701623 0.183333 0.986871
2.750744 0.186667 0.989642
2.799864 0.190000 0.987480
2.848984 0.193333 0.986885
2.898105 0.196667 0.985969
2.947225 0.200000 0.982245
2.996346 0.203333 0.985832
3.045466 0.206667 0.984067
3.094586 0.210000 0.984146
3.143707 0.213333 0.982501
3.192827 0.216667 0.983509
3.241948 0.220000 0.981805
3.291068 0.223333 0.980866
3.340189 0.226667 0.980307
3.389309 0.230000 0.983980
3.438429 0.233333 0.980908
3.487550 0.236667 0.981833
3.536670 0.240000 0.979375
3.585791 0.243333 0.979413
3.634911 0.246667 0.981493
3.684031 0.250000 0.981019
3.733152 0.253333 0.982367
3.782272 0.256667 0.981551
3.831393 0.260000 0.980649
3.880513 0.263333 0.981197
3.929634 0.266667 0.979206
3.978754 0.270000 0.981037
4.027874 0.273333 0.979614
4.076995 0.276667 0.981024
4.126115 0.280000 0.979899
4.175236 0.283333 0.978561
4.224356 0.286667 0.979104
4.273477 0.290000 0.977698
4.322597 0.293333 0.978190
4.371717 0.296667 0.980072
4.420838 0.300000 0.977141
4.469958 0.303333 0.979619
4.519079 0.306667 0.978764
4.568199 0.310000 0.975574
4.617319 0.313333 0.976106
4.666440 0.316667 0.977892
4.715560 0.320000 0.978757
4.764681 0.323333 0.978489
4.813801 0.326667 0.975152
4.862922 0.330000 0.977183
4.912042 0.333333 0.977975
4.961162 0.336667 0.977413
5.010283 0.340000 0.977761
5.059403 0.343333 0.978099
5.108524 0.346667 0.978810
5.157644 0.350000 0.979677
5.206765 0.353333 0.978557
5.255885 0.356667 0.978275
5.305005 0.360000 0.978316
5.354126 0.363333 0.979982
5.403246 0.366667 0.979630
5.452367 0.370000 0.980593
5.501487 0.373333 0.980201
5.550607 0.376667 0.979120
5.599728 0.380000 0.979963
5.648848 0.383333 0.979584
5.697969 0.386667 0.981690
5.747089 0.390000 0.981144
5.796210 0.393333 0.981864
5.845330 0.396667 0.980339
5.894450 0.400000 0.980676
5.943571 0.403333 0.981933
5.992691 0.406667 0.982576
6.041812 0.410000 0.980874
6.090932 0.413333 0.984712
6.140052 0.416667 0.981588
6.189173 0.420000 0.981697
6.238293 0.423333 0.983006
6.287414 0.426667 0.983498
6.336534 0.430000 0.983778
6.385655 0.433333 0.983951
6.434775 0.436667 0.983036
6.483895 0.440000 0.984050
6.533016 0.443333 0.984380
6.582136 0.446667 0.983558
6.631257 0.450000 0.984289
6.680377 0.453333 0.984351
6.729498 0.456667 0.984778
6.778618 0.460000 0.984536
6.827738 0.463333 0.985721
6.876859 0.466667 0.986247
6.925979 0.470000 0.986915
6.975100 0.473333 0.985849
7.024220 0.476667 0.985811
7.073340 0.480000 0.986976
7.122461 0.483333 0.986175
7.171581 0.486667 0.985544
7.220702 0.490000 0.986532
7.269822 0.493333 0.986123
7.318943 0.496667 0.986722
7.368063 0.500000 0.986336
7.417183 0.503333 0.984389
7.466304 0.506667 0.985850
7.515424 0.510000 0.985791
7.564545 0.513333 0.984623
7.613665 0.516667 0.985847
7.662786 0.520000 0.985361
7.711906 0.523333 0.984659
7.761026 0.526667 0.985368
7.810147 0.530000 0.983914
7.859267 0.533333 0.984657
7.908388 0.536667 0.985935
7.957508 0.540000 0.985885
8.006628 0.543333 0.985344
8.055749 0.546667 0.985259
8.104869 0.550000 0.985303
8.153990 0.553333 0.986765
8.203110 0.556667 0.985679
8.252231 0.560000 0.985740
8.301351 0.563333 0.985841
8.350471 0.566667 0.986149
8.399592 0.570000 0.986439
8.448712 0.573333 0.986693
8.497833 0.576667 0.987314
8.546953 0.580000 0.987622
8.596073 0.583333 0.987049
8.645194 0.586667 0.986200
8.694314 0.590000 0.986992
8.743435 0.593333 0.986684
8.792555 0.596667 0.986600
8.841676 0.600000 0.986488
8.890796 0.603333 0.986244
8.939916 0.606667 0.985047
8.989037 0.610000 0.986825
9.038157 0.613333 0.987144
9.087278 0.616667 0.987519
9.136398 0.620000 0.985930
9.185519 0.623333 0.987489
9.234639 0.626667 0.986980
9.283759 0.630000 0.986902
9.332880 0.633333 0.987201
9.382000 0.636667 0.988610
9.431121 0.640000 0.988625
9.480241 0.643333 0.987805
9.529361 0.646667 0.987937
9.578482 0.650000 0.986952
9.627602 0.653333 0.987603
9.676723 0.656667 0.987382
9.725843 0.660000 0.987669
9.774964 0.663333 0.988077
9.824084 0.666667 0.988159
9.873204 0.670000 0.987696
9.922325 0.673333 0.989066
9.971445 0.676667 0.989414
10.020566 0.680000 0.988746
10.069686 0.683333 0.987522
10.118807 0.686667 0.989274
10.167927 0.690000 0.988251
10.217047 0.693333 0.988838
10.266168 0.696667 0.988731
10.315288 0.700000 0.989007
10.364409 0.703333 0.988455
10.413529 0.706667 0.988906
10.462649 0.710000 0.988996
10.511770 0.713333 0.988625
10.560890 0.716667 0.989030
10.610011 0.720000 0.988847
10.659131 0.723333 0.989327
10.708252 0.726667 0.989411
10.757372 0.730000 0.989827
10.806492 0.733333 0.990277
10.855613 0.736667 0.990036
10.904733 0.740000 0.988536
10.953854 0.743333 0.989099
11.002974 0.746667 0.989496
11.052094 0.750000 0.989173
11.101215 0.753333 0.990623
11.150335 0.756667 0.989423
11.199456 0.760000 0.989376
11.248576 0.763333 0.988939
11.297697 0.766667 0.990435
11.346817 0.770000 0.988511
11.395937 0.773333 0.989618
11.445058 0.776667 0.989486
11.494178 0.780000 0.989262
11.543299 0.783333 0.990071
11.592419 0.786667 0.989351
11.641540 0.790000 0.990380
11.690660 0.793333 0.989902
11.739780 0.796667 0.989530
11.788901 0.800000 0.991270
11.838021 0.803333 0.990393
11.887142 0.806667 0.989763
11.936262 0.810000 0.989787
11.985382 0.813333 0.990220
12.034503 0.816667 0.990346
12.083623 0.820000 0.990393
12.132744 0.823333 0.989537
12.181864 0.826667 0.989658
12.230985 0.830000 0.989909
12.280105 0.833333 0.989505
12.329225 0.836667 0.990210
12.378346 0.840000 0.989619
12.427466 0.843333 0.990002
12.476587 0.846667 0.990228
12.525707 0.850000 0.990039
12.574828 0.853333 0.989943
12.623948 0.856667 0.989462
12.673068 0.860000 0.990268
12.722189 0.863333 0.989571
12.771309 0.866667 0.990147
12.820430 0.870000 0.990397
12.869550 0.873333 0.990796
12.918670 0.876667 0.990296
12.967791 0.880000 0.991295
13.016911 0.883333 0.989692
13.066032 0.886667 0.990901
13.115152 0.890000 0.989772
13.164273 0.893333 0.990102
13.213393 0.896667 0.990753
13.262513 0.900000 0.990398
13.311634 0.903333 0.990354
13.360754 0.906667 0.991502
13.409875 0.910000 0.990064
13.458995 0.913333 0.989930
13.508115 0.916667 0.990002
13.557236 0.920000 0.990091
13.606356 0.923333 0.990952
13.655477 0.926667 0.991113
13.704597 0.930000 0.991051
13.753718 0.933333 0.990379
13.802838 0.936667 0.990487
13.851958 0.940000 0.990248
13.901079 0.943333 0.991057
13.950199 0.946667 0.990907
13.999320 0.950000 0.990358
14.048440 0.953333 0.990356
14.097561 0.956667 0.990366
14.146681 0.960000 0.989998
14.195801 0.963333 0.991213
14.244922 0.966667 0.991339
14.294042 0.970000 0.991144
14.343163 0.973333 0.991024
14.392283 0.976667 0.990806
14.441403 0.980000 0.991099
14.490524 0.983333 0.991774
14.539644 0.986667 0.990678
14.588765 0.990000 0.990747
14.637885 0.993333 0.991198
14.687006 0.996667 0.991867
14.736126 1.000000 0.990431
14.785246 1.003333 0.981971
14.834367 1.006667 0.972444
14.883487 1.010000 0.962850
14.932608 1.013333 0.952737
14.981728 1.016667 0.943451
15.030849 1.020000 0.933872
15.079969 1.023333 0.924217
15.129089 1.026667 0.915703
15.178210 1.030000 0.905584
15.227330 1.033333 0.896789
15.276451 1.036667 0.888213
15.325571 1.040000 0.879227
15.374691 1.043333 0.869463
15.423812 1.046667 0.860883
15.472932 1.050000 0.851920
15.522053 1.053333 0.842924
15.571173 1.056667 0.834330
15.620294 1.060000 0.825676
15.669414 1.063333 0.816910
15.718534 1.066667 0.808417
15.767655 1.070000 0.799041
15.816775 1.073333 0.790872
15.865896 1.076667 0.782960
15.915016 1.080000 0.773849
15.964136 1.083333 0.765552
16.013257 1.086667 0.756814
16.062377 1.090000 0.748730
16.111498 1.093333 0.740253
16.160618 1.096667 0.732284
16.209739 1.100000 0.723647
16.258859 1.103333 0.716063
16.307979 1.106667 0.707350
16.357100 1.110000 0.699911
16.406220 1.113333 0.690931
16.455341 1.116667 0.683101
16.504461 1.120000 0.675666
16.553582 1.123333 0.667230
16.602702 1.126667 0.659464
16.651822 1.130000 0.651638
16.700943 1.133333 0.643888
16.750063 1.136667 0.635960
16.799184 1.140000 0.628721
16.848304 1.143333 0.621050
16.897424 1.146667 0.613409
16.946545 1.150000 0.606238
16.995665 1.153333 0.598897
17.044786 1.156667 0.591281
17.093906 1.160000 0.584570
17.143027 1.163333 0.576431
17.192147 1.166667 0.568933
17.241267 1.170000 0.561736
17.290388 1.173333 0.554569
17.339508 1.176667 0.547447
17.388629 1.180000 0.540075
17.437749 1.183333 0.532952
17.486870 1.186667 0.525737
17.535990 1.190000 0.518453
17.585110 1.193333 0.512107
17.634231 1.196667 0.504824
17.683351 1.200000 0.497883
17.732472 1.203333 0.490894
17.781592 1.206667 0.483590
17.830712 1.210000 0.477050
17.879833 1.213333 0.470591
17.928953 1.216667 0.463961
17.978074 1.220000 0.456691
18.027194 1.223333 0.449841
18.076315 1.226667 0.443659
18.125435 1.230000 0.436934
18.174555 1.233333 0.430267
18.223676 1.236667 0.423691
18.272796 1.240000 0.417260
18.321917 1.243333 0.411103
18.371037 1.246667 0.404624
18.420157 1.250000 0.398121
18.469278 1.253333 0.391816
18.518398 1.256667 0.385545
18.567519 1.260000 0.379183
18.616639 1.263333 0.373047
18.665760 1.266667 0.367154
18.714880 1.270000 0.360844
18.764000 1.273333 0.354552
18.813121 1.276667 0.348144
18.862241 1.280000 0.342406
18.911362 1.283333 0.336514
18.960482 1.286667 0.330482
19.009603 1.290000 0.324291
19.058723 1.293333 0.318552
19.107843 1.296667 0.312552
19.156964 1.300000 0.306674
19.206084 1.303333 0.300808
19.255205 1.306667 0.294802
19.304325 1.310000 0.289027
19.353445 1.313333 0.283290
19.402566 1.316667 0.277467
19.451686 1.320000 0.271833
19.500807 1.323333 0.265835
19.549927 1.326667 0.260550
19.599048 1.330000 0.254655
19.648168 1.333333 0.249284
19.697288 1.336667 0.243378
19.746409 1.340000 0.238148
19.795529 1.343333 0.232656
19.844650 1.346667 0.227102
19.893770 1.350000 0.221768
19.942891 1.353333 0.216161
19.992011 1.356667 0.210798
20.041131 1.360000 0.205589
20.090252 1.363333 0.200169
20.139372 1.366667 0.195034
20.188493 1.370000 0.189347
20.237613 1.373333 0.183999
20.286733 1.376667 0.179087
20.335854 1.380000 0.173463
20.384974 1.383333 0.168320
20.434095 1.386667 0.163248
20.483215 1.390000 0.157812
20.532336 1.393333 0.152981
20.581456 1.396667 0.147692
20.630576 1.400000 0.142571
20.679697 1.403333 0.137580
20.728817 1.406667 0.132538
20.777938 1.410000 0.127503
20.827058 1.413333 0.122452
20.876178 1.416667 0.117978
20.925299 1.420000 0.113440
20.974419 1.423333 0.109555
21.023540 1.426667 0.105711
21.072660 1.430000 0.102004
21.121781 1.433333 0.098612
21.170901 1.436667 0.095093
21.220021 1.440000 0.091949
21.269142 1.443333 0.088740
21.318262 1.446667 0.085626
21.367383 1.450000 0.082846
21.416503 1.453333 0.079870
21.465624 1.456667 0.077260
21.514744 1.460000 0.074541
21.563864 1.463333 0.071854
21.612985 1.466667 0.069478
21.662105 1.470000 0.067130
21.711226 1.473333 0.064764
21.760346 1.476667 0.062375
21.809466 1.480000 0.060312
21.858587 1.483333 0.058056
21.907707 1.486667 0.055990
21.956828 1.490000 0.053906
22.005948 1.493333 0.051972
22.055069 1.496667 0.050154
22.104189 1.500000 0.048236
22.153309 1.503333 0.046423
22.202430 1.506667 0.044745
22.251550 1.510000 0.043088
22.300671 1.513333 0.041429
22.349791 1.516667 0.039822
22.398912 1.520000 0.038279
22.448032 1.523333 0.036825
22.497152 1.526667 0.035358
22.546273 1.530000 0.033947
22.595393 1.533333 0.032588
22.644514 1.536667 0.031245
22.693634 1.540000 0.029943
22.742754 1.543333 0.028596
22.791875 1.546667 0.027421
22.840995 1.550000 0.026269
22.890116 1.553333 0.025122
22.939236 1.556667 0.023993
22.988357 1.560000 0.022975
23.037477 1.563333 0.021885
23.086597 1.566667 0.020859
23.135718 1.570000 0.019901
23.184838 1.573333 0.018937
23.233959 1.576667 0.018048
23.283079 1.580000 0.017145
23.332199 1.583333 0.016294
23.381320 1.586667 0.015395
23.430440 1.590000 0.014622
23.479561 1.593333 0.013890
23.528681 1.596667 0.013090
23.577802 1.600000 0.012336
23.626922 1.603333 0.011665
23.676042 1.606667 0.011001
23.725163 1.610000 0.010256
23.774283 1.613333 0.009665
23.823404 1.616667 0.009036
23.872524 1.620000 0.008502
23.921645 1.623333 0.007918
23.970765 1.626667 0.007403
24.019885 1.630000 0.006868
24.069006 1.633333 0.006376
24.118126 1.636667 0.005917
24.167247 1.640000 0.005467
24.216367 1.643333 0.005043
24.265487 1.646667 0.004669
24.314608 1.650000 0.004253
24.363728 1.653333 0.003902
24.412849 1.656667 0.003539
24.461969 1.660000 0.003217
24.511090 1.663333 0.002891
24.560210 1.666667 0.002598
24.609330 1.670000 0.002340
24.658451 1.673333 0.002069
24.707571 1.676667 0.001832
24.756692 1.680000 0.001620
24.805812 1.683333 0.001402
24.854933 1.686667 0.001196
24.904053 1.690000 0.001039
24.953173 1.693333 0.000872
25.002294 1.696667 0.000725
25.051414 1.700000 0.000595
25.100535 1.703333 0.000470
25.149655 1.706667 0.000365
25.198775 1.710000 0.000284
25.247896 1.713333 0.000198
25.297016 1.716667 0.000137
25.346137 1.720000 0.000081
25.395257 1.723333 0.000043
25.444378 1.726667 0.000016
25.493498 1.730000 0.000003
25.542618 1.733333 0.000000
25.591739 1.736667 0.000000
25.640859 1.740000 0.000000
25.689980 1.743333 0.000000
25.739100 1.746667 0.000000
25.788220 1.750000 0.000000
25.837341 1.753333 0.000000
25.886461 1.756667 0.000000
25.935582 1.760000 0.000000
25.984702 1.763333 0.000000
26.033823 1.766667 0.000000
26.082943 1.770000 0.000000
26.132063 1.773333 0.000000
26.181184 1.776667 0.000000
26.230304 1.780000 0.000000
26.279425 1.783333 0.000000
26.328545 1.786667 0.000000
26.377666 1.790000 0.000000
26.426786 1.793333 0.000000
26.475906 1.796667 0.000000
26.525027 1.800000 0.000000
26.574147 1.803333 0.000000
26.623268 1.806667 0.000000
26.672388 1.810000 0.000000
26.721508 1.813333 0.000000
26.770629 1.816667 0.000000
26.819749 1.820000 0.000000
26.868870 1.823333 0.000000
26.917990 1.826667 0.000000
26.967111 1.830000 0.000000
27.016231 1.833333 0.000000
27.065351 1.836667 0.000000
27.114472 1.840000 0.000000
27.163592 1.843333 0.000000
27.212713 1.846667 0.000000
27.261833 1.850000 0.000000
27.310954 1.853333 0.000000
27.360074 1.856667 0.000000
27.409194 1.860000 0.000000
27.458315 1.863333 0.000000
27.507435 1.866667 0.000000
27.556556 1.870000 0.000000
27.605676 1.873333 0.000000
27.654796 1.876667 0.000000
27.703917 1.880000 0.000000
27.753037 1.883333 0.000000
27.802158 1.886667 0.000000
27.851278 1.890000 0.000000
27.900399 1.893333 0.000000
27.949519 1.896667 0.000000
27.998639 1.900000 0.000000
28.047760 1.903333 0.000000
28.096880 1.906667 0.000000
28.146001 1.910000 0.000000
28.195121 1.913333 0.000000
28.244241 1.916667 0.000000
28.293362 1.920000 0.000000
28.342482 1.923333 0.000000
28.391603 1.926667 0.000000
28.440723 1.930000 0.000000
28.489844 1.933333 0.000000
28.538964 1.936667 0.000000
28.588084 1.940000 0.000000
28.637205 1.943333 0.000000
28.686325 1.946667 0.000000
28.735446 1.950000 0.000000
28.784566 1.953333 0.000000
28.833687 1.956667 0.000000
28.882807 1.960000 0.000000
28.931927 1.963333 0.000000
28.981048 1.966667 0.000000
29.030168 1.970000 0.000000
29.079289 1.973333 0.000000
29.128409 1.976667 0.000000
29.177529 1.980000 0.000000
29.226650 1.983333 0.000000
29.275770 1.986667 0.000000
29.324891 1.990000 0.000000
29.374011 1.993333 0.000000
29.423132 1.996667 0.000000
