0.01 1.00985 0.01 0.01 0.969852 1 1 
0.02 1.0194 0.02 0.02 0.939414 1 1 
0.03 1.02864 0.03 0.03 0.908693 1 1 
0.04 1.03757 0.04 0.04 0.8777 1 1 
0.05 1.04619 0.05 0.05 0.846443 1 1 
0.06 1.0545 0.06 0.06 0.814933 1 1 
0.07 1.06249 0.07 0.07 0.783178 1 1 
0.08 1.07016 0.08 0.08 0.751188 1 1 
0.09 1.07751 0.09 0.09 0.718973 1 1 
0.1 1.08454 0.1 0.1 0.686542 1 1 
0.11 1.09125 0.11 0.11 0.653906 1 1 
0.12 1.09762 0.12 0.12 0.621073 1 1 
0.13 1.10367 0.13 0.13 0.588053 1 1 
0.14 1.10938 0.14 0.14 0.554857 1 1 
0.15 1.11476 0.15 0.15 0.521495 1 1 
0.16 1.11981 0.16 0.16 0.487977 1 1 
0.17 1.12452 0.17 0.17 0.454312 1 1 
0.18 1.1289 0.18 0.18 0.42051 1 1 
0.19 1.13293 0.19 0.19 0.386583 1 1 
0.2 1.13663 0.2 0.2 0.352539 1 1 
0.21 1.13998 0.21 0.21 0.31839 1 1 
0.22 1.143 0.22 0.22 0.284145 1 1 
0.23 1.14567 0.23 0.23 0.249815 1 1 
0.24 1.14799 0.24 0.24 0.21541 1 1 
0.25 1.14998 0.25 0.25 0.180941 1 1 
0.26 1.15161 0.26 0.26 0.146417 1 1 
0.27 1.1529 0.27 0.27 0.111849 1 1 
0.28 1.15385 0.28 0.28 0.0772481 1 1 
0.29 1.15445 0.29 0.29 0.0426236 1 1 
0.3 1.1547 0.3 0.3 0.00798631 1 1 
0.31 1.15461 0.31 0.31 -0.0266534 1 1 
0.32 1.15417 0.32 0.32 -0.061285 1 1 
0.33 1.15338 0.33 0.33 -0.0958983 1 1 
0.34 1.15225 0.34 0.34 -0.130483 1 1 
0.35 1.15077 0.35 0.35 -0.165028 1 1 
0.36 1.14895 0.36 0.36 -0.199524 1 1 
0.37 1.14678 0.37 0.37 -0.23396 1 1 
0.38 1.14427 0.38 0.38 -0.268326 1 1 
0.39 1.14142 0.39 0.39 -0.302611 1 1 
0.4 1.13822 0.4 0.4 -0.336806 1 1 
0.41 1.13468 0.41 0.41 -0.370899 1 1 
0.42 1.1308 0.42 0.42 -0.404881 1 1 
0.43 1.12658 0.43 0.43 -0.438742 1 1 
0.44 1.12203 0.44 0.44 -0.472471 1 1 
0.45 1.11713 0.45 0.45 -0.506059 1 1 
0.46 1.11191 0.46 0.46 -0.539494 1 1 
0.47 1.10634 0.47 0.47 -0.572768 1 1 
0.48 1.10045 0.48 0.48 -0.60587 1 1 
0.49 1.09423 0.49 0.49 -0.63879 1 1 
0.5 1.08767 0.5 0.5 -0.671519 1 1 
0.51 1.0808 0.51 0.51 -0.704046 1 1 
0.52 1.07359 0.52 0.52 -0.736361 1 1 
0.53 1.06607 0.53 0.53 -0.768456 1 1 
0.54 1.05822 0.54 0.54 -0.800321 1 1 
0.55 1.05006 0.55 0.55 -0.831945 1 1 
0.56 1.04159 0.56 0.56 -0.86332 1 1 
0.57 1.0328 0.57 0.57 -0.894435 1 1 
0.58 1.0237 0.58 0.58 -0.925283 1 1 
0.59 1.01429 0.59 0.59 -0.955853 1 1 
0.6 1.00458 0.6 0.6 -0.986136 1 1 
0.61 0.994567 0.61 0.61 -1.01612 1 1 
0.62 0.984257 0.62 0.62 -1.04581 1 1 
0.63 0.973651 0.63 0.63 -1.07517 1 1 
0.64 0.962753 0.64 0.64 -1.10422 1 1 
0.65 0.951567 0.65 0.65 -1.13293 1 1 
0.66 0.940095 0.66 0.66 -1.16131 1 1 
0.67 0.928341 0.67 0.67 -1.18934 1 1 
0.68 0.916308 0.68 0.68 -1.21701 1 1 
0.69 0.904 0.69 0.69 -1.24431 1 1 
0.7 0.891422 0.7 0.7 -1.27124 1 1 
0.71 0.878576 0.71 0.71 -1.29779 1 1 
0.72 0.865466 0.72 0.72 -1.32395 1 1 
0.73 0.852097 0.73 0.73 -1.34972 1 1 
0.74 0.838472 0.74 0.74 -1.37507 1 1 
0.75 0.824595 0.75 0.75 -1.40002 1 1 
0.76 0.810471 0.76 0.76 -1.42455 1 1 
0.77 0.796104 0.77 0.77 -1.44864 1 1 
0.78 0.781498 0.78 0.78 -1.47231 1 1 
0.79 0.766658 0.79 0.79 -1.49553 1 1 
0.8 0.751588 0.8 0.8 -1.51831 1 1 
0.81 0.736292 0.81 0.81 -1.54062 1 1 
0.82 0.720775 0.82 0.82 -1.56248 1 1 
0.83 0.705042 0.83 0.83 -1.58387 1 1 
0.84 0.689098 0.84 0.84 -1.60478 1 1 
0.85 0.672947 0.85 0.85 -1.62521 1 1 
0.86 0.656594 0.86 0.86 -1.64515 1 1 
0.87 0.640044 0.87 0.87 -1.6646 1 1 
0.88 0.623302 0.88 0.88 -1.68355 1 1 
0.89 0.606373 0.89 0.89 -1.702 1 1 
0.9 0.589262 0.9 0.9 -1.71993 1 1 
0.91 0.571974 0.91 0.91 -1.73735 1 1 
0.92 0.554515 0.92 0.92 -1.75425 1 1 
0.93 0.536889 0.93 0.93 -1.77062 1 1 
0.94 0.519102 0.94 0.94 -1.78646 1 1 
0.95 0.50116 0.95 0.95 -1.80176 1 1 
0.96 0.483067 0.96 0.96 -1.81653 1 1 
0.97 0.464829 0.97 0.97 -1.83074 1 1 
0.98 0.446452 0.98 0.98 -1.84441 1 1 
0.99 0.427941 0.99 0.99 -1.85753 1 1 
1 0.409302 1 1 -1.87009 1 1 
1.01 0.390539 1.01 1.01 -1.88209 1 1 
1.02 0.37166 1.02 1.02 -1.89352 1 1 
1.03 0.352669 1.03 1.03 -1.90438 1 1 
1.04 0.333572 1.04 1.04 -1.91468 1 1 
1.05 0.314375 1.05 1.05 -1.9244 1 1 
1.06 0.295084 1.06 1.06 -1.93354 1 1 
1.07 0.275705 1.07 1.07 -1.9421 1 1 
1.08 0.256242 1.08 1.08 -1.95008 1 1 
1.09 0.236703 1.09 1.09 -1.95747 1 1 
1.1 0.217093 1.1 1.1 -1.96428 1 1 
1.11 0.197417 1.11 1.11 -1.9705 1 1 
1.12 0.177683 1.12 1.12 -1.97612 1 1 
1.13 0.157895 1.13 1.13 -1.98116 1 1 
1.14 0.13806 1.14 1.14 -1.9856 1 1 
1.15 0.118183 1.15 1.15 -1.98944 1 1 
1.16 0.0982708 1.16 1.16 -1.99269 1 1 
1.17 0.0783292 1.17 1.17 -1.99534 1 1 
1.18 0.0583641 1.18 1.18 -1.99739 1 1 
1.19 0.0383814 1.19 1.19 -1.99884 1 1 
1.2 0.0183873 1.2 1.2 -1.99969 1 1 
1.21 -0.00161236 1.21 1.21 -1.99994 1 1 
1.22 -0.0216115 1.22 1.22 -1.99959 1 1 
1.23 -0.0416042 1.23 1.23 -1.99865 1 1 
1.24 -0.0615844 1.24 1.24 -1.9971 1 1 
1.25 -0.0815462 1.25 1.25 -1.99495 1 1 
1.26 -0.101483 1.26 1.26 -1.9922 1 1 
1.27 -0.12139 1.27 1.27 -1.98886 1 1 
1.28 -0.141261 1.28 1.28 -1.98492 1 1 
1.29 -0.161089 1.29 1.29 -1.98039 1 1 
1.3 -0.180868 1.3 1.3 -1.97526 1 1 
1.31 -0.200594 1.31 1.31 -1.96954 1 1 
1.32 -0.220259 1.32 1.32 -1.96322 1 1 
1.33 -0.239858 1.33 1.33 -1.95632 1 1 
1.34 -0.259386 1.34 1.34 -1.94883 1 1 
1.35 -0.278835 1.35 1.35 -1.94076 1 1 
1.36 -0.298201 1.36 1.36 -1.9321 1 1 
1.37 -0.317477 1.37 1.37 -1.92287 1 1 
1.38 -0.336658 1.38 1.38 -1.91306 1 1 
1.39 -0.355738 1.39 1.39 -1.90267 1 1 
1.4 -0.374712 1.4 1.4 -1.89171 1 1 
1.41 -0.393572 1.41 1.41 -1.88019 1 1 
1.42 -0.412315 1.42 1.42 -1.8681 1 1 
1.43 -0.430934 1.43 1.43 -1.85545 1 1 
1.44 -0.449424 1.44 1.44 -1.84225 1 1 
1.45 -0.467779 1.45 1.45 -1.82849 1 1 
1.46 -0.485994 1.46 1.46 -1.81418 1 1 
1.47 -0.504063 1.47 1.47 -1.79933 1 1 
1.48 -0.521981 1.48 1.48 -1.78394 1 1 
1.49 -0.539742 1.49 1.49 -1.76801 1 1 
1.5 -0.557341 1.5 1.5 -1.75156 1 1 
1.51 -0.574773 1.51 1.51 -1.73458 1 1 
1.52 -0.592033 1.52 1.52 -1.71707 1 1 
1.53 -0.609115 1.53 1.53 -1.69906 1 1 
1.54 -0.626014 1.54 1.54 -1.68053 1 1 
1.55 -0.642725 1.55 1.55 -1.6615 1 1 
1.56 -0.659244 1.56 1.56 -1.64197 1 1 
1.57 -0.675565 1.57 1.57 -1.62195 1 1 
1.58 -0.691683 1.58 1.58 -1.60144 1 1 
1.59 -0.707593 1.59 1.59 -1.58045 1 1 
1.6 -0.723292 1.6 1.6 -1.55899 1 1 
1.61 -0.738773 1.61 1.61 -1.53706 1 1 
1.62 -0.754033 1.62 1.62 -1.51466 1 1 
1.63 -0.769066 1.63 1.63 -1.49182 1 1 
1.64 -0.783869 1.64 1.64 -1.46852 1 1 
1.65 -0.798437 1.65 1.65 -1.44479 1 1 
1.66 -0.812765 1.66 1.66 -1.42062 1 1 
1.67 -0.826849 1.67 1.67 -1.39603 1 1 
1.68 -0.840685 1.68 1.68 -1.37101 1 1 
1.69 -0.854269 1.69 1.69 -1.34559 1 1 
1.7 -0.867597 1.7 1.7 -1.31976 1 1 
1.71 -0.880665 1.71 1.71 -1.29354 1 1 
1.72 -0.893468 1.72 1.72 -1.26693 1 1 
1.73 -0.906003 1.73 1.73 -1.23993 1 1 
1.74 -0.918267 1.74 1.74 -1.21257 1 1 
1.75 -0.930255 1.75 1.75 -1.18484 1 1 
1.76 -0.941963 1.76 1.76 -1.15676 1 1 
1.77 -0.95339 1.77 1.77 -1.12833 1 1 
1.78 -0.96453 1.78 1.78 -1.09956 1 1 
1.79 -0.975381 1.79 1.79 -1.07046 1 1 
1.8 -0.985939 1.8 1.8 -1.04104 1 1 
1.81 -0.996202 1.81 1.81 -1.01131 1 1 
1.82 -1.00617 1.82 1.82 -0.981273 1 1 
1.83 -1.01583 1.83 1.83 -0.950943 1 1 
1.84 -1.02518 1.84 1.84 -0.920328 1 1 
1.85 -1.03423 1.85 1.85 -0.889436 1 1 
1.86 -1.04297 1.86 1.86 -0.858278 1 1 
1.87 -1.0514 1.87 1.87 -0.826863 1 1 
1.88 -1.05951 1.88 1.88 -0.795199 1 1 
1.89 -1.0673 1.89 1.89 -0.763297 1 1 
1.9 -1.07478 1.9 1.9 -0.731166 1 1 
1.91 -1.08193 1.91 1.91 -0.698815 1 1 
1.92 -1.08875 1.92 1.92 -0.666255 1 1 
1.93 -1.09525 1.93 1.93 -0.633495 1 1 
1.94 -1.10142 1.94 1.94 -0.600545 1 1 
1.95 -1.10726 1.95 1.95 -0.567415 1 1 
1.96 -1.11277 1.96 1.96 -0.534114 1 1 
1.97 -1.11794 1.97 1.97 -0.500653 1 1 
1.98 -1.12278 1.98 1.98 -0.467042 1 1 
1.99 -1.12729 1.99 1.99 -0.433291 1 1 
2 -1.13145 2 2 -0.39941 1 1 
2.01 -1.13527 2.01 2.01 -0.365409 1 1 
2.02 -1.13876 2.02 2.02 -0.331299 1 1 
2.03 -1.1419 2.03 2.03 -0.297089 1 1 
2.04 -1.1447 2.04 2.04 -0.26279 1 1 
2.05 -1.14716 2.05 2.05 -0.228412 1 1 
2.06 -1.14927 2.06 2.06 -0.193966 1 1 
2.07 -1.15104 2.07 2.07 -0.159461 1 1 
2.08 -1.15246 2.08 2.08 -0.124909 1 1 
2.09 -1.15353 2.09 2.09 -0.0903192 1 1 
2.1 -1.15426 2.1 2.1 -0.0557022 1 1 
2.11 -1.15465 2.11 2.11 -0.0210686 1 1 
2.12 -1.15468 2.12 2.12 0.0135714 1 1 
2.13 -1.15438 2.13 2.13 0.0482073 1 1 
2.14 -1.15372 2.14 2.14 0.0828288 1 1 
2.15 -1.15272 2.15 2.15 0.117425 1 1 
2.16 -1.15137 2.16 2.16 0.151987 1 1 
2.17 -1.14968 2.17 2.17 0.186503 1 1 
2.18 -1.14764 2.18 2.18 0.220962 1 1 
2.19 -1.14526 2.19 2.19 0.255356 1 1 
2.2 -1.14253 2.2 2.2 0.289673 1 1 
2.21 -1.13947 2.21 2.21 0.323903 1 1 
2.22 -1.13606 2.22 2.22 0.358036 1 1 
2.23 -1.13231 2.23 2.23 0.392061 1 1 
2.24 -1.12822 2.24 2.24 0.425969 1 1 
2.25 -1.12379 2.25 2.25 0.459749 1 1 
2.26 -1.11902 2.26 2.26 0.493391 1 1 
2.27 -1.11392 2.27 2.27 0.526885 1 1 
2.28 -1.10848 2.28 2.28 0.560221 1 1 
2.29 -1.10271 2.29 2.29 0.593389 1 1 
2.3 -1.09662 2.3 2.3 0.626379 1 1 
2.31 -1.09019 2.31 2.31 0.659181 1 1 
2.32 -1.08343 2.32 2.32 0.691785 1 1 
2.33 -1.07635 2.33 2.33 0.724182 1 1 
2.34 -1.06895 2.34 2.34 0.756362 1 1 
2.35 -1.06122 2.35 2.35 0.788314 1 1 
2.36 -1.05318 2.36 2.36 0.82003 1 1 
2.37 -1.04482 2.37 2.37 0.8515 1 1 
2.38 -1.03615 2.38 2.38 0.882715 1 1 
2.39 -1.02717 2.39 2.39 0.913665 1 1 
2.4 -1.01788 2.4 2.4 0.944341 1 1 
2.41 -1.00828 2.41 2.41 0.974733 1 1 
2.42 -0.998384 2.42 2.42 1.00483 1 1 
2.43 -0.988186 2.43 2.43 1.03463 1 1 
2.44 -0.977691 2.44 2.44 1.06412 1 1 
2.45 -0.966903 2.45 2.45 1.09329 1 1 
2.46 -0.955825 2.46 2.46 1.12213 1 1 
2.47 -0.944461 2.47 2.47 1.15063 1 1 
2.48 -0.932813 2.48 2.48 1.17879 1 1 
2.49 -0.920885 2.49 2.49 1.2066 1 1 
2.5 -0.908681 2.5 2.5 1.23404 1 1 
2.51 -0.896204 2.51 2.51 1.26112 1 1 
2.52 -0.883458 2.52 2.52 1.28781 1 1 
2.53 -0.870448 2.53 2.53 1.31412 1 1 
2.54 -0.857176 2.54 2.54 1.34003 1 1 
2.55 -0.843647 2.55 2.55 1.36555 1 1 
2.56 -0.829865 2.56 2.56 1.39065 1 1 
2.57 -0.815834 2.57 2.57 1.41533 1 1 
2.58 -0.801558 2.58 2.58 1.43959 1 1 
2.59 -0.787042 2.59 2.59 1.46342 1 1 
2.6 -0.77229 2.6 2.6 1.48681 1 1 
2.61 -0.757306 2.61 2.61 1.50976 1 1 
2.62 -0.742095 2.62 2.62 1.53225 1 1 
2.63 -0.726661 2.63 2.63 1.55428 1 1 
2.64 -0.711009 2.64 2.64 1.57584 1 1 
2.65 -0.695144 2.65 2.65 1.59694 1 1 
2.66 -0.67907 2.66 2.66 1.61755 1 1 
2.67 -0.662793 2.67 2.67 1.63768 1 1 
2.68 -0.646317 2.68 2.68 1.65731 1 1 
2.69 -0.629647 2.69 2.69 1.67645 1 1 
2.7 -0.612788 2.7 2.7 1.69509 1 1 
2.71 -0.595745 2.71 2.71 1.71322 1 1 
2.72 -0.578523 2.72 2.72 1.73083 1 1 
2.73 -0.561128 2.73 2.73 1.74793 1 1 
2.74 -0.543565 2.74 2.74 1.7645 1 1 
2.75 -0.525838 2.75 2.75 1.78054 1 1 
2.76 -0.507954 2.76 2.76 1.79605 1 1 
2.77 -0.489917 2.77 2.77 1.81101 1 1 
2.78 -0.471734 2.78 2.78 1.82544 1 1 
2.79 -0.453409 2.79 2.79 1.83932 1 1 
2.8 -0.434947 2.8 2.8 1.85264 1 1 
2.81 -0.416356 2.81 2.81 1.86541 1 1 
2.82 -0.397639 2.82 2.82 1.87762 1 1 
2.83 -0.378803 2.83 2.83 1.88927 1 1 
2.84 -0.359854 2.84 2.84 1.90035 1 1 
2.85 -0.340796 2.85 2.85 1.91086 1 1 
2.86 -0.321637 2.86 2.86 1.92079 1 1 
2.87 -0.302381 2.87 2.87 1.93015 1 1 
2.88 -0.283034 2.88 2.88 1.93893 1 1 
2.89 -0.263602 2.89 2.89 1.94713 1 1 
2.9 -0.244091 2.9 2.9 1.95475 1 1 
2.91 -0.224507 2.91 2.91 1.96178 1 1 
2.92 -0.204855 2.92 2.92 1.96822 1 1 
2.93 -0.185143 2.93 2.93 1.97407 1 1 
2.94 -0.165374 2.94 2.94 1.97933 1 1 
2.95 -0.145556 2.95 2.95 1.98399 1 1 
2.96 -0.125694 2.96 2.96 1.98806 1 1 
2.97 -0.105795 2.97 2.97 1.99153 1 1 
2.98 -0.0858636 2.98 2.98 1.99441 1 1 
2.99 -0.0659067 2.99 2.99 1.99668 1 1 
3 -0.0459299 3 3 1.99836 1 1 
3.01 -0.0259394 3.01 3.01 1.99944 1 1 
3.02 -0.00594116 3.02 3.02 1.99992 1 1 
3.03 0.0140589 3.03 3.03 1.9998 1 1 
3.04 0.0340548 3.04 3.04 1.99907 1 1 
3.05 0.0540404 3.05 3.05 1.99775 1 1 
3.06 0.0740098 3.06 3.06 1.99583 1 1 
3.07 0.093957 3.07 3.07 1.99331 1 1 
3.08 0.113876 3.08 3.08 1.99019 1 1 
3.09 0.133761 3.09 3.09 1.98648 1 1 
3.1 0.153606 3.1 3.1 1.98217 1 1 
3.11 0.173404 3.11 3.11 1.97726 1 1 
3.12 0.193151 3.12 3.12 1.97177 1 1 
3.13 0.21284 3.13 3.13 1.96568 1 1 
3.14 0.232464 3.14 3.14 1.959 1 1 
3.15 0.25202 3.15 3.15 1.95173 1 1 
3.16 0.271499 3.16 3.16 1.94388 1 1 
3.17 0.290897 3.17 3.17 1.93544 1 1 
3.18 0.310208 3.18 3.18 1.92642 1 1 
3.19 0.329426 3.19 3.19 1.91683 1 1 
3.2 0.348544 3.2 3.2 1.90666 1 1 
3.21 0.367559 3.21 3.21 1.89592 1 1 
3.22 0.386463 3.22 3.22 1.88461 1 1 
3.23 0.405251 3.23 3.23 1.87273 1 1 
3.24 0.423917 3.24 3.24 1.86029 1 1 
3.25 0.442457 3.25 3.25 1.8473 1 1 
3.26 0.460863 3.26 3.26 1.83375 1 1 
3.27 0.479132 3.27 3.27 1.81965 1 1 
3.28 0.497256 3.28 3.28 1.805 1 1 
3.29 0.515232 3.29 3.29 1.78982 1 1 
3.3 0.533053 3.3 3.3 1.77409 1 1 
3.31 0.550714 3.31 3.31 1.75784 1 1 
3.32 0.568209 3.32 3.32 1.74105 1 1 
3.33 0.585535 3.33 3.33 1.72375 1 1 
3.34 0.602684 3.34 3.34 1.70592 1 1 
3.35 0.619653 3.35 3.35 1.68759 1 1 
3.36 0.636436 3.36 3.36 1.66875 1 1 
3.37 0.653028 3.37 3.37 1.6494 1 1 
3.38 0.669424 3.38 3.38 1.62957 1 1 
3.39 0.685619 3.39 3.39 1.60924 1 1 
3.4 0.701609 3.4 3.4 1.58843 1 1 
3.41 0.717388 3.41 3.41 1.56715 1 1 
3.42 0.732952 3.42 3.42 1.54539 1 1 
3.43 0.748296 3.43 3.43 1.52317 1 1 
3.44 0.763416 3.44 3.44 1.5005 1 1 
3.45 0.778306 3.45 3.45 1.47737 1 1 
3.46 0.792963 3.46 3.46 1.4538 1 1 
3.47 0.807382 3.47 3.47 1.4298 1 1 
3.48 0.821559 3.48 3.48 1.40536 1 1 
3.49 0.835489 3.49 3.49 1.38051 1 1 
3.5 0.849169 3.5 3.5 1.35524 1 1 
3.51 0.862594 3.51 3.51 1.32956 1 1 
3.52 0.87576 3.52 3.52 1.30349 1 1 
3.53 0.888664 3.53 3.53 1.27702 1 1 
3.54 0.901301 3.54 3.54 1.25017 1 1 
3.55 0.913667 3.55 3.55 1.22295 1 1 
3.56 0.92576 3.56 3.56 1.19536 1 1 
3.57 0.937574 3.57 3.57 1.16741 1 1 
3.58 0.949108 3.58 3.58 1.13911 1 1 
3.59 0.960357 3.59 3.59 1.11046 1 1 
3.6 0.971317 3.6 3.6 1.08149 1 1 
3.61 0.981986 3.61 3.61 1.05219 1 1 
3.62 0.992361 3.62 3.62 1.02257 1 1 
3.63 1.00244 3.63 3.63 0.992651 1 1 
3.64 1.01221 3.64 3.64 0.962432 1 1 
3.65 1.02169 3.65 3.65 0.931923 1 1 
3.66 1.03085 3.66 3.66 0.901135 1 1 
3.67 1.03971 3.67 3.67 0.870077 1 1 
3.68 1.04825 3.68 3.68 0.838757 1 1 
3.69 1.05648 3.69 3.69 0.807186 1 1 
3.7 1.0644 3.7 3.7 0.775373 1 1 
3.71 1.07199 3.71 3.71 0.743327 1 1 
3.72 1.07926 3.72 3.72 0.711058 1 1 
3.73 1.08621 3.73 3.73 0.678576 1 1 
3.74 1.09284 3.74 3.74 0.64589 1 1 
3.75 1.09913 3.75 3.75 0.613011 1 1 
3.76 1.1051 3.76 3.76 0.579947 1 1 
3.77 1.11073 3.77 3.77 0.54671 1 1 
3.78 1.11603 3.78 3.78 0.513309 1 1 
3.79 1.121 3.79 3.79 0.479753 1 1 
3.8 1.12563 3.8 3.8 0.446054 1 1 
3.81 1.12992 3.81 3.81 0.412221 1 1 
3.82 1.13387 3.82 3.82 0.378264 1 1 
3.83 1.13748 3.83 3.83 0.344194 1 1 
3.84 1.14075 3.84 3.84 0.31002 1 1 
3.85 1.14368 3.85 3.85 0.275754 1 1 
3.86 1.14627 3.86 3.86 0.241404 1 1 
3.87 1.14851 3.87 3.87 0.206983 1 1 
3.88 1.15041 3.88 3.88 0.172499 1 1 
3.89 1.15196 3.89 3.89 0.137963 1 1 
3.9 1.15317 3.9 3.9 0.103386 1 1 
3.91 1.15403 3.91 3.91 0.0687785 1 1 
3.92 1.15454 3.92 3.92 0.0341499 1 1 
3.93 1.15471 3.93 3.93 -0.00048887 1 1 
3.94 1.15453 3.94 3.94 -0.0351275 1 1 
3.95 1.15401 3.95 3.95 -0.0697557 1 1 
3.96 1.15314 3.96 3.96 -0.104363 1 1 
3.97 1.15192 3.97 3.97 -0.138939 1 1 
3.98 1.15036 3.98 3.98 -0.173473 1 1 
3.99 1.14845 3.99 3.99 -0.207955 1 1 
4 1.1462 4 4 -0.242375 1 1 
4.01 1.1436 4.01 4.01 -0.276722 1 1 
4.02 1.14067 4.02 4.02 -0.310986 1 1 
4.03 1.13738 4.03 4.03 -0.345157 1 1 
4.04 1.13376 4.04 4.04 -0.379224 1 1 
4.05 1.1298 4.05 4.05 -0.413177 1 1 
4.06 1.1255 4.06 4.06 -0.447007 1 1 
4.07 1.12086 4.07 4.07 -0.480702 1 1 
4.08 1.11589 4.08 4.08 -0.514254 1 1 
4.09 1.11058 4.09 4.09 -0.54765 1 1 
4.1 1.10493 4.1 4.1 -0.580883 1 1 
4.11 1.09896 4.11 4.11 -0.613941 1 1 
4.12 1.09265 4.12 4.12 -0.646816 1 1 
4.13 1.08602 4.13 4.13 -0.679496 1 1 
4.14 1.07906 4.14 4.14 -0.711972 1 1 
4.15 1.07178 4.15 4.15 -0.744235 1 1 
4.16 1.06418 4.16 4.16 -0.776274 1 1 
4.17 1.05626 4.17 4.17 -0.808081 1 1 
4.18 1.04802 4.18 4.18 -0.839645 1 1 
4.19 1.03946 4.19 4.19 -0.870957 1 1 
4.2 1.0306 4.2 4.2 -0.902008 1 1 
4.21 1.02142 4.21 4.21 -0.932788 1 1 
4.22 1.01194 4.22 4.22 -0.963289 1 1 
4.23 1.00216 4.23 4.23 -0.9935 1 1 
4.24 0.992072 4.24 4.24 -1.02341 1 1 
4.25 0.981689 4.25 4.25 -1.05302 1 1 
4.26 0.971012 4.26 4.26 -1.08231 1 1 
4.27 0.960043 4.27 4.27 -1.11128 1 1 
4.28 0.948786 4.28 4.28 -1.13991 1 1 
4.29 0.937245 4.29 4.29 -1.1682 1 1 
4.3 0.925422 4.3 4.3 -1.19614 1 1 
4.31 0.913322 4.31 4.31 -1.22372 1 1 
4.32 0.900948 4.32 4.32 -1.25093 1 1 
4.33 0.888303 4.33 4.33 -1.27777 1 1 
4.34 0.875392 4.34 4.34 -1.30423 1 1 
4.35 0.862219 4.35 4.35 -1.33029 1 1 
4.36 0.848786 4.36 4.36 -1.35596 1 1 
4.37 0.8351 4.37 4.37 -1.38122 1 1 
4.38 0.821162 4.38 4.38 -1.40606 1 1 
4.39 0.806978 4.39 4.39 -1.43048 1 1 
4.4 0.792553 4.4 4.4 -1.45448 1 1 
4.41 0.777889 4.41 4.41 -1.47803 1 1 
4.42 0.762992 4.42 4.42 -1.50114 1 1 
4.43 0.747866 4.43 4.43 -1.52381 1 1 
4.44 0.732516 4.44 4.44 -1.54601 1 1 
4.45 0.716946 4.45 4.45 -1.56776 1 1 
4.46 0.701161 4.46 4.46 -1.58903 1 1 
4.47 0.685165 4.47 4.47 -1.60982 1 1 
4.48 0.668964 4.48 4.48 -1.63013 1 1 
4.49 0.652562 4.49 4.49 -1.64996 1 1 
4.5 0.635965 4.5 4.5 -1.66928 1 1 
4.51 0.619177 4.51 4.51 -1.68811 1 1 
4.52 0.602203 4.52 4.52 -1.70643 1 1 
4.53 0.585048 4.53 4.53 -1.72424 1 1 
4.54 0.567718 4.54 4.54 -1.74153 1 1 
4.55 0.550217 4.55 4.55 -1.7583 1 1 
4.56 0.532552 4.56 4.56 -1.77454 1 1 
4.57 0.514727 4.57 4.57 -1.79025 1 1 
4.58 0.496747 4.58 4.58 -1.80542 1 1 
4.59 0.478618 4.59 4.59 -1.82006 1 1 
4.6 0.460346 4.6 4.6 -1.83414 1 1 
4.61 0.441935 4.61 4.61 -1.84767 1 1 
4.62 0.423392 4.62 4.62 -1.86065 1 1 
4.63 0.404722 4.63 4.63 -1.87308 1 1 
4.64 0.385931 4.64 4.64 -1.88494 1 1 
4.65 0.367024 4.65 4.65 -1.89623 1 1 
4.66 0.348006 4.66 4.66 -1.90695 1 1 
4.67 0.328884 4.67 4.67 -1.91711 1 1 
4.68 0.309664 4.68 4.68 -1.92669 1 1 
4.69 0.290351 4.69 4.69 -1.93569 1 1 
4.7 0.27095 4.7 4.7 -1.94411 1 1 
4.71 0.251469 4.71 4.71 -1.95194 1 1 
4.72 0.231911 4.72 4.72 -1.95919 1 1 
4.73 0.212285 4.73 4.73 -1.96586 1 1 
4.74 0.192594 4.74 4.74 -1.97193 1 1 
4.75 0.172846 4.75 4.75 -1.97741 1 1 
4.76 0.153046 4.76 4.76 -1.9823 1 1 
4.77 0.1332 4.77 4.77 -1.98659 1 1 
4.78 0.113314 4.78 4.78 -1.99029 1 1 
4.79 0.0933944 4.79 4.79 -1.99339 1 1 
4.8 0.0734464 4.8 4.8 -1.99589 1 1 
4.81 0.0534765 4.81 4.81 -1.9978 1 1 
4.82 0.0334905 4.82 4.82 -1.9991 1 1 
4.83 0.0134944 4.83 4.83 -1.99981 1 1 
4.84 -0.00650567 4.84 4.84 -1.99991 1 1 
4.85 -0.0265038 4.85 4.85 -1.99942 1 1 
4.86 -0.046494 4.86 4.86 -1.99832 1 1 
4.87 -0.0664703 4.87 4.87 -1.99663 1 1 
4.88 -0.0864266 4.88 4.88 -1.99433 1 1 
4.89 -0.106357 4.89 4.89 -1.99144 1 1 
4.9 -0.126255 4.9 4.9 -1.98795 1 1 
4.91 -0.146116 4.91 4.91 -1.98387 1 1 
4.92 -0.165933 4.92 4.92 -1.97919 1 1 
4.93 -0.1857 4.93 4.93 -1.97391 1 1 
4.94 -0.205411 4.94 4.94 -1.96805 1 1 
4.95 -0.225061 4.95 4.95 -1.96159 1 1 
4.96 -0.244643 4.96 4.96 -1.95454 1 1 
4.97 -0.264151 4.97 4.97 -1.94691 1 1 
4.98 -0.283581 4.98 4.98 -1.9387 1 1 
4.99 -0.302925 4.99 4.99 -1.9299 1 1 
5 -0.322179 5 5 -1.92052 1 1 
5.01 -0.341336 5.01 5.01 -1.91057 1 1 
5.02 -0.36039 5.02 5.02 -1.90004 1 1 
5.03 -0.379337 5.03 5.03 -1.88895 1 1 
5.04 -0.398169 5.04 5.04 -1.87728 1 1 
5.05 -0.416882 5.05 5.05 -1.86506 1 1 
5.06 -0.43547 5.06 5.06 -1.85227 1 1 
5.07 -0.453928 5.07 5.07 -1.83893 1 1 
5.08 -0.472249 5.08 5.08 -1.82504 1 1 
5.09 -0.490429 5.09 5.09 -1.8106 1 1 
5.1 -0.508461 5.1 5.1 -1.79562 1 1 
5.11 -0.526341 5.11 5.11 -1.78009 1 1 
5.12 -0.544063 5.12 5.12 -1.76404 1 1 
5.13 -0.561622 5.13 5.13 -1.74745 1 1 
5.14 -0.579012 5.14 5.14 -1.73034 1 1 
5.15 -0.596228 5.15 5.15 -1.71271 1 1 
5.16 -0.613266 5.16 5.16 -1.69457 1 1 
5.17 -0.63012 5.17 5.17 -1.67592 1 1 
5.18 -0.646785 5.18 5.18 -1.65677 1 1 
5.19 -0.663255 5.19 5.19 -1.63712 1 1 
5.2 -0.679527 5.2 5.2 -1.61698 1 1 
5.21 -0.695595 5.21 5.21 -1.59635 1 1 
5.22 -0.711454 5.22 5.22 -1.57524 1 1 
5.23 -0.7271 5.23 5.23 -1.55366 1 1 
5.24 -0.742527 5.24 5.24 -1.53162 1 1 
5.25 -0.757732 5.25 5.25 -1.50912 1 1 
5.26 -0.77271 5.26 5.26 -1.48616 1 1 
5.27 -0.787455 5.27 5.27 -1.46276 1 1 
5.28 -0.801965 5.28 5.28 -1.43892 1 1 
5.29 -0.816234 5.29 5.29 -1.41464 1 1 
5.3 -0.830258 5.3 5.3 -1.38995 1 1 
5.31 -0.844032 5.31 5.31 -1.36483 1 1 
5.32 -0.857554 5.32 5.32 -1.33931 1 1 
5.33 -0.870819 5.33 5.33 -1.31338 1 1 
5.34 -0.883822 5.34 5.34 -1.28706 1 1 
5.35 -0.89656 5.35 5.35 -1.26036 1 1 
5.36 -0.909029 5.36 5.36 -1.23327 1 1 
5.37 -0.921225 5.37 5.37 -1.20582 1 1 
5.38 -0.933145 5.38 5.38 -1.178 1 1 
5.39 -0.944785 5.39 5.39 -1.14983 1 1 
5.4 -0.956142 5.4 5.4 -1.12132 1 1 
5.41 -0.967212 5.41 5.41 -1.09247 1 1 
5.42 -0.977991 5.42 5.42 -1.06329 1 1 
5.43 -0.988478 5.43 5.43 -1.03379 1 1 
5.44 -0.998667 5.44 5.44 -1.00399 1 1 
5.45 -1.00856 5.45 5.45 -0.973879 1 1 
5.46 -1.01814 5.46 5.46 -0.943479 1 1 
5.47 -1.02743 5.47 5.47 -0.912795 1 1 
5.48 -1.0364 5.48 5.48 -0.881838 1 1 
5.49 -1.04506 5.49 5.49 -0.850616 1 1 
5.5 -1.05341 5.5 5.5 -0.819138 1 1 
5.51 -1.06145 5.51 5.51 -0.787416 1 1 
5.52 -1.06916 5.52 5.52 -0.755456 1 1 
5.53 -1.07656 5.53 5.53 -0.723271 1 1 
5.54 -1.08363 5.54 5.54 -0.690868 1 1 
5.55 -1.09037 5.55 5.55 -0.658258 1 1 
5.56 -1.09679 5.56 5.56 -0.625451 1 1 
5.57 -1.10288 5.57 5.57 -0.592455 1 1 
5.58 -1.10864 5.58 5.58 -0.559283 1 1 
5.59 -1.11407 5.59 5.59 -0.525942 1 1 
5.6 -1.11916 5.6 5.6 -0.492444 1 1 
5.61 -1.12392 5.61 5.61 -0.458797 1 1 
5.62 -1.12834 5.62 5.62 -0.425014 1 1 
5.63 -1.13242 5.63 5.63 -0.391102 1 1 
5.64 -1.13616 5.64 5.64 -0.357074 1 1 
5.65 -1.13956 5.65 5.65 -0.322938 1 1 
5.66 -1.14262 5.66 5.66 -0.288705 1 1 
5.67 -1.14533 5.67 5.67 -0.254386 1 1 
5.68 -1.1477 5.68 5.68 -0.219991 1 1 
5.69 -1.14973 5.69 5.69 -0.185529 1 1 
5.7 -1.15141 5.7 5.7 -0.151012 1 1 
5.71 -1.15275 5.71 5.71 -0.116449 1 1 
5.72 -1.15374 5.72 5.72 -0.0818518 1 1 
5.73 -1.15439 5.73 5.73 -0.0472299 1 1 
5.74 -1.15469 5.74 5.74 -0.0125937 1 1 
5.75 -1.15464 5.75 5.75 0.0220463 1 1 
5.76 -1.15425 5.76 5.76 0.0566796 1 1 
5.77 -1.15351 5.77 5.77 0.0912959 1 1 
5.78 -1.15242 5.78 5.78 0.125885 1 1 
5.79 -1.15099 5.79 5.79 0.160436 1 1 
5.8 -1.14921 5.8 5.8 0.194939 1 1 
5.81 -1.14709 5.81 5.81 0.229384 1 1 
5.82 -1.14463 5.82 5.82 0.263759 1 1 
5.83 -1.14182 5.83 5.83 0.298056 1 1 
5.84 -1.13866 5.84 5.84 0.332263 1 1 
5.85 -1.13517 5.85 5.85 0.366371 1 1 
5.86 -1.13134 5.86 5.86 0.400368 1 1 
5.87 -1.12716 5.87 5.87 0.434246 1 1 
5.88 -1.12265 5.88 5.88 0.467993 1 1 
5.89 -1.1178 5.89 5.89 0.5016 1 1 
5.9 -1.11262 5.9 5.9 0.535056 1 1 
5.91 -1.1071 5.91 5.91 0.568352 1 1 
5.92 -1.10125 5.92 5.92 0.601477 1 1 
5.93 -1.09507 5.93 5.93 0.634422 1 1 
5.94 -1.08856 5.94 5.94 0.667177 1 1 
5.95 -1.08173 5.95 5.95 0.699731 1 1 
5.96 -1.07457 5.96 5.96 0.732076 1 1 
5.97 -1.06709 5.97 5.97 0.764201 1 1 
5.98 -1.05929 5.98 5.98 0.796096 1 1 
5.99 -1.05117 5.99 5.99 0.827753 1 1 
6 -1.04273 6 6 0.859161 1 1 
6.01 -1.03398 6.01 6.01 0.890312 1 1 
6.02 -1.02492 6.02 6.02 0.921196 1 1 
6.03 -1.01556 6.03 6.03 0.951803 1 1 
6.04 -1.00589 6.04 6.04 0.982125 1 1 
6.05 -0.995916 6.05 6.05 1.01215 1 1 
6.06 -0.985645 6.06 6.06 1.04188 1 1 
6.07 -0.975079 6.07 6.07 1.07129 1 1 
6.08 -0.96422 6.08 6.08 1.10038 1 1 
6.09 -0.953071 6.09 6.09 1.12913 1 1 
6.1 -0.941637 6.1 6.1 1.15756 1 1 
6.11 -0.92992 6.11 6.11 1.18563 1 1 
6.12 -0.917924 6.12 6.12 1.21335 1 1 
6.13 -0.905653 6.13 6.13 1.2407 1 1 
6.14 -0.89311 6.14 6.14 1.26768 1 1 
6.15 -0.880299 6.15 6.15 1.29428 1 1 
6.16 -0.867225 6.16 6.16 1.3205 1 1 
6.17 -0.85389 6.17 6.17 1.34631 1 1 
6.18 -0.840298 6.18 6.18 1.37173 1 1 
6.19 -0.826455 6.19 6.19 1.39673 1 1 
6.2 -0.812364 6.2 6.2 1.42131 1 1 
6.21 -0.798029 6.21 6.21 1.44546 1 1 
6.22 -0.783455 6.22 6.22 1.46919 1 1 
6.23 -0.768645 6.23 6.23 1.49247 1 1 
6.24 -0.753605 6.24 6.24 1.5153 1 1 
6.25 -0.738339 6.25 6.25 1.53768 1 1 
6.26 -0.722852 6.26 6.26 1.5596 1 1 
6.27 -0.707147 6.27 6.27 1.58105 1 1 
6.28 -0.691231 6.28 6.28 1.60202 1 1 
6.29 -0.675107 6.29 6.29 1.62252 1 1 
6.3 -0.65878 6.3 6.3 1.64253 1 1 
6.31 -0.642256 6.31 6.31 1.66204 1 1 
6.32 -0.625539 6.32 6.32 1.68106 1 1 
6.33 -0.608635 6.33 6.33 1.69957 1 1 
6.34 -0.591548 6.34 6.34 1.71758 1 1 
6.35 -0.574283 6.35 6.35 1.73506 1 1 
6.36 -0.556847 6.36 6.36 1.75203 1 1 
6.37 -0.539243 6.37 6.37 1.76847 1 1 
6.38 -0.521477 6.38 6.38 1.78438 1 1 
6.39 -0.503555 6.39 6.39 1.79976 1 1 
6.4 -0.485482 6.4 6.4 1.81459 1 1 
6.41 -0.467263 6.41 6.41 1.82888 1 1 
6.42 -0.448904 6.42 6.42 1.84263 1 1 
6.43 -0.430411 6.43 6.43 1.85582 1 1 
6.44 -0.411788 6.44 6.44 1.86845 1 1 
6.45 -0.393042 6.45 6.45 1.88052 1 1 
6.46 -0.374177 6.46 6.46 1.89203 1 1 
6.47 -0.355201 6.47 6.47 1.90297 1 1 
6.48 -0.336118 6.48 6.48 1.91334 1 1 
6.49 -0.316934 6.49 6.49 1.92314 1 1 
6.5 -0.297655 6.5 6.5 1.93236 1 1 
6.51 -0.278287 6.51 6.51 1.94099 1 1 
6.52 -0.258835 6.52 6.52 1.94905 1 1 
6.53 -0.239306 6.53 6.53 1.95652 1 1 
6.54 -0.219705 6.54 6.54 1.96341 1 1 
6.55 -0.200038 6.55 6.55 1.96971 1 1 
6.56 -0.180311 6.56 6.56 1.97541 1 1 
6.57 -0.16053 6.57 6.57 1.98052 1 1 
6.58 -0.1407 6.58 6.58 1.98504 1 1 
6.59 -0.120829 6.59 6.59 1.98896 1 1 
6.6 -0.100921 6.6 6.6 1.99229 1 1 
6.61 -0.0809831 6.61 6.61 1.99502 1 1 
6.62 -0.0610207 6.62 6.62 1.99715 1 1 
6.63 -0.0410401 6.63 6.63 1.99868 1 1 
6.64 -0.0210471 6.64 6.64 1.99961 1 1 
6.65 -0.00104784 6.65 6.65 1.99994 1 1 
6.66 0.0189517 6.66 6.66 1.99967 1 1 
6.67 0.0389456 6.67 6.67 1.99881 1 1 
6.68 0.0589279 6.68 6.68 1.99734 1 1 
6.69 0.0788924 6.69 6.69 1.99527 1 1 
6.7 0.0988333 6.7 6.7 1.9926 1 1 
6.71 0.118744 6.71 6.71 1.98934 1 1 
6.72 0.13862 6.72 6.72 1.98548 1 1 
6.73 0.158454 6.73 6.73 1.98102 1 1 
6.74 0.178241 6.74 6.74 1.97597 1 1 
6.75 0.197974 6.75 6.75 1.97033 1 1 
6.76 0.217647 6.76 6.76 1.9641 1 1 
6.77 0.237256 6.77 6.77 1.95727 1 1 
6.78 0.256793 6.78 6.78 1.94986 1 1 
6.79 0.276253 6.79 6.79 1.94187 1 1 
6.8 0.29563 6.8 6.8 1.93329 1 1 
6.81 0.314919 6.81 6.81 1.92413 1 1 
6.82 0.334113 6.82 6.82 1.91439 1 1 
6.83 0.353206 6.83 6.83 1.90408 1 1 
6.84 0.372194 6.84 6.84 1.8932 1 1 
6.85 0.39107 6.85 6.85 1.88175 1 1 
6.86 0.409829 6.86 6.86 1.86974 1 1 
6.87 0.428465 6.87 6.87 1.85717 1 1 
6.88 0.446973 6.88 6.88 1.84404 1 1 
6.89 0.465346 6.89 6.89 1.83035 1 1 
6.9 0.48358 6.9 6.9 1.81612 1 1 
6.91 0.501668 6.91 6.91 1.80134 1 1 
6.92 0.519606 6.92 6.92 1.78602 1 1 
6.93 0.537389 6.93 6.93 1.77016 1 1 
6.94 0.55501 6.94 6.94 1.75378 1 1 
6.95 0.572464 6.95 6.95 1.73687 1 1 
6.96 0.589747 6.96 6.96 1.71943 1 1 
6.97 0.606853 6.97 6.97 1.70148 1 1 
6.98 0.623777 6.98 6.98 1.68302 1 1 
6.99 0.640513 6.99 6.99 1.66406 1 1 
7 0.657058 7 7 1.6446 1 1 
7.01 0.673405 7.01 7.01 1.62464 1 1 
7.02 0.689551 7.02 7.02 1.60419 1 1 
7.03 0.705489 7.03 7.03 1.58327 1 1 
7.04 0.721216 7.04 7.04 1.56187 1 1 
7.05 0.736727 7.05 7.05 1.54 1 1 
7.06 0.752016 7.06 7.06 1.51767 1 1 
7.07 0.76708 7.07 7.07 1.49488 1 1 
7.08 0.781914 7.08 7.08 1.47165 1 1 
7.09 0.796513 7.09 7.09 1.44797 1 1 
7.1 0.810873 7.1 7.1 1.42386 1 1 
7.11 0.82499 7.11 7.11 1.39932 1 1 
7.12 0.83886 7.12 7.12 1.37436 1 1 
7.13 0.852477 7.13 7.13 1.34899 1 1 
7.14 0.865839 7.14 7.14 1.32322 1 1 
7.15 0.878942 7.15 7.15 1.29705 1 1 
7.16 0.89178 7.16 7.16 1.27049 1 1 
7.17 0.904352 7.17 7.17 1.24354 1 1 
7.18 0.916651 7.18 7.18 1.21623 1 1 
7.19 0.928676 7.19 7.19 1.18855 1 1 
7.2 0.940422 7.2 7.2 1.16051 1 1 
7.21 0.951886 7.21 7.21 1.13213 1 1 
7.22 0.963065 7.22 7.22 1.1034 1 1 
7.23 0.973954 7.23 7.23 1.07435 1 1 
7.24 0.984552 7.24 7.24 1.04497 1 1 
7.25 0.994854 7.25 7.25 1.01528 1 1 
7.26 1.00486 7.26 7.26 0.985285 1 1 
7.27 1.01456 7.27 7.27 0.954994 1 1 
7.28 1.02396 7.28 7.28 0.924416 1 1 
7.29 1.03305 7.29 7.29 0.893561 1 1 
7.3 1.04183 7.3 7.3 0.862438 1 1 
7.31 1.0503 7.31 7.31 0.831056 1 1 
7.32 1.05845 7.32 7.32 0.799425 1 1 
7.33 1.06629 7.33 7.33 0.767554 1 1 
7.34 1.0738 7.34 7.34 0.735452 1 1 
7.35 1.08099 7.35 7.35 0.70313 1 1 
7.36 1.08786 7.36 7.36 0.670598 1 1 
7.37 1.09441 7.37 7.37 0.637863 1 1 
7.38 1.10062 7.38 7.38 0.604938 1 1 
7.39 1.1065 7.39 7.39 0.571831 1 1 
7.4 1.11206 7.4 7.4 0.538553 1 1 
7.41 1.11728 7.41 7.41 0.505113 1 1 
7.42 1.12216 7.42 7.42 0.471521 1 1 
7.43 1.12671 7.43 7.43 0.437788 1 1 
7.44 1.13092 7.44 7.44 0.403924 1 1 
7.45 1.13478 7.45 7.45 0.369938 1 1 
7.46 1.13831 7.46 7.46 0.335842 1 1 
7.47 1.1415 7.47 7.47 0.301645 1 1 
7.48 1.14435 7.48 7.48 0.267357 1 1 
7.49 1.14685 7.49 7.49 0.232989 1 1 
7.5 1.14901 7.5 7.5 0.198551 1 1 
7.51 1.15082 7.51 7.51 0.164054 1 1 
7.52 1.15229 7.52 7.52 0.129507 1 1 
7.53 1.15341 7.53 7.53 0.0949217 1 1 
7.54 1.15419 7.54 7.54 0.0603077 1 1 
7.55 1.15462 7.55 7.55 0.0256757 1 1 
7.56 1.1547 7.56 7.56 -0.00896404 1 1 
7.57 1.15444 7.57 7.57 -0.0436011 1 1 
7.58 1.15383 7.58 7.58 -0.0782251 1 1 
7.59 1.15287 7.59 7.59 -0.112826 1 1 
7.6 1.15157 7.6 7.6 -0.147392 1 1 
7.61 1.14992 7.61 7.61 -0.181915 1 1 
7.62 1.14793 7.62 7.62 -0.216383 1 1 
7.63 1.1456 7.63 7.63 -0.250785 1 1 
7.64 1.14292 7.64 7.64 -0.285113 1 1 
7.65 1.13989 7.65 7.65 -0.319355 1 1 
7.66 1.13653 7.66 7.66 -0.353502 1 1 
7.67 1.13282 7.67 7.67 -0.387542 1 1 
7.68 1.12878 7.68 7.68 -0.421466 1 1 
7.69 1.1244 7.69 7.69 -0.455264 1 1 
7.7 1.11967 7.7 7.7 -0.488925 1 1 
7.71 1.11462 7.71 7.71 -0.522439 1 1 
7.72 1.10923 7.72 7.72 -0.555797 1 1 
7.73 1.1035 7.73 7.73 -0.588988 1 1 
7.74 1.09745 7.74 7.74 -0.622002 1 1 
7.75 1.09106 7.75 7.75 -0.654829 1 1 
7.76 1.08435 7.76 7.76 -0.687461 1 1 
7.77 1.07731 7.77 7.77 -0.719885 1 1 
7.78 1.06995 7.78 7.78 -0.752094 1 1 
7.79 1.06227 7.79 7.79 -0.784078 1 1 
7.8 1.05427 7.8 7.8 -0.815826 1 1 
7.81 1.04595 7.81 7.81 -0.847329 1 1 
7.82 1.03732 7.82 7.82 -0.878578 1 1 
7.83 1.02838 7.83 7.83 -0.909564 1 1 
7.84 1.01913 7.84 7.84 -0.940277 1 1 
7.85 1.00958 7.85 7.85 -0.970707 1 1 
7.86 0.999718 7.86 7.86 -1.00085 1 1 
7.87 0.989559 7.87 7.87 -1.03069 1 1 
7.88 0.979104 7.88 7.88 -1.06022 1 1 
7.89 0.968355 7.89 7.89 -1.08943 1 1 
7.9 0.957315 7.9 7.9 -1.11831 1 1 
7.91 0.945989 7.91 7.91 -1.14686 1 1 
7.92 0.934378 7.92 7.92 -1.17507 1 1 
7.93 0.922487 7.93 7.93 -1.20292 1 1 
7.94 0.91032 7.94 7.94 -1.23041 1 1 
7.95 0.897879 7.95 7.95 -1.25754 1 1 
7.96 0.885169 7.96 7.96 -1.28428 1 1 
7.97 0.872193 7.97 7.97 -1.31064 1 1 
7.98 0.858956 7.98 7.98 -1.33661 1 1 
7.99 0.845461 7.99 7.99 -1.36218 1 1 
8 0.831713 8 8 -1.38733 1 1 
8.01 0.817715 8.01 8.01 -1.41207 1 1 
8.02 0.803471 8.02 8.02 -1.43639 1 1 
8.03 0.788987 8.03 8.03 -1.46028 1 1 
8.04 0.774266 8.04 8.04 -1.48373 1 1 
8.05 0.759312 8.05 8.05 -1.50673 1 1 
8.06 0.744131 8.06 8.06 -1.52928 1 1 
8.07 0.728726 8.07 8.07 -1.55138 1 1 
8.08 0.713103 8.08 8.08 -1.573 1 1 
8.09 0.697266 8.09 8.09 -1.59416 1 1 
8.1 0.68122 8.1 8.1 -1.61484 1 1 
8.11 0.66497 8.11 8.11 -1.63503 1 1 
8.12 0.64852 8.12 8.12 -1.65473 1 1 
8.13 0.631875 8.13 8.13 -1.67394 1 1 
8.14 0.615041 8.14 8.14 -1.69264 1 1 
8.15 0.598022 8.15 8.15 -1.71084 1 1 
8.16 0.580824 8.16 8.16 -1.72852 1 1 
8.17 0.563452 8.17 8.17 -1.74568 1 1 
8.18 0.54591 8.18 8.18 -1.76232 1 1 
8.19 0.528205 8.19 8.19 -1.77844 1 1 
8.2 0.510342 8.2 8.2 -1.79401 1 1 
8.21 0.492325 8.21 8.21 -1.80905 1 1 
8.22 0.474161 8.22 8.22 -1.82355 1 1 
8.23 0.455854 8.23 8.23 -1.8375 1 1 
8.24 0.437411 8.24 8.24 -1.8509 1 1 
8.25 0.418836 8.25 8.25 -1.86374 1 1 
8.26 0.400136 8.26 8.26 -1.87603 1 1 
8.27 0.381315 8.27 8.27 -1.88775 1 1 
8.28 0.362381 8.28 8.28 -1.89891 1 1 
8.29 0.343337 8.29 8.29 -1.90949 1 1 
8.3 0.324191 8.3 8.3 -1.91951 1 1 
8.31 0.304947 8.31 8.31 -1.92894 1 1 
8.32 0.285612 8.32 8.32 -1.9378 1 1 
8.33 0.266191 8.33 8.33 -1.94608 1 1 
8.34 0.24669 8.34 8.34 -1.95377 1 1 
8.35 0.227116 8.35 8.35 -1.96088 1 1 
8.36 0.207473 8.36 8.36 -1.9674 1 1 
8.37 0.187768 8.37 8.37 -1.97333 1 1 
8.38 0.168006 8.38 8.38 -1.97866 1 1 
8.39 0.148195 8.39 8.39 -1.9834 1 1 
8.4 0.128338 8.4 8.4 -1.98755 1 1 
8.41 0.108444 8.41 8.41 -1.9911 1 1 
8.42 0.0885162 8.42 8.42 -1.99406 1 1 
8.43 0.0685624 8.43 8.43 -1.99642 1 1 
8.44 0.0485879 8.44 8.44 -1.99817 1 1 
8.45 0.0285989 8.45 8.45 -1.99933 1 1 
8.46 0.00860131 8.46 8.46 -1.99989 1 1 
8.47 -0.0113989 8.47 8.47 -1.99985 1 1 
8.48 -0.0313956 8.48 8.48 -1.9992 1 1 
8.49 -0.0513829 8.49 8.49 -1.99796 1 1 
8.5 -0.0713549 8.5 8.5 -1.99612 1 1 
8.51 -0.0913054 8.51 8.51 -1.99368 1 1 
8.52 -0.111229 8.52 8.52 -1.99064 1 1 
8.53 -0.131118 8.53 8.53 -1.98701 1 1 
8.54 -0.150969 8.54 8.54 -1.98278 1 1 
8.55 -0.170774 8.55 8.55 -1.97795 1 1 
8.56 -0.190528 8.56 8.56 -1.97253 1 1 
8.57 -0.210224 8.57 8.57 -1.96652 1 1 
8.58 -0.229858 8.58 8.58 -1.95992 1 1 
8.59 -0.249423 8.59 8.59 -1.95273 1 1 
8.6 -0.268913 8.6 8.6 -1.94495 1 1 
8.61 -0.288322 8.61 8.61 -1.9366 1 1 
8.62 -0.307645 8.62 8.62 -1.92766 1 1 
8.63 -0.326875 8.63 8.63 -1.91814 1 1 
8.64 -0.346007 8.64 8.64 -1.90805 1 1 
8.65 -0.365036 8.65 8.65 -1.89738 1 1 
8.66 -0.383955 8.66 8.66 -1.88615 1 1 
8.67 -0.402759 8.67 8.67 -1.87434 1 1 
8.68 -0.421442 8.68 8.68 -1.86198 1 1 
8.69 -0.439998 8.69 8.69 -1.84906 1 1 
8.7 -0.458423 8.7 8.7 -1.83558 1 1 
8.71 -0.47671 8.71 8.71 -1.82156 1 1 
8.72 -0.494854 8.72 8.72 -1.80698 1 1 
8.73 -0.51285 8.73 8.73 -1.79187 1 1 
8.74 -0.530692 8.74 8.74 -1.77621 1 1 
8.75 -0.548374 8.75 8.75 -1.76003 1 1 
8.76 -0.565892 8.76 8.76 -1.74331 1 1 
8.77 -0.58324 8.77 8.77 -1.72608 1 1 
8.78 -0.600414 8.78 8.78 -1.70832 1 1 
8.79 -0.617407 8.79 8.79 -1.69006 1 1 
8.8 -0.634215 8.8 8.8 -1.67128 1 1 
8.81 -0.650832 8.81 8.81 -1.65201 1 1 
8.82 -0.667255 8.82 8.82 -1.63223 1 1 
8.83 -0.683477 8.83 8.83 -1.61197 1 1 
8.84 -0.699494 8.84 8.84 -1.59123 1 1 
8.85 -0.715302 8.85 8.85 -1.57001 1 1 
8.86 -0.730894 8.86 8.86 -1.54831 1 1 
8.87 -0.746268 8.87 8.87 -1.52616 1 1 
8.88 -0.761418 8.88 8.88 -1.50354 1 1 
8.89 -0.776339 8.89 8.89 -1.48047 1 1 
8.9 -0.791027 8.9 8.9 -1.45696 1 1 
8.91 -0.805478 8.91 8.91 -1.43302 1 1 
8.92 -0.819687 8.92 8.92 -1.40864 1 1 
8.93 -0.833651 8.93 8.93 -1.38384 1 1 
8.94 -0.847364 8.94 8.94 -1.35862 1 1 
8.95 -0.860823 8.95 8.95 -1.333 1 1 
8.96 -0.874024 8.96 8.96 -1.30698 1 1 
8.97 -0.886963 8.97 8.97 -1.28056 1 1 
8.98 -0.899635 8.98 8.98 -1.25376 1 1 
8.99 -0.912038 8.99 8.99 -1.22659 1 1 
9 -0.924167 9 9 -1.19905 1 1 
9.01 -0.936019 9.01 9.01 -1.17114 1 1 
9.02 -0.94759 9.02 9.02 -1.14289 1 1 
9.03 -0.958877 9.03 9.03 -1.11429 1 1 
9.04 -0.969876 9.04 9.04 -1.08536 1 1 
9.05 -0.980584 9.05 9.05 -1.0561 1 1 
9.06 -0.990998 9.06 9.06 -1.02653 1 1 
9.07 -1.00111 9.07 9.07 -0.996649 1 1 
9.08 -1.01093 9.08 9.08 -0.966468 1 1 
9.09 -1.02044 9.09 9.09 -0.935997 1 1 
9.1 -1.02965 9.1 9.1 -0.905246 1 1 
9.11 -1.03855 9.11 9.11 -0.874223 1 1 
9.12 -1.04714 9.12 9.12 -0.842938 1 1 
9.13 -1.05541 9.13 9.13 -0.811399 1 1 
9.14 -1.06336 9.14 9.14 -0.779618 1 1 
9.15 -1.071 9.15 9.15 -0.747602 1 1 
9.16 -1.07832 9.16 9.16 -0.715363 1 1 
9.17 -1.08531 9.17 9.17 -0.682908 1 1 
9.18 -1.09197 9.18 9.18 -0.650249 1 1 
9.19 -1.09831 9.19 9.19 -0.617395 1 1 
9.2 -1.10432 9.2 9.2 -0.584355 1 1 
9.21 -1.11 9.21 9.21 -0.551141 1 1 
9.22 -1.11534 9.22 9.22 -0.51776 1 1 
9.23 -1.12035 9.23 9.23 -0.484225 1 1 
9.24 -1.12503 9.24 9.24 -0.450544 1 1 
9.25 -1.12937 9.25 9.25 -0.416728 1 1 
9.26 -1.13336 9.26 9.26 -0.382787 1 1 
9.27 -1.13702 9.27 9.27 -0.348731 1 1 
9.28 -1.14034 9.28 9.28 -0.314571 1 1 
9.29 -1.14331 9.29 9.29 -0.280316 1 1 
9.3 -1.14594 9.3 9.3 -0.245977 1 1 
9.31 -1.14823 9.31 9.31 -0.211565 1 1 
9.32 -1.15018 9.32 9.32 -0.177089 1 1 
9.33 -1.15177 9.33 9.33 -0.142559 1 1 
9.34 -1.15303 9.34 9.34 -0.107987 1 1 
9.35 -1.15393 9.35 9.35 -0.073383 1 1 
9.36 -1.15449 9.36 9.36 -0.0387566 1 1 
9.37 -1.15471 9.37 9.37 -0.00411857 1 1 
9.38 -1.15458 9.38 9.38 0.0305207 1 1 
9.39 -1.1541 9.39 9.39 0.0651509 1 1 
9.4 -1.15327 9.4 9.4 0.0997614 1 1 
9.41 -1.1521 9.41 9.41 0.134342 1 1 
9.42 -1.15059 9.42 9.42 0.168882 1 1 
9.43 -1.14873 9.43 9.43 0.203372 1 1 
9.44 -1.14652 9.44 9.44 0.237801 1 1 
9.45 -1.14397 9.45 9.45 0.272158 1 1 
9.46 -1.14108 9.46 9.46 0.306434 1 1 
9.47 -1.13784 9.47 9.47 0.340618 1 1 
9.48 -1.13426 9.48 9.48 0.374699 1 1 
9.49 -1.13035 9.49 9.49 0.408668 1 1 
9.5 -1.12609 9.5 9.5 0.442515 1 1 
9.51 -1.1215 9.51 9.51 0.476229 1 1 
9.52 -1.11657 9.52 9.52 0.5098 1 1 
9.53 -1.1113 9.53 9.53 0.543218 1 1 
9.54 -1.1057 9.54 9.54 0.576473 1 1 
9.55 -1.09977 9.55 9.55 0.609555 1 1 
9.56 -1.09351 9.56 9.56 0.642454 1 1 
9.57 -1.08692 9.57 9.57 0.675161 1 1 
9.58 -1.08001 9.58 9.58 0.707664 1 1 
9.59 -1.07277 9.59 9.59 0.739956 1 1 
9.6 -1.06521 9.6 9.6 0.772026 1 1 
9.61 -1.05733 9.61 9.61 0.803864 1 1 
9.62 -1.04913 9.62 9.62 0.835461 1 1 
9.63 -1.04062 9.63 9.63 0.866807 1 1 
9.64 -1.03179 9.64 9.64 0.897893 1 1 
9.65 -1.02266 9.65 9.65 0.92871 1 1 
9.66 -1.01322 9.66 9.66 0.959248 1 1 
9.67 -1.00348 9.67 9.67 0.989499 1 1 
9.68 -0.993431 9.68 9.68 1.01945 1 1 
9.69 -0.983087 9.69 9.69 1.0491 1 1 
9.7 -0.972449 9.7 9.7 1.07843 1 1 
9.71 -0.961519 9.71 9.71 1.10744 1 1 
9.72 -0.9503 9.72 9.72 1.13612 1 1 
9.73 -0.938796 9.73 9.73 1.16446 1 1 
9.74 -0.927011 9.74 9.74 1.19244 1 1 
9.75 -0.914947 9.75 9.75 1.22007 1 1 
9.76 -0.902609 9.76 9.76 1.24734 1 1 
9.77 -0.890001 9.77 9.77 1.27423 1 1 
9.78 -0.877125 9.78 9.78 1.30073 1 1 
9.79 -0.863986 9.79 9.79 1.32685 1 1 
9.8 -0.850588 9.8 9.8 1.35257 1 1 
9.81 -0.836935 9.81 9.81 1.37788 1 1 
9.82 -0.82303 9.82 9.82 1.40278 1 1 
9.83 -0.808879 9.83 9.83 1.42726 1 1 
9.84 -0.794485 9.84 9.84 1.45131 1 1 
9.85 -0.779853 9.85 9.85 1.47492 1 1 
9.86 -0.764987 9.86 9.86 1.4981 1 1 
9.87 -0.749891 9.87 9.87 1.52082 1 1 
9.88 -0.73457 9.88 9.88 1.54309 1 1 
9.89 -0.719029 9.89 9.89 1.56489 1 1 
9.9 -0.703272 9.9 9.9 1.58623 1 1 
9.91 -0.687305 9.91 9.91 1.60708 1 1 
9.92 -0.671131 9.92 9.92 1.62746 1 1 
9.93 -0.654755 9.93 9.93 1.64735 1 1 
9.94 -0.638184 9.94 9.94 1.66674 1 1 
9.95 -0.621421 9.95 9.95 1.68564 1 1 
9.96 -0.604471 9.96 9.96 1.70403 1 1 
9.97 -0.58734 9.97 9.97 1.7219 1 1 
9.98 -0.570033 9.98 9.98 1.73926 1 1 
9.99 -0.552555 9.99 9.99 1.7561 1 1 
10 -0.534911 10 10 1.77241 1 1 
