2.50000E-02 9.99375E-01 -2.50000E-02 4.99688E-01
5.00000E-02 9.98125E-01 -4.99844E-02 4.99376E-01
7.50000E-02 9.96252E-01 -7.49375E-02 4.99067E-01
1.00000E-01 9.93756E-01 -9.98438E-02 4.98760E-01
1.25000E-01 9.90639E-01 -1.24688E-01 4.98456E-01
1.50000E-01 9.86902E-01 -1.49454E-01 4.98156E-01
1.75000E-01 9.82549E-01 -1.74126E-01 4.97861E-01
2.00000E-01 9.77582E-01 -1.98690E-01 4.97572E-01
2.25000E-01 9.72004E-01 -2.23130E-01 4.97289E-01
2.50000E-01 9.65818E-01 -2.47430E-01 4.97013E-01
2.75000E-01 9.59029E-01 -2.71575E-01 4.96744E-01
3.00000E-01 9.51640E-01 -2.95551E-01 4.96484E-01
3.25000E-01 9.43656E-01 -3.19342E-01 4.96233E-01
3.50000E-01 9.35083E-01 -3.42933E-01 4.95992E-01
3.75000E-01 9.25925E-01 -3.66310E-01 4.95760E-01
4.00000E-01 9.16189E-01 -3.89458E-01 4.95540E-01
4.25000E-01 9.05880E-01 -4.12363E-01 4.95331E-01
4.50000E-01 8.95004E-01 -4.35010E-01 4.95133E-01
4.75000E-01 8.83570E-01 -4.57385E-01 4.94948E-01
5.00000E-01 8.71583E-01 -4.79474E-01 4.94776E-01
5.25000E-01 8.59051E-01 -5.01264E-01 4.94617E-01
5.50000E-01 8.45983E-01 -5.22740E-01 4.94472E-01
5.75000E-01 8.32386E-01 -5.43890E-01 4.94341E-01
6.00000E-01 8.18268E-01 -5.64699E-01 4.94224E-01
6.25000E-01 8.03639E-01 -5.85156E-01 4.94122E-01
6.50000E-01 7.88508E-01 -6.05247E-01 4.94034E-01
6.75000E-01 7.72884E-01 -6.24960E-01 4.93962E-01
7.00000E-01 7.56777E-01 -6.44282E-01 4.93905E-01
7.25000E-01 7.40197E-01 -6.63201E-01 4.93864E-01
7.50000E-01 7.23154E-01 -6.81706E-01 4.93838E-01
7.75000E-01 7.05660E-01 -6.99785E-01 4.93827E-01
8.00000E-01 6.87724E-01 -7.17427E-01 4.93833E-01
8.25000E-01 6.69358E-01 -7.34620E-01 4.93853E-01
8.50000E-01 6.50575E-01 -7.51354E-01 4.93890E-01
8.75000E-01 6.31384E-01 -7.67618E-01 4.93942E-01
9.00000E-01 6.11799E-01 -7.83403E-01 4.94009E-01
9.25000E-01 5.91832E-01 -7.98698E-01 4.94091E-01
9.50000E-01 5.71494E-01 -8.13493E-01 4.94189E-01
9.75000E-01 5.50800E-01 -8.27781E-01 4.94301E-01
1.00000E+00 5.29761E-01 -8.41551E-01 4.94427E-01
1.02500E+00 5.08391E-01 -8.54795E-01 4.94568E-01
1.05000E+00 4.86704E-01 -8.67505E-01 4.94722E-01
1.07500E+00 4.64712E-01 -8.79672E-01 4.94890E-01
1.10000E+00 4.42429E-01 -8.91290E-01 4.95071E-01
1.12500E+00 4.19871E-01 -9.02351E-01 4.95264E-01
1.15000E+00 3.97050E-01 -9.12847E-01 4.95469E-01
1.17500E+00 3.73980E-01 -9.22774E-01 4.95686E-01
1.20000E+00 3.50677E-01 -9.32123E-01 4.95914E-01
1.22500E+00 3.27155E-01 -9.40890E-01 4.96152E-01
1.25000E+00 3.03428E-01 -9.49069E-01 4.96400E-01
1.27500E+00 2.79512E-01 -9.56655E-01 4.96658E-01
1.30000E+00 2.55421E-01 -9.63643E-01 4.96923E-01
1.32500E+00 2.31170E-01 -9.70028E-01 4.97197E-01
1.35000E+00 2.06775E-01 -9.75807E-01 4.97478E-01
1.37500E+00 1.82250E-01 -9.80977E-01 4.97765E-01
1.40000E+00 1.57612E-01 -9.85533E-01 4.98058E-01
1.42500E+00 1.32875E-01 -9.89473E-01 4.98357E-01
1.45000E+00 1.08055E-01 -9.92795E-01 4.98659E-01
1.47500E+00 8.31679E-02 -9.95496E-01 4.98965E-01
1.50000E+00 5.82285E-02 -9.97576E-01 4.99274E-01
1.52500E+00 3.32528E-02 -9.99031E-01 4.99585E-01
1.55000E+00 8.25619E-03 -9.99863E-01 4.99897E-01
1.57500E+00 -1.67455E-02 -1.00007E+00 5.00209E-01
1.60000E+00 -4.17368E-02 -9.99650E-01 5.00522E-01
1.62500E+00 -6.67020E-02 -9.98607E-01 5.00833E-01
1.65000E+00 -9.16255E-02 -9.96940E-01 5.01142E-01
1.67500E+00 -1.16492E-01 -9.94649E-01 5.01448E-01
1.70000E+00 -1.41285E-01 -9.91737E-01 5.01751E-01
1.72500E+00 -1.65990E-01 -9.88204E-01 5.02050E-01
1.75000E+00 -1.90592E-01 -9.84055E-01 5.02344E-01
1.77500E+00 -2.15074E-01 -9.79290E-01 5.02633E-01
1.80000E+00 -2.39422E-01 -9.73913E-01 5.02915E-01
1.82500E+00 -2.63620E-01 -9.67928E-01 5.03190E-01
1.85000E+00 -2.87653E-01 -9.61337E-01 5.03457E-01
1.87500E+00 -3.11507E-01 -9.54146E-01 5.03715E-01
1.90000E+00 -3.35166E-01 -9.46358E-01 5.03965E-01
1.92500E+00 -3.58615E-01 -9.37979E-01 5.04205E-01
1.95000E+00 -3.81841E-01 -9.29013E-01 5.04434E-01
1.97500E+00 -4.04827E-01 -9.19467E-01 5.04653E-01
2.00000E+00 -4.27561E-01 -9.09347E-01 5.04860E-01
2.02500E+00 -4.50027E-01 -8.98658E-01 5.05055E-01
2.05000E+00 -4.72213E-01 -8.87407E-01 5.05238E-01
2.07500E+00 -4.94103E-01 -8.75602E-01 5.05408E-01
2.10000E+00 -5.15684E-01 -8.63249E-01 5.05565E-01
2.12500E+00 -5.36943E-01 -8.50357E-01 5.05707E-01
2.15000E+00 -5.57866E-01 -8.36934E-01 5.05836E-01
2.17500E+00 -5.78441E-01 -8.22987E-01 5.05951E-01
2.20000E+00 -5.98654E-01 -8.08526E-01 5.06050E-01
2.22500E+00 -6.18493E-01 -7.93560E-01 5.06135E-01
2.25000E+00 -6.37945E-01 -7.78097E-01 5.06205E-01
2.27500E+00 -6.56999E-01 -7.62149E-01 5.06259E-01
2.30000E+00 -6.75642E-01 -7.45724E-01 5.06298E-01
2.32500E+00 -6.93863E-01 -7.28833E-01 5.06321E-01
2.35000E+00 -7.11650E-01 -7.11486E-01 5.06329E-01
2.37500E+00 -7.28993E-01 -6.93695E-01 5.06321E-01
2.40000E+00 -7.45879E-01 -6.75470E-01 5.06298E-01
2.42500E+00 -7.62300E-01 -6.56823E-01 5.06259E-01
2.45000E+00 -7.78244E-01 -6.37765E-01 5.06204E-01
2.47500E+00 -7.93702E-01 -6.18309E-01 5.06134E-01
2.50000E+00 -8.08663E-01 -5.98467E-01 5.06049E-01
2.52500E+00 -8.23120E-01 -5.78250E-01 5.05950E-01
2.55000E+00 -8.37061E-01 -5.57672E-01 5.05835E-01
2.57500E+00 -8.50480E-01 -5.36746E-01 5.05706E-01
2.60000E+00 -8.63367E-01 -5.15484E-01 5.05563E-01
2.62500E+00 -8.75715E-01 -4.93899E-01 5.05406E-01
2.65000E+00 -8.87515E-01 -4.72007E-01 5.05236E-01
2.67500E+00 -8.98760E-01 -4.49819E-01 5.05053E-01
2.70000E+00 -9.09444E-01 -4.27350E-01 5.04858E-01
2.72500E+00 -9.19559E-01 -4.04614E-01 5.04651E-01
2.75000E+00 -9.29100E-01 -3.81625E-01 5.04432E-01
2.77500E+00 -9.38060E-01 -3.58397E-01 5.04202E-01
2.80000E+00 -9.46434E-01 -3.34946E-01 5.03963E-01
2.82500E+00 -9.54216E-01 -3.11285E-01 5.03713E-01
2.85000E+00 -9.61401E-01 -2.87429E-01 5.03454E-01
2.87500E+00 -9.67986E-01 -2.63394E-01 5.03187E-01
2.90000E+00 -9.73966E-01 -2.39195E-01 5.02912E-01
2.92500E+00 -9.79337E-01 -2.14846E-01 5.02630E-01
2.95000E+00 -9.84096E-01 -1.90362E-01 5.02342E-01
2.97500E+00 -9.88240E-01 -1.65760E-01 5.02048E-01
3.00000E+00 -9.91767E-01 -1.41054E-01 5.01749E-01
3.02500E+00 -9.94673E-01 -1.16260E-01 5.01446E-01
3.05000E+00 -9.96958E-01 -9.13927E-02 5.01139E-01
3.07500E+00 -9.98620E-01 -6.64687E-02 5.00830E-01
3.10000E+00 -9.99657E-01 -4.15032E-02 5.00519E-01
3.12500E+00 -1.00007E+00 -1.65118E-02 5.00206E-01
3.15000E+00 -9.99858E-01 8.48994E-03 4.99894E-01
3.17500E+00 -9.99021E-01 3.34864E-02 4.99582E-01
3.20000E+00 -9.97559E-01 5.84619E-02 4.99271E-01
3.22500E+00 -9.95474E-01 8.34009E-02 4.98962E-01
3.25000E+00 -9.92767E-01 1.08288E-01 4.98656E-01
3.27500E+00 -9.89439E-01 1.33107E-01 4.98354E-01
3.30000E+00 -9.85493E-01 1.57843E-01 4.98056E-01
3.32500E+00 -9.80931E-01 1.82480E-01 4.97762E-01
3.35000E+00 -9.75756E-01 2.07004E-01 4.97475E-01
3.37500E+00 -9.69971E-01 2.31397E-01 4.97194E-01
3.40000E+00 -9.63580E-01 2.55647E-01 4.96921E-01
3.42500E+00 -9.56587E-01 2.79736E-01 4.96655E-01
3.45000E+00 -9.48995E-01 3.03651E-01 4.96398E-01
3.47500E+00 -9.40811E-01 3.27376E-01 4.96150E-01
3.50000E+00 -9.32039E-01 3.50896E-01 4.95912E-01
3.52500E+00 -9.22684E-01 3.74197E-01 4.95684E-01
3.55000E+00 -9.12752E-01 3.97264E-01 4.95467E-01
3.57500E+00 -9.02250E-01 4.20083E-01 4.95262E-01
3.60000E+00 -8.91184E-01 4.42639E-01 4.95069E-01
3.62500E+00 -8.79561E-01 4.64919E-01 4.94888E-01
3.65000E+00 -8.67388E-01 4.86908E-01 4.94721E-01
3.67500E+00 -8.54673E-01 5.08592E-01 4.94566E-01
3.70000E+00 -8.41424E-01 5.29959E-01 4.94426E-01
3.72500E+00 -8.27650E-01 5.50995E-01 4.94300E-01
3.75000E+00 -8.13357E-01 5.71686E-01 4.94188E-01
3.77500E+00 -7.98557E-01 5.92020E-01 4.94090E-01
3.80000E+00 -7.83257E-01 6.11984E-01 4.94008E-01
3.82500E+00 -7.67468E-01 6.31565E-01 4.93941E-01
3.85000E+00 -7.51199E-01 6.50752E-01 4.93889E-01
3.87500E+00 -7.34461E-01 6.69532E-01 4.93853E-01
3.90000E+00 -7.17264E-01 6.87894E-01 4.93832E-01
3.92500E+00 -6.99618E-01 7.05825E-01 4.93827E-01
3.95000E+00 -6.81535E-01 7.23316E-01 4.93838E-01
3.97500E+00 -6.63026E-01 7.40354E-01 4.93864E-01
4.00000E+00 -6.44103E-01 7.56930E-01 4.93906E-01
4.02500E+00 -6.24777E-01 7.73032E-01 4.93963E-01
4.05000E+00 -6.05061E-01 7.88652E-01 4.94035E-01
4.07500E+00 -5.84967E-01 8.03778E-01 4.94123E-01
4.10000E+00 -5.64507E-01 8.18402E-01 4.94225E-01
4.12500E+00 -5.43694E-01 8.32515E-01 4.94342E-01
4.15000E+00 -5.22541E-01 8.46107E-01 4.94473E-01
4.17500E+00 -5.01062E-01 8.59171E-01 4.94619E-01
4.20000E+00 -4.79269E-01 8.71697E-01 4.94778E-01
4.22500E+00 -4.57177E-01 8.83679E-01 4.94950E-01
4.25000E+00 -4.34800E-01 8.95109E-01 4.95135E-01
4.27500E+00 -4.12150E-01 9.05979E-01 4.95333E-01
4.30000E+00 -3.89243E-01 9.16282E-01 4.95542E-01
4.32500E+00 -3.66093E-01 9.26013E-01 4.95762E-01
4.35000E+00 -3.42714E-01 9.35166E-01 4.95994E-01
4.37500E+00 -3.19120E-01 9.43734E-01 4.96235E-01
4.40000E+00 -2.95327E-01 9.51712E-01 4.96487E-01
4.42500E+00 -2.71350E-01 9.59095E-01 4.96747E-01
4.45000E+00 -2.47203E-01 9.65879E-01 4.97015E-01
4.47500E+00 -2.22902E-01 9.72059E-01 4.97292E-01
4.50000E+00 -1.98461E-01 9.77631E-01 4.97575E-01
4.52500E+00 -1.73896E-01 9.82593E-01 4.97864E-01
4.55000E+00 -1.49223E-01 9.86940E-01 4.98159E-01
4.57500E+00 -1.24456E-01 9.90671E-01 4.98459E-01
4.60000E+00 -9.96112E-02 9.93782E-01 4.98763E-01
4.62500E+00 -7.47044E-02 9.96272E-01 4.99070E-01
4.65000E+00 -4.97509E-02 9.98140E-01 4.99379E-01
4.67500E+00 -2.47663E-02 9.99384E-01 4.99691E-01
4.70000E+00 2.33768E-04 1.00000E+00 5.00003E-01
4.72500E+00 2.52337E-02 9.99997E-01 5.00315E-01
4.75000E+00 5.02178E-02 9.99366E-01 5.00627E-01
4.77500E+00 7.51706E-02 9.98111E-01 5.00938E-01
4.80000E+00 1.00076E-01 9.96231E-01 5.01246E-01
4.82500E+00 1.24920E-01 9.93730E-01 5.01552E-01
4.85000E+00 1.49685E-01 9.90607E-01 5.01853E-01
4.87500E+00 1.74356E-01 9.86864E-01 5.02151E-01
4.90000E+00 1.98919E-01 9.82506E-01 5.02443E-01
4.92500E+00 2.23357E-01 9.77533E-01 5.02729E-01
4.95000E+00 2.47656E-01 9.71949E-01 5.03009E-01
4.97500E+00 2.71800E-01 9.65757E-01 5.03281E-01
5.00000E+00 2.95774E-01 9.58962E-01 5.03545E-01
5.02500E+00 3.19563E-01 9.51568E-01 5.03801E-01
5.05000E+00 3.43153E-01 9.43579E-01 5.04047E-01
5.07500E+00 3.66528E-01 9.35000E-01 5.04284E-01
5.10000E+00 3.89674E-01 9.25837E-01 5.04510E-01
5.12500E+00 4.12576E-01 9.16095E-01 5.04724E-01
5.15000E+00 4.35221E-01 9.05781E-01 5.04928E-01
5.17500E+00 4.57593E-01 8.94900E-01 5.05119E-01
5.20000E+00 4.79680E-01 8.83460E-01 5.05297E-01
5.22500E+00 5.01466E-01 8.71468E-01 5.05463E-01
5.25000E+00 5.22940E-01 8.58932E-01 5.05615E-01
5.27500E+00 5.44086E-01 8.45858E-01 5.05753E-01
5.30000E+00 5.64892E-01 8.32256E-01 5.05877E-01
5.32500E+00 5.85346E-01 8.18134E-01 5.05986E-01
5.35000E+00 6.05433E-01 8.03500E-01 5.06081E-01
5.37500E+00 6.25142E-01 7.88364E-01 5.06160E-01
5.40000E+00 6.44461E-01 7.72736E-01 5.06225E-01
5.42500E+00 6.63376E-01 7.56624E-01 5.06274E-01
5.45000E+00 6.81877E-01 7.40040E-01 5.06308E-01
5.47500E+00 6.99952E-01 7.22993E-01 5.06326E-01
5.50000E+00 7.17590E-01 7.05494E-01 5.06328E-01
5.52500E+00 7.34778E-01 6.87554E-01 5.06315E-01
5.55000E+00 7.51508E-01 6.69185E-01 5.06286E-01
5.57500E+00 7.67768E-01 6.50397E-01 5.06242E-01
5.60000E+00 7.83548E-01 6.31203E-01 5.06182E-01
5.62500E+00 7.98838E-01 6.11614E-01 5.06107E-01
5.65000E+00 8.13629E-01 5.91643E-01 5.06017E-01
5.67500E+00 8.27912E-01 5.71302E-01 5.05912E-01
5.70000E+00 8.41677E-01 5.50605E-01 5.05793E-01
5.72500E+00 8.54916E-01 5.29563E-01 5.05659E-01
5.75000E+00 8.67621E-01 5.08190E-01 5.05511E-01
5.77500E+00 8.79783E-01 4.86499E-01 5.05350E-01
5.80000E+00 8.91396E-01 4.64505E-01 5.05176E-01
5.82500E+00 9.02451E-01 4.42220E-01 5.04989E-01
5.85000E+00 9.12943E-01 4.19659E-01 5.04789E-01
5.87500E+00 9.22864E-01 3.96835E-01 5.04578E-01
5.90000E+00 9.32208E-01 3.73763E-01 5.04355E-01
5.92500E+00 9.40969E-01 3.50458E-01 5.04122E-01
5.95000E+00 9.49143E-01 3.26934E-01 5.03879E-01
5.97500E+00 9.56723E-01 3.03205E-01 5.03626E-01
6.00000E+00 9.63705E-01 2.79287E-01 5.03364E-01
6.02500E+00 9.70085E-01 2.55195E-01 5.03095E-01
6.05000E+00 9.75858E-01 2.30943E-01 5.02817E-01
6.07500E+00 9.81022E-01 2.06546E-01 5.02533E-01
6.10000E+00 9.85573E-01 1.82021E-01 5.02242E-01
6.12500E+00 9.89507E-01 1.57381E-01 5.01947E-01
6.15000E+00 9.92823E-01 1.32644E-01 5.01646E-01
6.17500E+00 9.95519E-01 1.07823E-01 5.01342E-01
6.20000E+00 9.97592E-01 8.29350E-02 5.01034E-01
6.22500E+00 9.99042E-01 5.79952E-02 5.00724E-01
6.25000E+00 9.99868E-01 3.30191E-02 5.00413E-01
6.27500E+00 1.00007E+00 8.02242E-03 5.00100E-01
6.30000E+00 9.99644E-01 -1.69793E-02 4.99788E-01
6.32500E+00 9.98594E-01 -4.19704E-02 4.99476E-01
6.35000E+00 9.96921E-01 -6.69352E-02 4.99166E-01
6.37500E+00 9.94625E-01 -9.18583E-02 4.98858E-01
6.40000E+00 9.91706E-01 -1.16724E-01 4.98553E-01
6.42500E+00 9.88169E-01 -1.41517E-01 4.98252E-01
6.45000E+00 9.84013E-01 -1.66221E-01 4.97955E-01
6.47500E+00 9.79242E-01 -1.90821E-01 4.97664E-01
6.50000E+00 9.73860E-01 -2.15302E-01 4.97379E-01
6.52500E+00 9.67869E-01 -2.39649E-01 4.97101E-01
6.55000E+00 9.61273E-01 -2.63845E-01 4.96830E-01
6.57500E+00 9.54076E-01 -2.87877E-01 4.96567E-01
6.60000E+00 9.46282E-01 -3.11729E-01 4.96313E-01
6.62500E+00 9.37898E-01 -3.35386E-01 4.96068E-01
6.65000E+00 9.28927E-01 -3.58834E-01 4.95833E-01
6.67500E+00 9.19376E-01 -3.82057E-01 4.95609E-01
6.70000E+00 9.09249E-01 -4.05041E-01 4.95396E-01
6.72500E+00 8.98555E-01 -4.27772E-01 4.95195E-01
6.75000E+00 8.87299E-01 -4.50236E-01 4.95006E-01
6.77500E+00 8.75489E-01 -4.72419E-01 4.94830E-01
6.80000E+00 8.63131E-01 -4.94306E-01 4.94667E-01
6.82500E+00 8.50234E-01 -5.15884E-01 4.94517E-01
6.85000E+00 8.36806E-01 -5.37140E-01 4.94381E-01
6.87500E+00 8.22854E-01 -5.58060E-01 4.94260E-01
6.90000E+00 8.08388E-01 -5.78632E-01 4.94153E-01
6.92500E+00 7.93417E-01 -5.98841E-01 4.94061E-01
6.95000E+00 7.77950E-01 -6.18677E-01 4.93984E-01
6.97500E+00 7.61997E-01 -6.38125E-01 4.93922E-01
7.00000E+00 7.45568E-01 -6.57175E-01 4.93875E-01
7.02500E+00 7.28672E-01 -6.75815E-01 4.93844E-01
7.05000E+00 7.11322E-01 -6.94031E-01 4.93829E-01
7.07500E+00 6.93526E-01 -7.11814E-01 4.93829E-01
7.10000E+00 6.75297E-01 -7.29153E-01 4.93845E-01
7.12500E+00 6.56647E-01 -7.46035E-01 4.93876E-01
7.15000E+00 6.37585E-01 -7.62451E-01 4.93923E-01
7.17500E+00 6.18126E-01 -7.78391E-01 4.93986E-01
7.20000E+00 5.98279E-01 -7.93844E-01 4.94063E-01
7.22500E+00 5.78059E-01 -8.08801E-01 4.94156E-01
7.25000E+00 5.57478E-01 -8.23252E-01 4.94263E-01
7.27500E+00 5.36548E-01 -8.37189E-01 4.94385E-01
7.30000E+00 5.15283E-01 -8.50603E-01 4.94521E-01
7.32500E+00 4.93696E-01 -8.63485E-01 4.94671E-01
7.35000E+00 4.71800E-01 -8.75828E-01 4.94835E-01
7.37500E+00 4.49610E-01 -8.87623E-01 4.95011E-01
7.40000E+00 4.27138E-01 -8.98863E-01 4.95201E-01
7.42500E+00 4.04400E-01 -9.09541E-01 4.95402E-01
7.45000E+00 3.81409E-01 -9.19651E-01 4.95615E-01
7.47500E+00 3.58179E-01 -9.29186E-01 4.95840E-01
7.50000E+00 3.34725E-01 -9.38141E-01 4.96075E-01
7.52500E+00 3.11063E-01 -9.46509E-01 4.96320E-01
7.55000E+00 2.87205E-01 -9.54286E-01 4.96574E-01
7.57500E+00 2.63169E-01 -9.61466E-01 4.96837E-01
7.60000E+00 2.38968E-01 -9.68045E-01 4.97108E-01
7.62500E+00 2.14617E-01 -9.74019E-01 4.97387E-01
7.65000E+00 1.90133E-01 -9.79385E-01 4.97672E-01
7.67500E+00 1.65529E-01 -9.84138E-01 4.97964E-01
7.70000E+00 1.40822E-01 -9.88276E-01 4.98260E-01
7.72500E+00 1.16027E-01 -9.91797E-01 4.98562E-01
7.75000E+00 9.11599E-02 -9.94697E-01 4.98867E-01
7.77500E+00 6.62355E-02 -9.96976E-01 4.99175E-01
7.80000E+00 4.12697E-02 -9.98632E-01 4.99485E-01
7.82500E+00 1.62781E-02 -9.99664E-01 4.99797E-01
7.85000E+00 -8.72370E-03 -1.00007E+00 5.00109E-01
7.87500E+00 -3.37200E-02 -9.99853E-01 5.00421E-01
7.90000E+00 -5.86953E-02 -9.99010E-01 5.00733E-01
7.92500E+00 -8.36338E-02 -9.97543E-01 5.01043E-01
7.95000E+00 -1.08520E-01 -9.95452E-01 5.01350E-01
7.97500E+00 -1.33339E-01 -9.92739E-01 5.01655E-01
8.00000E+00 -1.58074E-01 -9.89405E-01 5.01955E-01
8.02500E+00 -1.82710E-01 -9.85453E-01 5.02251E-01
8.05000E+00 -2.07232E-01 -9.80886E-01 5.02541E-01
8.07500E+00 -2.31625E-01 -9.75705E-01 5.02825E-01
8.10000E+00 -2.55873E-01 -9.69914E-01 5.03102E-01
8.12500E+00 -2.79961E-01 -9.63517E-01 5.03372E-01
8.15000E+00 -3.03874E-01 -9.56518E-01 5.03633E-01
8.17500E+00 -3.27597E-01 -9.48922E-01 5.03886E-01
8.20000E+00 -3.51115E-01 -9.40732E-01 5.04129E-01
8.22500E+00 -3.74414E-01 -9.31954E-01 5.04362E-01
8.25000E+00 -3.97479E-01 -9.22593E-01 5.04584E-01
8.27500E+00 -4.20295E-01 -9.12656E-01 5.04795E-01
8.30000E+00 -4.42849E-01 -9.02149E-01 5.04994E-01
8.32500E+00 -4.65126E-01 -8.91078E-01 5.05181E-01
8.35000E+00 -4.87112E-01 -8.79450E-01 5.05355E-01
8.37500E+00 -5.08794E-01 -8.67272E-01 5.05516E-01
8.40000E+00 -5.30157E-01 -8.54552E-01 5.05663E-01
8.42500E+00 -5.51190E-01 -8.41298E-01 5.05796E-01
8.45000E+00 -5.71878E-01 -8.27518E-01 5.05915E-01
8.47500E+00 -5.92208E-01 -8.13221E-01 5.06020E-01
8.50000E+00 -6.12169E-01 -7.98416E-01 5.06110E-01
8.52500E+00 -6.31747E-01 -7.83112E-01 5.06184E-01
8.55000E+00 -6.50930E-01 -7.67318E-01 5.06243E-01
8.57500E+00 -6.69706E-01 -7.51045E-01 5.06287E-01
8.60000E+00 -6.88063E-01 -7.34302E-01 5.06316E-01
8.62500E+00 -7.05991E-01 -7.17101E-01 5.06328E-01
8.65000E+00 -7.23477E-01 -6.99451E-01 5.06325E-01
8.67500E+00 -7.40511E-01 -6.81364E-01 5.06307E-01
8.70000E+00 -7.57082E-01 -6.62851E-01 5.06273E-01
8.72500E+00 -7.73181E-01 -6.43924E-01 5.06223E-01
8.75000E+00 -7.88795E-01 -6.24595E-01 5.06158E-01
8.77500E+00 -8.03917E-01 -6.04875E-01 5.06078E-01
8.80000E+00 -8.18537E-01 -5.84777E-01 5.05983E-01
8.82500E+00 -8.32645E-01 -5.64314E-01 5.05873E-01
8.85000E+00 -8.46232E-01 -5.43497E-01 5.05749E-01
8.87500E+00 -8.59291E-01 -5.22342E-01 5.05611E-01
8.90000E+00 -8.71812E-01 -5.00859E-01 5.05458E-01
8.92500E+00 -8.83789E-01 -4.79064E-01 5.05292E-01
8.95000E+00 -8.95213E-01 -4.56969E-01 5.05114E-01
8.97500E+00 -9.06078E-01 -4.34589E-01 5.04922E-01
9.00000E+00 -9.16376E-01 -4.11937E-01 5.04719E-01
9.02500E+00 -9.26102E-01 -3.89028E-01 5.04503E-01
9.05000E+00 -9.35249E-01 -3.65875E-01 5.04277E-01
9.07500E+00 -9.43811E-01 -3.42494E-01 5.04041E-01
9.10000E+00 -9.51783E-01 -3.18899E-01 5.03794E-01
9.12500E+00 -9.59161E-01 -2.95104E-01 5.03538E-01
9.15000E+00 -9.65939E-01 -2.71125E-01 5.03274E-01
9.17500E+00 -9.72114E-01 -2.46977E-01 5.03001E-01
9.20000E+00 -9.77680E-01 -2.22674E-01 5.02721E-01
9.22500E+00 -9.82636E-01 -1.98232E-01 5.02435E-01
9.25000E+00 -9.86978E-01 -1.73666E-01 5.02143E-01
9.27500E+00 -9.90703E-01 -1.48991E-01 5.01845E-01
9.30000E+00 -9.93808E-01 -1.24224E-01 5.01543E-01
9.32500E+00 -9.96293E-01 -9.93786E-02 5.01238E-01
9.35000E+00 -9.98154E-01 -7.44713E-02 5.00929E-01
9.37500E+00 -9.99392E-01 -4.95174E-02 5.00619E-01
9.40000E+00 -1.00001E+00 -2.45326E-02 5.00307E-01
9.42500E+00 -9.99994E-01 4.67536E-04 4.99994E-01
9.45000E+00 -9.99357E-01 2.54674E-02 4.99682E-01
9.47500E+00 -9.98096E-01 5.04513E-02 4.99371E-01
9.50000E+00 -9.96211E-01 7.54037E-02 4.99061E-01
9.52500E+00 -9.93703E-01 1.00309E-01 4.98754E-01
9.55000E+00 -9.90574E-01 1.25152E-01 4.98450E-01
9.57500E+00 -9.86827E-01 1.49916E-01 4.98151E-01
9.60000E+00 -9.82462E-01 1.74587E-01 4.97856E-01
9.62500E+00 -9.77483E-01 1.99148E-01 4.97567E-01
9.65000E+00 -9.71894E-01 2.23585E-01 4.97284E-01
9.67500E+00 -9.65697E-01 2.47883E-01 4.97008E-01
9.70000E+00 -9.58896E-01 2.72025E-01 4.96739E-01
9.72500E+00 -9.51496E-01 2.95997E-01 4.96479E-01
9.75000E+00 -9.43501E-01 3.19785E-01 4.96229E-01
9.77500E+00 -9.34917E-01 3.43372E-01 4.95987E-01
9.80000E+00 -9.25748E-01 3.66745E-01 4.95756E-01
9.82500E+00 -9.16001E-01 3.89889E-01 4.95536E-01
9.85000E+00 -9.05681E-01 4.12789E-01 4.95327E-01
9.87500E+00 -8.94796E-01 4.35431E-01 4.95130E-01
9.90000E+00 -8.83351E-01 4.57801E-01 4.94945E-01
9.92500E+00 -8.71354E-01 4.79885E-01 4.94773E-01
9.95000E+00 -8.58812E-01 5.01669E-01 4.94615E-01
9.97500E+00 -8.45733E-01 5.23139E-01 4.94470E-01
1.00000E+01 -8.32126E-01 5.44282E-01 4.94339E-01
1.00250E+01 -8.17999E-01 5.65085E-01 4.94222E-01
1.00500E+01 -8.03361E-01 5.85535E-01 4.94120E-01
1.00750E+01 -7.88220E-01 6.05619E-01 4.94033E-01
1.01000E+01 -7.72587E-01 6.25325E-01 4.93961E-01
1.01250E+01 -7.56471E-01 6.44639E-01 4.93904E-01
1.01500E+01 -7.39882E-01 6.63551E-01 4.93863E-01
1.01750E+01 -7.22831E-01 6.82048E-01 4.93837E-01
1.02000E+01 -7.05328E-01 7.00119E-01 4.93827E-01
1.02250E+01 -6.87384E-01 7.17752E-01 4.93833E-01
1.02500E+01 -6.69011E-01 7.34937E-01 4.93854E-01
1.02750E+01 -6.50219E-01 7.51662E-01 4.93891E-01
1.03000E+01 -6.31021E-01 7.67918E-01 4.93943E-01
1.03250E+01 -6.11429E-01 7.83693E-01 4.94010E-01
1.03500E+01 -5.91455E-01 7.98979E-01 4.94093E-01
1.03750E+01 -5.71111E-01 8.13765E-01 4.94191E-01
1.04000E+01 -5.50409E-01 8.28043E-01 4.94303E-01
1.04250E+01 -5.29364E-01 8.41803E-01 4.94430E-01
1.04500E+01 -5.07988E-01 8.55037E-01 4.94571E-01
1.04750E+01 -4.86295E-01 8.67737E-01 4.94725E-01
1.05000E+01 -4.64298E-01 8.79895E-01 4.94893E-01
1.05250E+01 -4.42010E-01 8.91502E-01 4.95074E-01
1.05500E+01 -4.19446E-01 9.02552E-01 4.95268E-01
1.05750E+01 -3.96620E-01 9.13038E-01 4.95473E-01
1.06000E+01 -3.73547E-01 9.22954E-01 4.95690E-01
1.06250E+01 -3.50239E-01 9.32293E-01 4.95918E-01
1.06500E+01 -3.26713E-01 9.41049E-01 4.96157E-01
1.06750E+01 -3.02983E-01 9.49216E-01 4.96405E-01
1.07000E+01 -2.79063E-01 9.56791E-01 4.96662E-01
1.07250E+01 -2.54969E-01 9.63767E-01 4.96928E-01
1.07500E+01 -2.30715E-01 9.70142E-01 4.97202E-01
1.07750E+01 -2.06317E-01 9.75910E-01 4.97483E-01
1.08000E+01 -1.81791E-01 9.81067E-01 4.97771E-01
1.08250E+01 -1.57150E-01 9.85612E-01 4.98064E-01
1.08500E+01 -1.32412E-01 9.89541E-01 4.98362E-01
1.08750E+01 -1.07591E-01 9.92851E-01 4.98665E-01
1.09000E+01 -8.27020E-02 9.95541E-01 4.98971E-01
1.09250E+01 -5.77618E-02 9.97609E-01 4.99280E-01
1.09500E+01 -3.27855E-02 9.99053E-01 4.99591E-01
1.09750E+01 -7.78866E-03 9.99872E-01 4.99903E-01
1.10000E+01 1.72130E-02 1.00007E+00 5.00215E-01
1.10250E+01 4.22039E-02 9.99637E-01 5.00527E-01
1.10500E+01 6.71685E-02 9.98582E-01 5.00838E-01
1.10750E+01 9.20910E-02 9.96902E-01 5.01148E-01
1.11000E+01 1.16956E-01 9.94600E-01 5.01454E-01
1.11250E+01 1.41748E-01 9.91676E-01 5.01757E-01
1.11500E+01 1.66451E-01 9.88133E-01 5.02056E-01
1.11750E+01 1.91051E-01 9.83971E-01 5.02350E-01
1.12000E+01 2.15530E-01 9.79195E-01 5.02638E-01
1.12250E+01 2.39876E-01 9.73807E-01 5.02920E-01
1.12500E+01 2.64071E-01 9.67810E-01 5.03195E-01
1.12750E+01 2.88101E-01 9.61208E-01 5.03462E-01
1.13000E+01 3.11951E-01 9.54006E-01 5.03720E-01
1.13250E+01 3.35606E-01 9.46207E-01 5.03969E-01
1.13500E+01 3.59052E-01 9.37817E-01 5.04209E-01
1.13750E+01 3.82273E-01 9.28840E-01 5.04438E-01
1.14000E+01 4.05255E-01 9.19283E-01 5.04657E-01
1.14250E+01 4.27984E-01 9.09152E-01 5.04864E-01
1.14500E+01 4.50445E-01 8.98453E-01 5.05059E-01
1.14750E+01 4.72625E-01 8.87191E-01 5.05241E-01
1.15000E+01 4.94509E-01 8.75376E-01 5.05411E-01
1.15250E+01 5.16084E-01 8.63013E-01 5.05567E-01
1.15500E+01 5.37337E-01 8.50111E-01 5.05710E-01
1.15750E+01 5.58254E-01 8.36678E-01 5.05838E-01
1.16000E+01 5.78822E-01 8.22721E-01 5.05953E-01
1.16250E+01 5.99028E-01 8.08251E-01 5.06052E-01
1.16500E+01 6.18860E-01 7.93275E-01 5.06137E-01
1.16750E+01 6.38305E-01 7.77803E-01 5.06206E-01
1.17000E+01 6.57352E-01 7.61846E-01 5.06260E-01
1.17250E+01 6.75987E-01 7.45412E-01 5.06299E-01
1.17500E+01 6.94200E-01 7.28512E-01 5.06322E-01
1.17750E+01 7.11979E-01 7.11157E-01 5.06329E-01
1.18000E+01 7.29313E-01 6.93358E-01 5.06321E-01
1.18250E+01 7.46191E-01 6.75125E-01 5.06297E-01
1.18500E+01 7.62602E-01 6.56470E-01 5.06258E-01
1.18750E+01 7.78538E-01 6.37405E-01 5.06203E-01
1.19000E+01 7.93986E-01 6.17942E-01 5.06133E-01
1.19250E+01 8.08938E-01 5.98092E-01 5.06048E-01
1.19500E+01 8.23385E-01 5.77869E-01 5.05948E-01
1.19750E+01 8.37317E-01 5.57284E-01 5.05833E-01
1.20000E+01 8.50726E-01 5.36351E-01 5.05704E-01
1.20250E+01 8.63603E-01 5.15083E-01 5.05560E-01
1.20500E+01 8.75940E-01 4.93493E-01 5.05403E-01
1.20750E+01 8.87730E-01 4.71594E-01 5.05233E-01
1.21000E+01 8.98965E-01 4.49401E-01 5.05050E-01
1.21250E+01 9.09638E-01 4.26927E-01 5.04854E-01
1.21500E+01 9.19743E-01 4.04186E-01 5.04647E-01
1.21750E+01 9.29273E-01 3.81192E-01 5.04428E-01
1.22000E+01 9.38222E-01 3.57961E-01 5.04198E-01
1.22250E+01 9.46585E-01 3.34505E-01 5.03958E-01
1.22500E+01 9.54356E-01 3.10840E-01 5.03708E-01
1.22750E+01 9.61530E-01 2.86982E-01 5.03449E-01
1.23000E+01 9.68104E-01 2.62943E-01 5.03182E-01
1.23250E+01 9.74072E-01 2.38741E-01 5.02907E-01
1.23500E+01 9.79432E-01 2.14389E-01 5.02625E-01
1.23750E+01 9.84179E-01 1.89903E-01 5.02336E-01
1.24000E+01 9.88312E-01 1.65299E-01 5.02042E-01
1.24250E+01 9.91827E-01 1.40591E-01 5.01743E-01
1.24500E+01 9.94722E-01 1.15795E-01 5.01440E-01
1.24750E+01 9.96995E-01 9.09271E-02 5.01133E-01
1.25000E+01 9.98645E-01 6.60022E-02 5.00824E-01
1.25250E+01 9.99671E-01 4.10361E-02 5.00513E-01
1.25500E+01 1.00007E+00 1.60443E-02 5.00201E-01
1.25750E+01 9.99848E-01 -8.95746E-03 4.99888E-01
1.26000E+01 9.98999E-01 -3.39537E-02 4.99576E-01
1.26250E+01 9.97526E-01 -5.89286E-02 4.99265E-01
1.26500E+01 9.95429E-01 -8.38668E-02 4.98956E-01
1.26750E+01 9.92710E-01 -1.08753E-01 4.98651E-01
1.27000E+01 9.89371E-01 -1.33570E-01 4.98348E-01
1.27250E+01 9.85414E-01 -1.58305E-01 4.98050E-01
1.27500E+01 9.80840E-01 -1.82940E-01 4.97757E-01
1.27750E+01 9.75653E-01 -2.07461E-01 4.97470E-01
1.28000E+01 9.69857E-01 -2.31852E-01 4.97189E-01
1.28250E+01 9.63455E-01 -2.56099E-01 4.96916E-01
1.28500E+01 9.56450E-01 -2.80185E-01 4.96650E-01
1.28750E+01 9.48848E-01 -3.04096E-01 4.96393E-01
1.29000E+01 9.40652E-01 -3.27817E-01 4.96145E-01
1.29250E+01 9.31869E-01 -3.51334E-01 4.95908E-01
1.29500E+01 9.22503E-01 -3.74630E-01 4.95680E-01
1.29750E+01 9.12561E-01 -3.97693E-01 4.95464E-01
1.30000E+01 9.02048E-01 -4.20507E-01 4.95259E-01
1.30250E+01 8.90972E-01 -4.43058E-01 4.95066E-01
1.30500E+01 8.79338E-01 -4.65333E-01 4.94885E-01
1.30750E+01 8.67155E-01 -4.87316E-01 4.94718E-01
1.31000E+01 8.54431E-01 -5.08995E-01 4.94564E-01
1.31250E+01 8.41172E-01 -5.30356E-01 4.94423E-01
1.31500E+01 8.27387E-01 -5.51385E-01 4.94297E-01
1.31750E+01 8.13085E-01 -5.72070E-01 4.94186E-01
1.32000E+01 7.98275E-01 -5.92397E-01 4.94089E-01
1.32250E+01 7.82967E-01 -6.12354E-01 4.94007E-01
1.32500E+01 7.67168E-01 -6.31928E-01 4.93940E-01
1.32750E+01 7.50891E-01 -6.51107E-01 4.93889E-01
1.33000E+01 7.34144E-01 -6.69879E-01 4.93853E-01
1.33250E+01 7.16938E-01 -6.88233E-01 4.93832E-01
1.33500E+01 6.99284E-01 -7.06156E-01 4.93827E-01
1.33750E+01 6.81193E-01 -7.23638E-01 4.93838E-01
1.34000E+01 6.62676E-01 -7.40668E-01 4.93865E-01
1.34250E+01 6.43745E-01 -7.57235E-01 4.93907E-01
1.34500E+01 6.24412E-01 -7.73329E-01 4.93964E-01
1.34750E+01 6.04689E-01 -7.88939E-01 4.94037E-01
1.35000E+01 5.84587E-01 -8.04056E-01 4.94124E-01
1.35250E+01 5.64121E-01 -8.18671E-01 4.94227E-01
1.35500E+01 5.43301E-01 -8.32774E-01 4.94344E-01
1.35750E+01 5.22142E-01 -8.46357E-01 4.94476E-01
1.36000E+01 5.00657E-01 -8.59410E-01 4.94622E-01
1.36250E+01 4.78859E-01 -8.71927E-01 4.94781E-01
1.36500E+01 4.56761E-01 -8.83898E-01 4.94953E-01
1.36750E+01 4.34378E-01 -8.95317E-01 4.95139E-01
1.37000E+01 4.11724E-01 -9.06177E-01 4.95336E-01
1.37250E+01 3.88812E-01 -9.16470E-01 4.95546E-01
1.37500E+01 3.65658E-01 -9.26190E-01 4.95767E-01
1.37750E+01 3.42274E-01 -9.35331E-01 4.95998E-01
1.38000E+01 3.18677E-01 -9.43888E-01 4.96240E-01
1.38250E+01 2.94881E-01 -9.51855E-01 4.96491E-01
1.38500E+01 2.70900E-01 -9.59227E-01 4.96752E-01
1.38750E+01 2.46750E-01 -9.66000E-01 4.97020E-01
1.39000E+01 2.22446E-01 -9.72168E-01 4.97297E-01
1.39250E+01 1.98003E-01 -9.77730E-01 4.97580E-01
1.39500E+01 1.73436E-01 -9.82680E-01 4.97870E-01
1.39750E+01 1.48760E-01 -9.87016E-01 4.98165E-01
1.40000E+01 1.23992E-01 -9.90735E-01 4.98464E-01
1.40250E+01 9.91460E-02 -9.93834E-01 4.98768E-01
1.40500E+01 7.42382E-02 -9.96313E-01 4.99075E-01
1.40750E+01 4.92839E-02 -9.98169E-01 4.99385E-01
1.41000E+01 2.42989E-02 -9.99401E-01 4.99696E-01
1.41250E+01 -7.01304E-04 -1.00001E+00 5.00009E-01
1.41500E+01 -2.57011E-02 -9.99991E-01 5.00321E-01
1.41750E+01 -5.06848E-02 -9.99348E-01 5.00633E-01
1.42000E+01 -7.56368E-02 -9.98081E-01 5.00944E-01
1.42250E+01 -1.00542E-01 -9.96190E-01 5.01252E-01
1.42500E+01 -1.25384E-01 -9.93677E-01 5.01557E-01
1.42750E+01 -1.50147E-01 -9.90542E-01 5.01859E-01
1.43000E+01 -1.74817E-01 -9.86789E-01 5.02156E-01
1.43250E+01 -1.99377E-01 -9.82418E-01 5.02448E-01
1.43500E+01 -2.23813E-01 -9.77434E-01 5.02735E-01
1.43750E+01 -2.48109E-01 -9.71838E-01 5.03014E-01
1.44000E+01 -2.72250E-01 -9.65636E-01 5.03286E-01
1.44250E+01 -2.96221E-01 -9.58829E-01 5.03550E-01
1.44500E+01 -3.20006E-01 -9.51424E-01 5.03806E-01
1.44750E+01 -3.43592E-01 -9.43424E-01 5.04052E-01
1.45000E+01 -3.66963E-01 -9.34834E-01 5.04288E-01
1.45250E+01 -3.90104E-01 -9.25660E-01 5.04514E-01
1.45500E+01 -4.13002E-01 -9.15907E-01 5.04728E-01
1.45750E+01 -4.35641E-01 -9.05582E-01 5.04931E-01
1.46000E+01 -4.58009E-01 -8.94691E-01 5.05122E-01
1.46250E+01 -4.80090E-01 -8.83241E-01 5.05300E-01
1.46500E+01 -5.01871E-01 -8.71239E-01 5.05466E-01
1.46750E+01 -5.23338E-01 -8.58692E-01 5.05617E-01
1.47000E+01 -5.44478E-01 -8.45609E-01 5.05755E-01
1.47250E+01 -5.65278E-01 -8.31997E-01 5.05879E-01
1.47500E+01 -5.85725E-01 -8.17865E-01 5.05988E-01
1.47750E+01 -6.05805E-01 -8.03222E-01 5.06082E-01
1.48000E+01 -6.25507E-01 -7.88076E-01 5.06162E-01
1.48250E+01 -6.44818E-01 -7.72439E-01 5.06226E-01
1.48500E+01 -6.63726E-01 -7.56318E-01 5.06275E-01
1.48750E+01 -6.82219E-01 -7.39725E-01 5.06308E-01
1.49000E+01 -7.00286E-01 -7.22670E-01 5.06326E-01
1.49250E+01 -7.17915E-01 -7.05162E-01 5.06328E-01
1.49500E+01 -7.35095E-01 -6.87215E-01 5.06315E-01
1.49750E+01 -7.51816E-01 -6.68837E-01 5.06286E-01
1.50000E+01 -7.68067E-01 -6.50042E-01 5.06241E-01
1.50250E+01 -7.83838E-01 -6.30840E-01 5.06181E-01
1.50500E+01 -7.99120E-01 -6.11244E-01 5.06106E-01
1.50750E+01 -8.13901E-01 -5.91266E-01 5.06015E-01
1.51000E+01 -8.28174E-01 -5.70919E-01 5.05910E-01
1.51250E+01 -8.41929E-01 -5.50214E-01 5.05791E-01
1.51500E+01 -8.55159E-01 -5.29166E-01 5.05657E-01
1.51750E+01 -8.67853E-01 -5.07787E-01 5.05509E-01
1.52000E+01 -8.80006E-01 -4.86091E-01 5.05347E-01
1.52250E+01 -8.91608E-01 -4.64091E-01 5.05172E-01
1.52500E+01 -9.02653E-01 -4.41800E-01 5.04985E-01
1.52750E+01 -9.13134E-01 -4.19234E-01 5.04785E-01
1.53000E+01 -9.23044E-01 -3.96406E-01 5.04574E-01
1.53250E+01 -9.32377E-01 -3.73330E-01 5.04351E-01
1.53500E+01 -9.41128E-01 -3.50020E-01 5.04118E-01
1.53750E+01 -9.49290E-01 -3.26492E-01 5.03874E-01
1.54000E+01 -9.56859E-01 -3.02760E-01 5.03621E-01
1.54250E+01 -9.63830E-01 -2.78838E-01 5.03359E-01
1.54500E+01 -9.70198E-01 -2.54743E-01 5.03089E-01
1.54750E+01 -9.75961E-01 -2.30488E-01 5.02812E-01
1.55000E+01 -9.81113E-01 -2.06089E-01 5.02527E-01
1.55250E+01 -9.85652E-01 -1.81561E-01 5.02237E-01
1.55500E+01 -9.89575E-01 -1.56919E-01 5.01941E-01
1.55750E+01 -9.92879E-01 -1.32180E-01 5.01640E-01
1.56000E+01 -9.95563E-01 -1.07358E-01 5.01336E-01
1.56250E+01 -9.97625E-01 -8.24690E-02 5.01028E-01
1.56500E+01 -9.99063E-01 -5.75284E-02 5.00718E-01
1.56750E+01 -9.99877E-01 -3.25518E-02 5.00407E-01
1.57000E+01 -1.00007E+00 -7.55490E-03 5.00094E-01
1.57250E+01 -9.99630E-01 1.74467E-02 4.99782E-01
1.57500E+01 -9.98569E-01 4.24375E-02 4.99470E-01
1.57750E+01 -9.96884E-01 6.74017E-02 4.99160E-01
1.58000E+01 -9.94576E-01 9.23238E-02 4.98852E-01
1.58250E+01 -9.91646E-01 1.17188E-01 4.98547E-01
1.58500E+01 -9.88096E-01 1.41979E-01 4.98246E-01
1.58750E+01 -9.83929E-01 1.66682E-01 4.97950E-01
1.59000E+01 -9.79147E-01 1.91280E-01 4.97659E-01
1.59250E+01 -9.73753E-01 2.15759E-01 4.97374E-01
1.59500E+01 -9.67751E-01 2.40103E-01 4.97096E-01
1.59750E+01 -9.61143E-01 2.64296E-01 4.96825E-01
1.60000E+01 -9.53935E-01 2.88325E-01 4.96562E-01
1.60250E+01 -9.46131E-01 3.12173E-01 4.96308E-01
1.60500E+01 -9.37735E-01 3.35827E-01 4.96064E-01
1.60750E+01 -9.28754E-01 3.59270E-01 4.95829E-01
1.61000E+01 -9.19191E-01 3.82489E-01 4.95605E-01
1.61250E+01 -9.09055E-01 4.05469E-01 4.95393E-01
1.61500E+01 -8.98350E-01 4.28195E-01 4.95192E-01
1.61750E+01 -8.87083E-01 4.50654E-01 4.95003E-01
1.62000E+01 -8.75263E-01 4.72831E-01 4.94827E-01
1.62250E+01 -8.62895E-01 4.94712E-01 4.94664E-01
1.62500E+01 -8.49988E-01 5.16285E-01 4.94515E-01
1.62750E+01 -8.36549E-01 5.37534E-01 4.94379E-01
1.63000E+01 -8.22588E-01 5.58448E-01 4.94258E-01
1.63250E+01 -8.08113E-01 5.79013E-01 4.94151E-01
1.63500E+01 -7.93133E-01 5.99216E-01 4.94059E-01
1.63750E+01 -7.77656E-01 6.19044E-01 4.93982E-01
1.64000E+01 -7.61694E-01 6.38485E-01 4.93921E-01
1.64250E+01 -7.45256E-01 6.57528E-01 4.93875E-01
1.64500E+01 -7.28352E-01 6.76159E-01 4.93844E-01
1.64750E+01 -7.10993E-01 6.94368E-01 4.93829E-01
1.65000E+01 -6.93189E-01 7.12143E-01 4.93829E-01
1.65250E+01 -6.74953E-01 7.29472E-01 4.93846E-01
1.65500E+01 -6.56294E-01 7.46346E-01 4.93877E-01
1.65750E+01 -6.37225E-01 7.62754E-01 4.93924E-01
1.66000E+01 -6.17758E-01 7.78684E-01 4.93987E-01
1.66250E+01 -5.97905E-01 7.94128E-01 4.94065E-01
1.66500E+01 -5.77678E-01 8.09076E-01 4.94158E-01
1.66750E+01 -5.57090E-01 8.23518E-01 4.94265E-01
1.67000E+01 -5.36154E-01 8.37445E-01 4.94388E-01
1.67250E+01 -5.14883E-01 8.50849E-01 4.94524E-01
1.67500E+01 -4.93290E-01 8.63721E-01 4.94674E-01
1.67750E+01 -4.71388E-01 8.76053E-01 4.94838E-01
1.68000E+01 -4.49192E-01 8.87838E-01 4.95015E-01
1.68250E+01 -4.26716E-01 8.99068E-01 4.95204E-01
1.68500E+01 -4.03972E-01 9.09736E-01 4.95406E-01
1.68750E+01 -3.80976E-01 9.19835E-01 4.95620E-01
1.69000E+01 -3.57742E-01 9.29359E-01 4.95844E-01
1.69250E+01 -3.34285E-01 9.38303E-01 4.96079E-01
1.69500E+01 -3.10618E-01 9.46660E-01 4.96324E-01
1.69750E+01 -2.86758E-01 9.54425E-01 4.96579E-01
1.70000E+01 -2.62718E-01 9.61594E-01 4.96842E-01
1.70250E+01 -2.38514E-01 9.68162E-01 4.97114E-01
1.70500E+01 -2.14161E-01 9.74125E-01 4.97392E-01
1.70750E+01 -1.89674E-01 9.79479E-01 4.97678E-01
1.71000E+01 -1.65068E-01 9.84221E-01 4.97969E-01
1.71250E+01 -1.40359E-01 9.88348E-01 4.98266E-01
1.71500E+01 -1.15563E-01 9.91857E-01 4.98567E-01
1.71750E+01 -9.06943E-02 9.94746E-01 4.98872E-01
1.72000E+01 -6.57690E-02 9.97013E-01 4.99180E-01
1.72250E+01 -4.08025E-02 9.98657E-01 4.99491E-01
1.72500E+01 -1.58106E-02 9.99677E-01 4.99802E-01
1.72750E+01 9.19122E-03 1.00007E+00 5.00115E-01
1.73000E+01 3.41873E-02 9.99843E-01 5.00427E-01
1.73250E+01 5.91620E-02 9.98988E-01 5.00739E-01
1.73500E+01 8.40997E-02 9.97509E-01 5.01049E-01
1.73750E+01 1.08985E-01 9.95407E-01 5.01356E-01
1.74000E+01 1.33802E-01 9.92682E-01 5.01660E-01
1.74250E+01 1.58535E-01 9.89337E-01 5.01961E-01
1.74500E+01 1.83170E-01 9.85374E-01 5.02256E-01
1.74750E+01 2.07690E-01 9.80794E-01 5.02546E-01
1.75000E+01 2.32080E-01 9.75602E-01 5.02830E-01
1.75250E+01 2.56325E-01 9.69800E-01 5.03107E-01
1.75500E+01 2.80409E-01 9.63392E-01 5.03377E-01
1.75750E+01 3.04319E-01 9.56382E-01 5.03638E-01
1.76000E+01 3.28038E-01 9.48774E-01 5.03890E-01
1.76250E+01 3.51553E-01 9.40573E-01 5.04133E-01
1.76500E+01 3.74847E-01 9.31784E-01 5.04366E-01
1.76750E+01 3.97908E-01 9.22413E-01 5.04588E-01
1.77000E+01 4.20719E-01 9.12465E-01 5.04799E-01
1.77250E+01 4.43268E-01 9.01947E-01 5.04998E-01
1.77500E+01 4.65539E-01 8.90865E-01 5.05184E-01
1.77750E+01 4.87520E-01 8.79227E-01 5.05358E-01
1.78000E+01 5.09196E-01 8.67039E-01 5.05519E-01
1.78250E+01 5.30554E-01 8.54309E-01 5.05666E-01
1.78500E+01 5.51580E-01 8.41045E-01 5.05799E-01
1.78750E+01 5.72261E-01 8.27256E-01 5.05918E-01
1.79000E+01 5.92585E-01 8.12949E-01 5.06022E-01
1.79250E+01 6.12538E-01 7.98135E-01 5.06111E-01
1.79500E+01 6.32109E-01 7.82821E-01 5.06185E-01
1.79750E+01 6.51284E-01 7.67018E-01 5.06244E-01
1.80000E+01 6.70053E-01 7.50736E-01 5.06288E-01
1.80250E+01 6.88403E-01 7.33985E-01 5.06316E-01
1.80500E+01 7.06322E-01 7.16775E-01 5.06328E-01
1.80750E+01 7.23800E-01 6.99117E-01 5.06325E-01
1.81000E+01 7.40825E-01 6.81022E-01 5.06306E-01
1.81250E+01 7.57388E-01 6.62501E-01 5.06272E-01
1.81500E+01 7.73477E-01 6.43567E-01 5.06222E-01
1.81750E+01 7.89083E-01 6.24230E-01 5.06157E-01
1.82000E+01 8.04195E-01 6.04503E-01 5.06077E-01
1.82250E+01 8.18805E-01 5.84398E-01 5.05981E-01
1.82500E+01 8.32903E-01 5.63928E-01 5.05871E-01
1.82750E+01 8.46481E-01 5.43105E-01 5.05747E-01
1.83000E+01 8.59530E-01 5.21943E-01 5.05608E-01
1.83250E+01 8.72041E-01 5.00455E-01 5.05455E-01
1.83500E+01 8.84007E-01 4.78654E-01 5.05289E-01
1.83750E+01 8.95421E-01 4.56553E-01 5.05110E-01
1.84000E+01 9.06275E-01 4.34168E-01 5.04918E-01
1.84250E+01 9.16563E-01 4.11511E-01 5.04715E-01
1.84500E+01 9.26278E-01 3.88597E-01 5.04499E-01
1.84750E+01 9.35414E-01 3.65440E-01 5.04273E-01
1.85000E+01 9.43965E-01 3.42055E-01 5.04036E-01
1.85250E+01 9.51927E-01 3.18455E-01 5.03789E-01
1.85500E+01 9.59293E-01 2.94657E-01 5.03533E-01
1.85750E+01 9.66060E-01 2.70675E-01 5.03269E-01
1.86000E+01 9.72223E-01 2.46523E-01 5.02996E-01
1.86250E+01 9.77779E-01 2.22218E-01 5.02716E-01
1.86500E+01 9.82723E-01 1.97773E-01 5.02429E-01
1.86750E+01 9.87053E-01 1.73205E-01 5.02137E-01
1.87000E+01 9.90766E-01 1.48529E-01 5.01839E-01
1.87250E+01 9.93860E-01 1.23760E-01 5.01538E-01
1.87500E+01 9.96333E-01 9.89134E-02 5.01232E-01
1.87750E+01 9.98183E-01 7.40050E-02 5.00923E-01
1.88000E+01 9.99410E-01 4.90505E-02 5.00613E-01
1.88250E+01 1.00001E+00 2.40652E-02 5.00301E-01
1.88500E+01 9.99988E-01 -9.35071E-04 4.99988E-01
1.88750E+01 9.99340E-01 -2.59348E-02 4.99676E-01
1.89000E+01 9.98067E-01 -5.09183E-02 4.99365E-01
1.89250E+01 9.96170E-01 -7.58699E-02 4.99055E-01
1.89500E+01 9.93650E-01 -1.00774E-01 4.98748E-01
1.89750E+01 9.90510E-01 -1.25615E-01 4.98445E-01
1.90000E+01 9.86751E-01 -1.50378E-01 4.98145E-01
1.90250E+01 9.82374E-01 -1.75047E-01 4.97850E-01
1.90500E+01 9.77384E-01 -1.99606E-01 4.97561E-01
1.90750E+01 9.71783E-01 -2.24041E-01 4.97279E-01
1.91000E+01 9.65575E-01 -2.48335E-01 4.97003E-01
1.91250E+01 9.58763E-01 -2.72475E-01 4.96735E-01
1.91500E+01 9.51352E-01 -2.96444E-01 4.96475E-01
1.91750E+01 9.43346E-01 -3.20228E-01 4.96224E-01
1.92000E+01 9.34751E-01 -3.43811E-01 4.95983E-01
1.92250E+01 9.25571E-01 -3.67180E-01 4.95752E-01
1.92500E+01 9.15813E-01 -3.90319E-01 4.95532E-01
1.92750E+01 9.05483E-01 -4.13215E-01 4.95323E-01
1.93000E+01 8.94587E-01 -4.35852E-01 4.95126E-01
1.93250E+01 8.83131E-01 -4.58217E-01 4.94942E-01
1.93500E+01 8.71124E-01 -4.80295E-01 4.94770E-01
1.93750E+01 8.58572E-01 -5.02073E-01 4.94612E-01
1.94000E+01 8.45484E-01 -5.23537E-01 4.94467E-01
1.94250E+01 8.31867E-01 -5.44674E-01 4.94336E-01
1.94500E+01 8.17730E-01 -5.65471E-01 4.94220E-01
1.94750E+01 8.03082E-01 -5.85914E-01 4.94118E-01
1.95000E+01 7.87932E-01 -6.05991E-01 4.94031E-01
1.95250E+01 7.72290E-01 -6.25690E-01 4.93960E-01
1.95500E+01 7.56165E-01 -6.44997E-01 4.93903E-01
1.95750E+01 7.39568E-01 -6.63901E-01 4.93863E-01
1.96000E+01 7.22508E-01 -6.82390E-01 4.93837E-01
1.96250E+01 7.04997E-01 -7.00453E-01 4.93827E-01
1.96500E+01 6.87045E-01 -7.18078E-01 4.93833E-01
1.96750E+01 6.68663E-01 -7.35254E-01 4.93855E-01
1.97000E+01 6.49864E-01 -7.51971E-01 4.93892E-01
1.97250E+01 6.30659E-01 -7.68217E-01 4.93944E-01
1.97500E+01 6.11059E-01 -7.83984E-01 4.94012E-01
1.97750E+01 5.91078E-01 -7.99260E-01 4.94095E-01
1.98000E+01 5.70727E-01 -8.14037E-01 4.94193E-01
1.98250E+01 5.50019E-01 -8.28305E-01 4.94305E-01
1.98500E+01 5.28968E-01 -8.42056E-01 4.94432E-01
1.98750E+01 5.07586E-01 -8.55280E-01 4.94573E-01
1.99000E+01 4.85886E-01 -8.67969E-01 4.94728E-01
1.99250E+01 4.63884E-01 -8.80117E-01 4.94897E-01
1.99500E+01 4.41591E-01 -8.91714E-01 4.95078E-01
1.99750E+01 4.19022E-01 -9.02753E-01 4.95272E-01
2.00000E+01 3.96191E-01 -9.13229E-01 4.95477E-01
2.00250E+01 3.73113E-01 -9.23134E-01 4.95695E-01
2.00500E+01 3.49801E-01 -9.32462E-01 4.95923E-01
2.00750E+01 3.26271E-01 -9.41207E-01 4.96161E-01
2.01000E+01 3.02537E-01 -9.49363E-01 4.96410E-01
2.01250E+01 2.78614E-01 -9.56927E-01 4.96667E-01
2.01500E+01 2.54517E-01 -9.63892E-01 4.96933E-01
2.01750E+01 2.30260E-01 -9.70255E-01 4.97207E-01
2.02000E+01 2.05860E-01 -9.76012E-01 4.97488E-01
2.02250E+01 1.81331E-01 -9.81158E-01 4.97776E-01
2.02500E+01 1.56689E-01 -9.85691E-01 4.98069E-01
2.02750E+01 1.31948E-01 -9.89609E-01 4.98368E-01
2.03000E+01 1.07126E-01 -9.92907E-01 4.98670E-01
2.03250E+01 8.22361E-02 -9.95585E-01 4.98977E-01
2.03500E+01 5.72950E-02 -9.97641E-01 4.99286E-01
2.03750E+01 3.23182E-02 -9.99074E-01 4.99596E-01
2.04000E+01 7.32114E-03 -9.99882E-01 4.99908E-01
2.04250E+01 -1.76805E-02 -1.00006E+00 5.00221E-01
2.04500E+01 -4.26710E-02 -9.99623E-01 5.00533E-01
2.04750E+01 -6.76349E-02 -9.98556E-01 5.00844E-01
2.05000E+01 -9.25566E-02 -9.96865E-01 5.01153E-01
2.05250E+01 -1.17420E-01 -9.94551E-01 5.01460E-01
2.05500E+01 -1.42211E-01 -9.91616E-01 5.01763E-01
2.05750E+01 -1.66912E-01 -9.88060E-01 5.02061E-01
2.06000E+01 -1.91509E-01 -9.83888E-01 5.02355E-01
2.06250E+01 -2.15987E-01 -9.79100E-01 5.02643E-01
2.06500E+01 -2.40329E-01 -9.73700E-01 5.02925E-01
2.06750E+01 -2.64522E-01 -9.67692E-01 5.03200E-01
2.07000E+01 -2.88549E-01 -9.61079E-01 5.03466E-01
2.07250E+01 -3.12395E-01 -9.53865E-01 5.03725E-01
2.07500E+01 -3.36047E-01 -9.46055E-01 5.03974E-01
2.07750E+01 -3.59488E-01 -9.37654E-01 5.04213E-01
2.08000E+01 -3.82705E-01 -9.28667E-01 5.04443E-01
2.08250E+01 -4.05682E-01 -9.19099E-01 5.04661E-01
2.08500E+01 -4.28406E-01 -9.08957E-01 5.04868E-01
2.08750E+01 -4.50862E-01 -8.98247E-01 5.05062E-01
2.09000E+01 -4.73037E-01 -8.86976E-01 5.05245E-01
2.09250E+01 -4.94915E-01 -8.75150E-01 5.05414E-01
2.09500E+01 -5.16485E-01 -8.62777E-01 5.05570E-01
2.09750E+01 -5.37731E-01 -8.49865E-01 5.05712E-01
2.10000E+01 -5.58642E-01 -8.36421E-01 5.05841E-01
2.10250E+01 -5.79203E-01 -8.22455E-01 5.05955E-01
2.10500E+01 -5.99403E-01 -8.07975E-01 5.06054E-01
2.10750E+01 -6.19228E-01 -7.92990E-01 5.06138E-01
2.11000E+01 -6.38665E-01 -7.77509E-01 5.06207E-01
2.11250E+01 -6.57704E-01 -7.61543E-01 5.06261E-01
2.11500E+01 -6.76331E-01 -7.45100E-01 5.06299E-01
2.11750E+01 -6.94536E-01 -7.28192E-01 5.06322E-01
2.12000E+01 -7.12307E-01 -7.10828E-01 5.06329E-01
2.12250E+01 -7.29632E-01 -6.93021E-01 5.06321E-01
2.12500E+01 -7.46502E-01 -6.74780E-01 5.06297E-01
2.12750E+01 -7.62905E-01 -6.56117E-01 5.06257E-01
2.13000E+01 -7.78831E-01 -6.37045E-01 5.06202E-01
2.13250E+01 -7.94270E-01 -6.17574E-01 5.06132E-01
2.13500E+01 -8.09213E-01 -5.97717E-01 5.06046E-01
2.13750E+01 -8.23650E-01 -5.77487E-01 5.05946E-01
2.14000E+01 -8.37573E-01 -5.56896E-01 5.05831E-01
2.14250E+01 -8.50972E-01 -5.35956E-01 5.05701E-01
2.14500E+01 -8.63839E-01 -5.14682E-01 5.05558E-01
2.14750E+01 -8.76166E-01 -4.93086E-01 5.05400E-01
2.15000E+01 -8.87945E-01 -4.71182E-01 5.05230E-01
2.15250E+01 -8.99170E-01 -4.48983E-01 5.05046E-01
2.15500E+01 -9.09833E-01 -4.26504E-01 5.04851E-01
2.15750E+01 -9.19927E-01 -4.03758E-01 5.04643E-01
2.16000E+01 -9.29446E-01 -3.80760E-01 5.04424E-01
2.16250E+01 -9.38384E-01 -3.57524E-01 5.04194E-01
2.16500E+01 -9.46735E-01 -3.34064E-01 5.03953E-01
2.16750E+01 -9.54495E-01 -3.10396E-01 5.03703E-01
2.17000E+01 -9.61659E-01 -2.86534E-01 5.03444E-01
2.17250E+01 -9.68221E-01 -2.62492E-01 5.03177E-01
2.17500E+01 -9.74178E-01 -2.38287E-01 5.02902E-01
2.17750E+01 -9.79526E-01 -2.13932E-01 5.02619E-01
2.18000E+01 -9.84262E-01 -1.89444E-01 5.02331E-01
2.18250E+01 -9.88383E-01 -1.64837E-01 5.02037E-01
2.18500E+01 -9.91887E-01 -1.40128E-01 5.01737E-01
2.18750E+01 -9.94770E-01 -1.15331E-01 5.01434E-01
2.19000E+01 -9.97031E-01 -9.04615E-02 5.01127E-01
2.19250E+01 -9.98670E-01 -6.55357E-02 5.00818E-01
2.19500E+01 -9.99684E-01 -4.05690E-02 5.00507E-01
2.19750E+01 -1.00007E+00 -1.55769E-02 5.00195E-01
2.20000E+01 -9.99838E-01 9.42498E-03 4.99882E-01
2.20250E+01 -9.98977E-01 3.44209E-02 4.99570E-01
2.20500E+01 -9.97492E-01 5.93954E-02 4.99259E-01
2.20750E+01 -9.95384E-01 8.43327E-02 4.98951E-01
2.21000E+01 -9.92654E-01 1.09217E-01 4.98645E-01
2.21250E+01 -9.89303E-01 1.34034E-01 4.98343E-01
2.21500E+01 -9.85334E-01 1.58766E-01 4.98045E-01
2.21750E+01 -9.80749E-01 1.83400E-01 4.97752E-01
2.22000E+01 -9.75551E-01 2.07918E-01 4.97465E-01
2.22250E+01 -9.69743E-01 2.32307E-01 4.97184E-01
2.22500E+01 -9.63329E-01 2.56551E-01 4.96911E-01
2.22750E+01 -9.56313E-01 2.80634E-01 4.96645E-01
2.23000E+01 -9.48700E-01 3.04542E-01 4.96389E-01
2.23250E+01 -9.40493E-01 3.28259E-01 4.96141E-01
2.23500E+01 -9.31699E-01 3.51771E-01 4.95903E-01
2.23750E+01 -9.22322E-01 3.75064E-01 4.95676E-01
2.24000E+01 -9.12369E-01 3.98122E-01 4.95460E-01
2.24250E+01 -9.01846E-01 4.20931E-01 4.95255E-01
2.24500E+01 -8.90759E-01 4.43477E-01 4.95062E-01
2.24750E+01 -8.79116E-01 4.65746E-01 4.94882E-01
2.25000E+01 -8.66922E-01 4.87724E-01 4.94715E-01
2.25250E+01 -8.54188E-01 5.09397E-01 4.94561E-01
2.25500E+01 -8.40919E-01 5.30752E-01 4.94421E-01
2.25750E+01 -8.27124E-01 5.51775E-01 4.94295E-01
2.26000E+01 -8.12813E-01 5.72453E-01 4.94184E-01
2.26250E+01 -7.97994E-01 5.92773E-01 4.94087E-01
2.26500E+01 -7.82676E-01 6.12723E-01 4.94005E-01
2.26750E+01 -7.66868E-01 6.32290E-01 4.93939E-01
2.27000E+01 -7.50582E-01 6.51462E-01 4.93888E-01
2.27250E+01 -7.33826E-01 6.70226E-01 4.93852E-01
2.27500E+01 -7.16612E-01 6.88572E-01 4.93832E-01
2.27750E+01 -6.98950E-01 7.06487E-01 4.93828E-01
2.28000E+01 -6.80851E-01 7.23961E-01 4.93839E-01
2.28250E+01 -6.62326E-01 7.40982E-01 4.93865E-01
2.28500E+01 -6.43388E-01 7.57541E-01 4.93908E-01
2.28750E+01 -6.24047E-01 7.73625E-01 4.93965E-01
2.29000E+01 -6.04316E-01 7.89226E-01 4.94038E-01
2.29250E+01 -5.84208E-01 8.04334E-01 4.94126E-01
2.29500E+01 -5.63734E-01 8.18939E-01 4.94229E-01
2.29750E+01 -5.42909E-01 8.33033E-01 4.94347E-01
2.30000E+01 -5.21743E-01 8.46606E-01 4.94479E-01
2.30250E+01 -5.00252E-01 8.59649E-01 4.94624E-01
2.30500E+01 -4.78448E-01 8.72155E-01 4.94784E-01
2.30750E+01 -4.56345E-01 8.84117E-01 4.94957E-01
2.31000E+01 -4.33957E-01 8.95525E-01 4.95142E-01
2.31250E+01 -4.11298E-01 9.06374E-01 4.95340E-01
2.31500E+01 -3.88382E-01 9.16657E-01 4.95550E-01
2.31750E+01 -3.65222E-01 9.26366E-01 4.95771E-01
2.32000E+01 -3.41835E-01 9.35497E-01 4.96003E-01
2.32250E+01 -3.18234E-01 9.44043E-01 4.96245E-01
2.32500E+01 -2.94434E-01 9.51999E-01 4.96496E-01
2.32750E+01 -2.70450E-01 9.59359E-01 4.96757E-01
2.33000E+01 -2.46297E-01 9.66121E-01 4.97026E-01
2.33250E+01 -2.21990E-01 9.72278E-01 4.97302E-01
2.33500E+01 -1.97544E-01 9.77828E-01 4.97585E-01
2.33750E+01 -1.72975E-01 9.82766E-01 4.97875E-01
2.34000E+01 -1.48298E-01 9.87091E-01 4.98170E-01
2.34250E+01 -1.23528E-01 9.90798E-01 4.98470E-01
2.34500E+01 -9.86807E-02 9.93886E-01 4.98774E-01
2.34750E+01 -7.37719E-02 9.96353E-01 4.99081E-01
2.35000E+01 -4.88170E-02 9.98198E-01 4.99391E-01
2.35250E+01 -2.38315E-02 9.99418E-01 4.99702E-01
2.35500E+01 1.16884E-03 1.00001E+00 5.00015E-01
2.35750E+01 2.61685E-02 9.99985E-01 5.00327E-01
2.36000E+01 5.11517E-02 9.99330E-01 5.00639E-01
2.36250E+01 7.61030E-02 9.98052E-01 5.00949E-01
2.36500E+01 1.01007E-01 9.96149E-01 5.01258E-01
2.36750E+01 1.25847E-01 9.93624E-01 5.01563E-01
2.37000E+01 1.50609E-01 9.90478E-01 5.01865E-01
2.37250E+01 1.75277E-01 9.86713E-01 5.02162E-01
2.37500E+01 1.99835E-01 9.82331E-01 5.02454E-01
2.37750E+01 2.24269E-01 9.77335E-01 5.02740E-01
2.38000E+01 2.48562E-01 9.71728E-01 5.03019E-01
2.38250E+01 2.72700E-01 9.65514E-01 5.03291E-01
2.38500E+01 2.96667E-01 9.58696E-01 5.03555E-01
2.38750E+01 3.20449E-01 9.51280E-01 5.03810E-01
2.39000E+01 3.44031E-01 9.43269E-01 5.04056E-01
2.39250E+01 3.67398E-01 9.34668E-01 5.04292E-01
2.39500E+01 3.90535E-01 9.25483E-01 5.04518E-01
2.39750E+01 4.13428E-01 9.15719E-01 5.04732E-01
2.40000E+01 4.36062E-01 9.05384E-01 5.04935E-01
2.40250E+01 4.58424E-01 8.94482E-01 5.05126E-01
2.40500E+01 4.80500E-01 8.83022E-01 5.05304E-01
2.40750E+01 5.02275E-01 8.71009E-01 5.05469E-01
2.41000E+01 5.23736E-01 8.58452E-01 5.05620E-01
2.41250E+01 5.44870E-01 8.45359E-01 5.05758E-01
2.41500E+01 5.65664E-01 8.31737E-01 5.05881E-01
2.41750E+01 5.86104E-01 8.17595E-01 5.05990E-01
2.42000E+01 6.06177E-01 8.02943E-01 5.06084E-01
2.42250E+01 6.25872E-01 7.87788E-01 5.06163E-01
2.42500E+01 6.45175E-01 7.72142E-01 5.06227E-01
2.42750E+01 6.64076E-01 7.56012E-01 5.06276E-01
2.43000E+01 6.82561E-01 7.39410E-01 5.06309E-01
2.43250E+01 7.00620E-01 7.22346E-01 5.06326E-01
2.43500E+01 7.18240E-01 7.04831E-01 5.06328E-01
2.43750E+01 7.35412E-01 6.86875E-01 5.06314E-01
2.44000E+01 7.52125E-01 6.68490E-01 5.06285E-01
2.44250E+01 7.68367E-01 6.49686E-01 5.06240E-01
2.44500E+01 7.84129E-01 6.30477E-01 5.06180E-01
2.44750E+01 7.99401E-01 6.10874E-01 5.06104E-01
2.45000E+01 8.14173E-01 5.90889E-01 5.06014E-01
2.45250E+01 8.28436E-01 5.70535E-01 5.05908E-01
2.45500E+01 8.42182E-01 5.49824E-01 5.05788E-01
2.45750E+01 8.55401E-01 5.28769E-01 5.05654E-01
2.46000E+01 8.68086E-01 5.07384E-01 5.05506E-01
2.46250E+01 8.80228E-01 4.85682E-01 5.05344E-01
2.46500E+01 8.91820E-01 4.63676E-01 5.05169E-01
2.46750E+01 9.02854E-01 4.41381E-01 5.04981E-01
2.47000E+01 9.13324E-01 4.18810E-01 5.04781E-01
2.47250E+01 9.23224E-01 3.95976E-01 5.04570E-01
2.47500E+01 9.32546E-01 3.72896E-01 5.04347E-01
2.47750E+01 9.41286E-01 3.49582E-01 5.04113E-01
2.48000E+01 9.49437E-01 3.26050E-01 5.03870E-01
2.48250E+01 9.56995E-01 3.02314E-01 5.03616E-01
2.48500E+01 9.63954E-01 2.78389E-01 5.03354E-01
2.48750E+01 9.70312E-01 2.54290E-01 5.03084E-01
2.49000E+01 9.76063E-01 2.30033E-01 5.02807E-01
2.49250E+01 9.81203E-01 2.05631E-01 5.02522E-01
2.49500E+01 9.85731E-01 1.81101E-01 5.02231E-01
2.49750E+01 9.89642E-01 1.56458E-01 5.01935E-01
2.50000E+01 9.92935E-01 1.31717E-01 5.01635E-01
