1.00000e-02 3.09970e+00 9.97000e+00
2.00000e-02 3.19909e+00 9.93900e+00
3.00000e-02 3.29816e+00 9.90701e+00
4.00000e-02 3.39690e+00 9.87403e+00
5.00000e-02 3.49530e+00 9.84006e+00
6.00000e-02 3.59335e+00 9.80511e+00
7.00000e-02 3.69104e+00 9.76917e+00
8.00000e-02 3.78837e+00 9.73226e+00
9.00000e-02 3.88531e+00 9.69438e+00
1.00000e-01 3.98187e+00 9.65553e+00
1.10000e-01 4.07802e+00 9.61571e+00
1.20000e-01 4.17377e+00 9.57493e+00
1.30000e-01 4.26910e+00 9.53319e+00
1.40000e-01 4.36401e+00 9.49050e+00
1.50000e-01 4.45848e+00 9.44686e+00
1.60000e-01 4.55250e+00 9.40228e+00
1.70000e-01 4.64607e+00 9.35675e+00
1.80000e-01 4.73917e+00 9.31029e+00
1.90000e-01 4.83180e+00 9.26290e+00
2.00000e-01 4.92395e+00 9.21458e+00
2.10000e-01 5.01560e+00 9.16534e+00
2.20000e-01 5.10675e+00 9.11518e+00
2.30000e-01 5.19739e+00 9.06412e+00
2.40000e-01 5.28751e+00 9.01214e+00
2.50000e-01 5.37711e+00 8.95927e+00
2.60000e-01 5.46616e+00 8.90550e+00
2.70000e-01 5.55467e+00 8.85084e+00
2.80000e-01 5.64262e+00 8.79529e+00
2.90000e-01 5.73001e+00 8.73886e+00
3.00000e-01 5.81683e+00 8.68156e+00
3.10000e-01 5.90306e+00 8.62339e+00
3.20000e-01 5.98870e+00 8.56436e+00
3.30000e-01 6.07375e+00 8.50448e+00
3.40000e-01 6.15819e+00 8.44374e+00
3.50000e-01 6.24201e+00 8.38216e+00
3.60000e-01 6.32521e+00 8.31974e+00
3.70000e-01 6.40777e+00 8.25648e+00
3.80000e-01 6.48969e+00 8.19241e+00
3.90000e-01 6.57097e+00 8.12751e+00
4.00000e-01 6.65159e+00 8.06180e+00
4.10000e-01 6.73154e+00 7.99528e+00
4.20000e-01 6.81082e+00 7.92797e+00
4.30000e-01 6.88942e+00 7.85986e+00
4.40000e-01 6.96733e+00 7.79097e+00
4.50000e-01 7.04454e+00 7.72129e+00
4.60000e-01 7.12105e+00 7.65085e+00
4.70000e-01 7.19685e+00 7.57964e+00
4.80000e-01 7.27192e+00 7.50767e+00
4.90000e-01 7.34627e+00 7.43495e+00
5.00000e-01 7.41989e+00 7.36149e+00
5.10000e-01 7.49276e+00 7.28729e+00
5.20000e-01 7.56488e+00 7.21236e+00
5.30000e-01 7.63625e+00 7.13671e+00
5.40000e-01 7.70685e+00 7.06035e+00
5.50000e-01 7.77669e+00 6.98328e+00
5.60000e-01 7.84574e+00 6.90551e+00
5.70000e-01 7.91401e+00 6.82706e+00
5.80000e-01 7.98149e+00 6.74792e+00
5.90000e-01 8.04817e+00 6.66810e+00
6.00000e-01 8.11405e+00 6.58762e+00
6.10000e-01 8.17911e+00 6.50648e+00
6.20000e-01 8.24336e+00 6.42469e+00
6.30000e-01 8.30678e+00 6.34225e+00
6.40000e-01 8.36937e+00 6.25919e+00
6.50000e-01 8.43113e+00 6.17549e+00
6.60000e-01 8.49204e+00 6.09118e+00
6.70000e-01 8.55210e+00 6.00626e+00
6.80000e-01 8.61131e+00 5.92074e+00
6.90000e-01 8.66966e+00 5.83463e+00
7.00000e-01 8.72714e+00 5.74793e+00
7.10000e-01 8.78374e+00 5.66066e+00
7.20000e-01 8.83947e+00 5.57282e+00
7.30000e-01 8.89432e+00 5.48443e+00
7.40000e-01 8.94827e+00 5.39548e+00
7.50000e-01 9.00133e+00 5.30600e+00
7.60000e-01 9.05349e+00 5.21599e+00
7.70000e-01 9.10475e+00 5.12545e+00
7.80000e-01 9.15509e+00 5.03441e+00
7.90000e-01 9.20452e+00 4.94285e+00
8.00000e-01 9.25303e+00 4.85081e+00
8.10000e-01 9.30061e+00 4.75828e+00
8.20000e-01 9.34726e+00 4.66527e+00
8.30000e-01 9.39298e+00 4.57180e+00
8.40000e-01 9.43776e+00 4.47787e+00
8.50000e-01 9.48159e+00 4.38349e+00
8.60000e-01 9.52448e+00 4.28868e+00
8.70000e-01 9.56641e+00 4.19343e+00
8.80000e-01 9.60739e+00 4.09777e+00
8.90000e-01 9.64741e+00 4.00169e+00
9.00000e-01 9.68646e+00 3.90522e+00
9.10000e-01 9.72454e+00 3.80836e+00
9.20000e-01 9.76166e+00 3.71111e+00
9.30000e-01 9.79779e+00 3.61349e+00
9.40000e-01 9.83295e+00 3.51552e+00
9.50000e-01 9.86712e+00 3.41719e+00
9.60000e-01 9.90030e+00 3.31851e+00
9.70000e-01 9.93250e+00 3.21951e+00
9.80000e-01 9.96370e+00 3.12019e+00
9.90000e-01 9.99391e+00 3.02055e+00
1.00000e+00 1.00231e+01 2.92061e+00
1.01000e+00 1.00513e+01 2.82038e+00
1.02000e+00 1.00785e+01 2.71987e+00
1.03000e+00 1.01047e+01 2.61908e+00
1.04000e+00 1.01299e+01 2.51803e+00
1.05000e+00 1.01541e+01 2.41674e+00
1.06000e+00 1.01772e+01 2.31520e+00
1.07000e+00 1.01993e+01 2.21342e+00
1.08000e+00 1.02205e+01 2.11143e+00
1.09000e+00 1.02405e+01 2.00923e+00
1.10000e+00 1.02596e+01 1.90682e+00
1.11000e+00 1.02777e+01 1.80422e+00
1.12000e+00 1.02947e+01 1.70145e+00
1.13000e+00 1.03107e+01 1.59850e+00
1.14000e+00 1.03256e+01 1.49539e+00
1.15000e+00 1.03395e+01 1.39214e+00
1.16000e+00 1.03524e+01 1.28874e+00
1.17000e+00 1.03643e+01 1.18522e+00
1.18000e+00 1.03751e+01 1.08158e+00
1.19000e+00 1.03849e+01 9.77825e-01
1.20000e+00 1.03936e+01 8.73976e-01
1.21000e+00 1.04013e+01 7.70040e-01
1.22000e+00 1.04080e+01 6.66027e-01
1.23000e+00 1.04136e+01 5.61947e-01
1.24000e+00 1.04182e+01 4.57811e-01
1.25000e+00 1.04217e+01 3.53630e-01
1.26000e+00 1.04242e+01 2.49413e-01
1.27000e+00 1.04256e+01 1.45171e-01
1.28000e+00 1.04261e+01 4.09144e-02
1.29000e+00 1.04254e+01 -6.33462e-02
1.30000e+00 1.04237e+01 -1.67600e-01
1.31000e+00 1.04210e+01 -2.71838e-01
1.32000e+00 1.04173e+01 -3.76048e-01
1.33000e+00 1.04125e+01 -4.80221e-01
1.34000e+00 1.04066e+01 -5.84345e-01
1.35000e+00 1.03997e+01 -6.88412e-01
1.36000e+00 1.03918e+01 -7.92409e-01
1.37000e+00 1.03828e+01 -8.96327e-01
1.38000e+00 1.03728e+01 -1.00016e+00
1.39000e+00 1.03618e+01 -1.10388e+00
1.40000e+00 1.03497e+01 -1.20750e+00
1.41000e+00 1.03366e+01 -1.31100e+00
1.42000e+00 1.03225e+01 -1.41437e+00
1.43000e+00 1.03073e+01 -1.51759e+00
1.44000e+00 1.02911e+01 -1.62066e+00
1.45000e+00 1.02739e+01 -1.72357e+00
1.46000e+00 1.02556e+01 -1.82631e+00
1.47000e+00 1.02363e+01 -1.92887e+00
1.48000e+00 1.02160e+01 -2.03123e+00
1.49000e+00 1.01947e+01 -2.13339e+00
1.50000e+00 1.01723e+01 -2.23534e+00
1.51000e+00 1.01489e+01 -2.33706e+00
1.52000e+00 1.01246e+01 -2.43855e+00
1.53000e+00 1.00992e+01 -2.53980e+00
1.54000e+00 1.00727e+01 -2.64079e+00
1.55000e+00 1.00453e+01 -2.74152e+00
1.56000e+00 1.00169e+01 -2.84197e+00
1.57000e+00 9.98749e+00 -2.94214e+00
1.58000e+00 9.95707e+00 -3.04201e+00
1.59000e+00 9.92566e+00 -3.14158e+00
1.60000e+00 9.89325e+00 -3.24084e+00
1.61000e+00 9.85985e+00 -3.33977e+00
1.62000e+00 9.82547e+00 -3.43837e+00
1.63000e+00 9.79010e+00 -3.53663e+00
1.64000e+00 9.75375e+00 -3.63453e+00
1.65000e+00 9.71643e+00 -3.73206e+00
1.66000e+00 9.67814e+00 -3.82923e+00
1.67000e+00 9.63888e+00 -3.92601e+00
1.68000e+00 9.59866e+00 -4.02240e+00
1.69000e+00 9.55747e+00 -4.11839e+00
1.70000e+00 9.51533e+00 -4.21396e+00
1.71000e+00 9.47224e+00 -4.30911e+00
1.72000e+00 9.42820e+00 -4.40384e+00
1.73000e+00 9.38322e+00 -4.49812e+00
1.74000e+00 9.33730e+00 -4.59195e+00
1.75000e+00 9.29045e+00 -4.68532e+00
1.76000e+00 9.24267e+00 -4.77823e+00
1.77000e+00 9.19396e+00 -4.87065e+00
1.78000e+00 9.14434e+00 -4.96259e+00
1.79000e+00 9.09379e+00 -5.05404e+00
1.80000e+00 9.04234e+00 -5.14498e+00
1.81000e+00 8.98999e+00 -5.23540e+00
1.82000e+00 8.93674e+00 -5.32530e+00
1.83000e+00 8.88259e+00 -5.41467e+00
1.84000e+00 8.82756e+00 -5.50349e+00
1.85000e+00 8.77164e+00 -5.59177e+00
1.86000e+00 8.71484e+00 -5.67948e+00
1.87000e+00 8.65718e+00 -5.76663e+00
1.88000e+00 8.59865e+00 -5.85320e+00
1.89000e+00 8.53925e+00 -5.93919e+00
1.90000e+00 8.47901e+00 -6.02458e+00
1.91000e+00 8.41791e+00 -6.10937e+00
1.92000e+00 8.35598e+00 -6.19355e+00
1.93000e+00 8.29321e+00 -6.27711e+00
1.94000e+00 8.22961e+00 -6.36004e+00
1.95000e+00 8.16518e+00 -6.44234e+00
1.96000e+00 8.09994e+00 -6.52399e+00
1.97000e+00 8.03389e+00 -6.60499e+00
1.98000e+00 7.96704e+00 -6.68533e+00
1.99000e+00 7.89939e+00 -6.76500e+00
2.00000e+00 7.83095e+00 -6.84399e+00
2.01000e+00 7.76173e+00 -6.92230e+00
2.02000e+00 7.69173e+00 -6.99992e+00
2.03000e+00 7.62096e+00 -7.07684e+00
2.04000e+00 7.54943e+00 -7.15305e+00
2.05000e+00 7.47714e+00 -7.22854e+00
2.06000e+00 7.40411e+00 -7.30331e+00
2.07000e+00 7.33034e+00 -7.37736e+00
2.08000e+00 7.25583e+00 -7.45066e+00
2.09000e+00 7.18060e+00 -7.52322e+00
2.10000e+00 7.10465e+00 -7.59502e+00
2.11000e+00 7.02799e+00 -7.66607e+00
2.12000e+00 6.95062e+00 -7.73635e+00
2.13000e+00 6.87257e+00 -7.80586e+00
2.14000e+00 6.79382e+00 -7.87458e+00
2.15000e+00 6.71439e+00 -7.94252e+00
2.16000e+00 6.63430e+00 -8.00966e+00
2.17000e+00 6.55354e+00 -8.07601e+00
2.18000e+00 6.47212e+00 -8.14154e+00
2.19000e+00 6.39006e+00 -8.20626e+00
2.20000e+00 6.30736e+00 -8.27016e+00
2.21000e+00 6.22403e+00 -8.33324e+00
2.22000e+00 6.14007e+00 -8.39548e+00
2.23000e+00 6.05550e+00 -8.45688e+00
2.24000e+00 5.97033e+00 -8.51743e+00
2.25000e+00 5.88456e+00 -8.57714e+00
2.26000e+00 5.79820e+00 -8.63598e+00
2.27000e+00 5.71126e+00 -8.69396e+00
2.28000e+00 5.62375e+00 -8.75108e+00
2.29000e+00 5.53567e+00 -8.80731e+00
2.30000e+00 5.44705e+00 -8.86267e+00
2.31000e+00 5.35787e+00 -8.91714e+00
2.32000e+00 5.26817e+00 -8.97072e+00
2.33000e+00 5.17793e+00 -9.02340e+00
2.34000e+00 5.08718e+00 -9.07518e+00
2.35000e+00 4.99592e+00 -9.12605e+00
2.36000e+00 4.90416e+00 -9.17601e+00
2.37000e+00 4.81191e+00 -9.22505e+00
2.38000e+00 4.71918e+00 -9.27317e+00
2.39000e+00 4.62598e+00 -9.32036e+00
2.40000e+00 4.53231e+00 -9.36662e+00
2.41000e+00 4.43819e+00 -9.41195e+00
2.42000e+00 4.34363e+00 -9.45633e+00
2.43000e+00 4.24863e+00 -9.49977e+00
2.44000e+00 4.15321e+00 -9.54225e+00
2.45000e+00 4.05737e+00 -9.58378e+00
2.46000e+00 3.96112e+00 -9.62436e+00
2.47000e+00 3.86449e+00 -9.66397e+00
2.48000e+00 3.76746e+00 -9.70261e+00
2.49000e+00 3.67006e+00 -9.74029e+00
2.50000e+00 3.57229e+00 -9.77699e+00
2.51000e+00 3.47416e+00 -9.81271e+00
2.52000e+00 3.37568e+00 -9.84745e+00
2.53000e+00 3.27687e+00 -9.88121e+00
2.54000e+00 3.17773e+00 -9.91398e+00
2.55000e+00 3.07828e+00 -9.94576e+00
2.56000e+00 2.97851e+00 -9.97654e+00
2.57000e+00 2.87845e+00 -1.00063e+01
2.58000e+00 2.77810e+00 -1.00351e+01
2.59000e+00 2.67747e+00 -1.00629e+01
2.60000e+00 2.57657e+00 -1.00897e+01
2.61000e+00 2.47542e+00 -1.01154e+01
2.62000e+00 2.37401e+00 -1.01402e+01
2.63000e+00 2.27237e+00 -1.01639e+01
2.64000e+00 2.17051e+00 -1.01866e+01
2.65000e+00 2.06842e+00 -1.02084e+01
2.66000e+00 1.96613e+00 -1.02290e+01
2.67000e+00 1.86365e+00 -1.02487e+01
2.68000e+00 1.76097e+00 -1.02673e+01
2.69000e+00 1.65812e+00 -1.02849e+01
2.70000e+00 1.55511e+00 -1.03015e+01
2.71000e+00 1.45194e+00 -1.03171e+01
2.72000e+00 1.34862e+00 -1.03316e+01
2.73000e+00 1.24517e+00 -1.03451e+01
2.74000e+00 1.14160e+00 -1.03575e+01
2.75000e+00 1.03791e+00 -1.03690e+01
2.76000e+00 9.34113e-01 -1.03793e+01
2.77000e+00 8.30227e-01 -1.03887e+01
2.78000e+00 7.26257e-01 -1.03970e+01
2.79000e+00 6.22215e-01 -1.04042e+01
2.80000e+00 5.18110e-01 -1.04105e+01
2.81000e+00 4.13954e-01 -1.04156e+01
2.82000e+00 3.09756e-01 -1.04198e+01
2.83000e+00 2.05527e-01 -1.04229e+01
2.84000e+00 1.01278e-01 -1.04249e+01
2.85000e+00 -2.98169e-03 -1.04259e+01
2.86000e+00 -1.07241e-01 -1.04259e+01
2.87000e+00 -2.11489e-01 -1.04248e+01
2.88000e+00 -3.15717e-01 -1.04227e+01
2.89000e+00 -4.19912e-01 -1.04196e+01
2.90000e+00 -5.24066e-01 -1.04154e+01
2.91000e+00 -6.28167e-01 -1.04101e+01
2.92000e+00 -7.32206e-01 -1.04038e+01
2.93000e+00 -8.36171e-01 -1.03965e+01
2.94000e+00 -9.40053e-01 -1.03882e+01
2.95000e+00 -1.04384e+00 -1.03788e+01
2.96000e+00 -1.14752e+00 -1.03683e+01
2.97000e+00 -1.25109e+00 -1.03569e+01
2.98000e+00 -1.35454e+00 -1.03443e+01
2.99000e+00 -1.45784e+00 -1.03308e+01
3.00000e+00 -1.56101e+00 -1.03162e+01
3.01000e+00 -1.66401e+00 -1.03006e+01
3.02000e+00 -1.76685e+00 -1.02840e+01
3.03000e+00 -1.86951e+00 -1.02663e+01
3.04000e+00 -1.97199e+00 -1.02476e+01
3.05000e+00 -2.07427e+00 -1.02279e+01
3.06000e+00 -2.17634e+00 -1.02071e+01
3.07000e+00 -2.27819e+00 -1.01854e+01
3.08000e+00 -2.37982e+00 -1.01626e+01
3.09000e+00 -2.48121e+00 -1.01388e+01
3.10000e+00 -2.58235e+00 -1.01140e+01
3.11000e+00 -2.68323e+00 -1.00882e+01
3.12000e+00 -2.78384e+00 -1.00613e+01
3.13000e+00 -2.88418e+00 -1.00335e+01
3.14000e+00 -2.98422e+00 -1.00046e+01
3.15000e+00 -3.08397e+00 -9.97481e+00
3.16000e+00 -3.18341e+00 -9.94397e+00
3.17000e+00 -3.28253e+00 -9.91213e+00
3.18000e+00 -3.38133e+00 -9.87931e+00
3.19000e+00 -3.47978e+00 -9.84549e+00
3.20000e+00 -3.57789e+00 -9.81069e+00
3.21000e+00 -3.67564e+00 -9.77492e+00
3.22000e+00 -3.77302e+00 -9.73816e+00
3.23000e+00 -3.87002e+00 -9.70043e+00
3.24000e+00 -3.96664e+00 -9.66173e+00
3.25000e+00 -4.06286e+00 -9.62206e+00
3.26000e+00 -4.15868e+00 -9.58143e+00
3.27000e+00 -4.25407e+00 -9.53985e+00
3.28000e+00 -4.34905e+00 -9.49731e+00
3.29000e+00 -4.44359e+00 -9.45382e+00
3.30000e+00 -4.53768e+00 -9.40938e+00
3.31000e+00 -4.63132e+00 -9.36400e+00
3.32000e+00 -4.72450e+00 -9.31769e+00
3.33000e+00 -4.81720e+00 -9.27045e+00
3.34000e+00 -4.90942e+00 -9.22227e+00
3.35000e+00 -5.00115e+00 -9.17318e+00
3.36000e+00 -5.09239e+00 -9.12317e+00
3.37000e+00 -5.18311e+00 -9.07224e+00
3.38000e+00 -5.27331e+00 -9.02041e+00
3.39000e+00 -5.36299e+00 -8.96768e+00
3.40000e+00 -5.45213e+00 -8.91405e+00
3.41000e+00 -5.54073e+00 -8.85953e+00
3.42000e+00 -5.62877e+00 -8.80412e+00
3.43000e+00 -5.71625e+00 -8.74783e+00
3.44000e+00 -5.80315e+00 -8.69067e+00
3.45000e+00 -5.88948e+00 -8.63264e+00
3.46000e+00 -5.97522e+00 -8.57374e+00
3.47000e+00 -6.06036e+00 -8.51399e+00
3.48000e+00 -6.14489e+00 -8.45339e+00
3.49000e+00 -6.22881e+00 -8.39194e+00
3.50000e+00 -6.31211e+00 -8.32965e+00
3.51000e+00 -6.39477e+00 -8.26653e+00
3.52000e+00 -6.47680e+00 -8.20258e+00
3.53000e+00 -6.55817e+00 -8.13782e+00
3.54000e+00 -6.63890e+00 -8.07223e+00
3.55000e+00 -6.71896e+00 -8.00584e+00
3.56000e+00 -6.79834e+00 -7.93865e+00
3.57000e+00 -6.87705e+00 -7.87067e+00
3.58000e+00 -6.95507e+00 -7.80190e+00
3.59000e+00 -7.03239e+00 -7.73235e+00
3.60000e+00 -7.10901e+00 -7.66203e+00
3.61000e+00 -7.18492e+00 -7.59094e+00
3.62000e+00 -7.26011e+00 -7.51909e+00
3.63000e+00 -7.33458e+00 -7.44649e+00
3.64000e+00 -7.40831e+00 -7.37314e+00
3.65000e+00 -7.48130e+00 -7.29906e+00
3.66000e+00 -7.55354e+00 -7.22424e+00
3.67000e+00 -7.62503e+00 -7.14871e+00
3.68000e+00 -7.69575e+00 -7.07246e+00
3.69000e+00 -7.76571e+00 -6.99550e+00
3.70000e+00 -7.83489e+00 -6.91784e+00
3.71000e+00 -7.90328e+00 -6.83950e+00
3.72000e+00 -7.97089e+00 -6.76046e+00
3.73000e+00 -8.03769e+00 -6.68075e+00
3.74000e+00 -8.10370e+00 -6.60038e+00
3.75000e+00 -8.16889e+00 -6.51934e+00
3.76000e+00 -8.23327e+00 -6.43765e+00
3.77000e+00 -8.29682e+00 -6.35532e+00
3.78000e+00 -8.35954e+00 -6.27235e+00
3.79000e+00 -8.42143e+00 -6.18875e+00
3.80000e+00 -8.48248e+00 -6.10454e+00
3.81000e+00 -8.54267e+00 -6.01972e+00
3.82000e+00 -8.60202e+00 -5.93429e+00
3.83000e+00 -8.66050e+00 -5.84827e+00
3.84000e+00 -8.71812e+00 -5.76166e+00
3.85000e+00 -8.77486e+00 -5.67448e+00
3.86000e+00 -8.83073e+00 -5.58673e+00
3.87000e+00 -8.88571e+00 -5.49843e+00
3.88000e+00 -8.93981e+00 -5.40957e+00
3.89000e+00 -8.99301e+00 -5.32017e+00
3.90000e+00 -9.04531e+00 -5.23024e+00
3.91000e+00 -9.09671e+00 -5.13979e+00
3.92000e+00 -9.14720e+00 -5.04882e+00
3.93000e+00 -9.19677e+00 -4.95735e+00
3.94000e+00 -9.24543e+00 -4.86538e+00
3.95000e+00 -9.29315e+00 -4.77293e+00
3.96000e+00 -9.33995e+00 -4.68000e+00
3.97000e+00 -9.38582e+00 -4.58660e+00
3.98000e+00 -9.43075e+00 -4.49274e+00
3.99000e+00 -9.47473e+00 -4.39843e+00
4.00000e+00 -9.51777e+00 -4.30368e+00
4.01000e+00 -9.55985e+00 -4.20850e+00
4.02000e+00 -9.60098e+00 -4.11291e+00
4.03000e+00 -9.64115e+00 -4.01690e+00
4.04000e+00 -9.68036e+00 -3.92049e+00
4.05000e+00 -9.71859e+00 -3.82368e+00
4.06000e+00 -9.75586e+00 -3.72650e+00
4.07000e+00 -9.79215e+00 -3.62894e+00
4.08000e+00 -9.82746e+00 -3.53102e+00
4.09000e+00 -9.86179e+00 -3.43274e+00
4.10000e+00 -9.89513e+00 -3.33412e+00
4.11000e+00 -9.92748e+00 -3.23517e+00
4.12000e+00 -9.95884e+00 -3.13590e+00
4.13000e+00 -9.98920e+00 -3.03631e+00
4.14000e+00 -1.00186e+01 -2.93642e+00
4.15000e+00 -1.00469e+01 -2.83623e+00
4.16000e+00 -1.00743e+01 -2.73576e+00
4.17000e+00 -1.01006e+01 -2.63502e+00
4.18000e+00 -1.01260e+01 -2.53401e+00
4.19000e+00 -1.01503e+01 -2.43275e+00
4.20000e+00 -1.01736e+01 -2.33125e+00
4.21000e+00 -1.01959e+01 -2.22951e+00
4.22000e+00 -1.02172e+01 -2.12755e+00
4.23000e+00 -1.02374e+01 -2.02538e+00
4.24000e+00 -1.02567e+01 -1.92301e+00
4.25000e+00 -1.02749e+01 -1.82044e+00
4.26000e+00 -1.02921e+01 -1.71769e+00
4.27000e+00 -1.03082e+01 -1.61477e+00
4.28000e+00 -1.03233e+01 -1.51169e+00
4.29000e+00 -1.03374e+01 -1.40846e+00
4.30000e+00 -1.03505e+01 -1.30508e+00
4.31000e+00 -1.03625e+01 -1.20158e+00
4.32000e+00 -1.03734e+01 -1.09795e+00
4.33000e+00 -1.03834e+01 -9.94219e-01
4.34000e+00 -1.03923e+01 -8.90386e-01
4.35000e+00 -1.04002e+01 -7.86463e-01
4.36000e+00 -1.04070e+01 -6.82461e-01
4.37000e+00 -1.04128e+01 -5.78391e-01
4.38000e+00 -1.04175e+01 -4.74264e-01
4.39000e+00 -1.04212e+01 -3.70088e-01
4.40000e+00 -1.04239e+01 -2.65876e-01
4.41000e+00 -1.04255e+01 -1.61638e-01
4.42000e+00 -1.04261e+01 -5.73829e-02
4.43000e+00 -1.04256e+01 4.68777e-02
4.44000e+00 -1.04241e+01 1.51134e-01
4.45000e+00 -1.04215e+01 2.55374e-01
4.46000e+00 -1.04179e+01 3.59590e-01
4.47000e+00 -1.04133e+01 4.63769e-01
4.48000e+00 -1.04076e+01 5.67902e-01
4.49000e+00 -1.04009e+01 6.71978e-01
4.50000e+00 -1.03931e+01 7.75987e-01
4.51000e+00 -1.03843e+01 8.79918e-01
4.52000e+00 -1.03745e+01 9.83761e-01
4.53000e+00 -1.03636e+01 1.08751e+00
4.54000e+00 -1.03517e+01 1.19114e+00
4.55000e+00 -1.03388e+01 1.29466e+00
4.56000e+00 -1.03248e+01 1.39805e+00
4.57000e+00 -1.03098e+01 1.50130e+00
4.58000e+00 -1.02937e+01 1.60439e+00
4.59000e+00 -1.02767e+01 1.70733e+00
4.60000e+00 -1.02586e+01 1.81010e+00
4.61000e+00 -1.02394e+01 1.91268e+00
4.62000e+00 -1.02193e+01 2.01508e+00
4.63000e+00 -1.01981e+01 2.11727e+00
4.64000e+00 -1.01759e+01 2.21925e+00
4.65000e+00 -1.01527e+01 2.32101e+00
4.66000e+00 -1.01285e+01 2.42254e+00
4.67000e+00 -1.01032e+01 2.52382e+00
4.68000e+00 -1.00770e+01 2.62485e+00
4.69000e+00 -1.00497e+01 2.72562e+00
4.70000e+00 -1.00215e+01 2.82612e+00
4.71000e+00 -9.99220e+00 2.92634e+00
4.72000e+00 -9.96194e+00 3.02626e+00
4.73000e+00 -9.93068e+00 3.12588e+00
4.74000e+00 -9.89843e+00 3.22518e+00
4.75000e+00 -9.86519e+00 3.32417e+00
4.76000e+00 -9.83096e+00 3.42282e+00
4.77000e+00 -9.79575e+00 3.52113e+00
4.78000e+00 -9.75956e+00 3.61909e+00
4.79000e+00 -9.72239e+00 3.71668e+00
4.80000e+00 -9.68425e+00 3.81391e+00
4.81000e+00 -9.64515e+00 3.91075e+00
4.82000e+00 -9.60507e+00 4.00720e+00
4.83000e+00 -9.56404e+00 4.10325e+00
4.84000e+00 -9.52205e+00 4.19889e+00
4.85000e+00 -9.47911e+00 4.29411e+00
4.86000e+00 -9.43522e+00 4.38890e+00
4.87000e+00 -9.39039e+00 4.48326e+00
4.88000e+00 -9.34462e+00 4.57716e+00
4.89000e+00 -9.29791e+00 4.67061e+00
4.90000e+00 -9.25028e+00 4.76358e+00
4.91000e+00 -9.20172e+00 4.85609e+00
4.92000e+00 -9.15223e+00 4.94810e+00
4.93000e+00 -9.10184e+00 5.03963e+00
4.94000e+00 -9.05053e+00 5.13065e+00
4.95000e+00 -8.99832e+00 5.22115e+00
4.96000e+00 -8.94521e+00 5.31113e+00
4.97000e+00 -8.89120e+00 5.40059e+00
4.98000e+00 -8.83631e+00 5.48950e+00
4.99000e+00 -8.78053e+00 5.57786e+00
5.00000e+00 -8.72387e+00 5.66567e+00
5.01000e+00 -8.66634e+00 5.75290e+00
5.02000e+00 -8.60795e+00 5.83957e+00
5.03000e+00 -8.54869e+00 5.92565e+00
5.04000e+00 -8.48858e+00 6.01113e+00
5.05000e+00 -8.42762e+00 6.09602e+00
5.06000e+00 -8.36582e+00 6.18030e+00
5.07000e+00 -8.30318e+00 6.26395e+00
5.08000e+00 -8.23971e+00 6.34699e+00
5.09000e+00 -8.17541e+00 6.42938e+00
5.10000e+00 -8.11030e+00 6.51114e+00
5.11000e+00 -8.04438e+00 6.59224e+00
5.12000e+00 -7.97765e+00 6.67268e+00
5.13000e+00 -7.91013e+00 6.75246e+00
5.14000e+00 -7.84181e+00 6.83156e+00
5.15000e+00 -7.77271e+00 6.90998e+00
5.16000e+00 -7.70284e+00 6.98771e+00
5.17000e+00 -7.63219e+00 7.06474e+00
5.18000e+00 -7.56078e+00 7.14106e+00
5.19000e+00 -7.48861e+00 7.21667e+00
5.20000e+00 -7.41570e+00 7.29155e+00
5.21000e+00 -7.34204e+00 7.36571e+00
5.22000e+00 -7.26765e+00 7.43913e+00
5.23000e+00 -7.19253e+00 7.51181e+00
5.24000e+00 -7.11669e+00 7.58373e+00
5.25000e+00 -7.04014e+00 7.65490e+00
5.26000e+00 -6.96289e+00 7.72530e+00
5.27000e+00 -6.88494e+00 7.79493e+00
5.28000e+00 -6.80630e+00 7.86378e+00
5.29000e+00 -6.72699e+00 7.93184e+00
5.30000e+00 -6.64699e+00 7.99911e+00
5.31000e+00 -6.56634e+00 8.06558e+00
5.32000e+00 -6.48503e+00 8.13124e+00
5.33000e+00 -6.40306e+00 8.19609e+00
5.34000e+00 -6.32046e+00 8.26012e+00
5.35000e+00 -6.23723e+00 8.32333e+00
5.36000e+00 -6.15337e+00 8.38570e+00
5.37000e+00 -6.06890e+00 8.44724e+00
5.38000e+00 -5.98382e+00 8.50792e+00
5.39000e+00 -5.89814e+00 8.56776e+00
5.40000e+00 -5.81188e+00 8.62674e+00
5.41000e+00 -5.72503e+00 8.68486e+00
5.42000e+00 -5.63761e+00 8.74211e+00
5.43000e+00 -5.54962e+00 8.79849e+00
5.44000e+00 -5.46108e+00 8.85399e+00
5.45000e+00 -5.37200e+00 8.90860e+00
5.46000e+00 -5.28237e+00 8.96232e+00
5.47000e+00 -5.19222e+00 9.01514e+00
5.48000e+00 -5.10155e+00 9.06706e+00
5.49000e+00 -5.01037e+00 9.11808e+00
5.50000e+00 -4.91869e+00 9.16818e+00
5.51000e+00 -4.82651e+00 9.21737e+00
5.52000e+00 -4.73386e+00 9.26563e+00
5.53000e+00 -4.64073e+00 9.31297e+00
5.54000e+00 -4.54713e+00 9.35938e+00
5.55000e+00 -4.45309e+00 9.40485e+00
5.56000e+00 -4.35859e+00 9.44938e+00
5.57000e+00 -4.26366e+00 9.49297e+00
5.58000e+00 -4.16831e+00 9.53560e+00
5.59000e+00 -4.07253e+00 9.57729e+00
5.60000e+00 -3.97635e+00 9.61801e+00
5.61000e+00 -3.87978e+00 9.65778e+00
5.62000e+00 -3.78281e+00 9.69657e+00
5.63000e+00 -3.68547e+00 9.73440e+00
5.64000e+00 -3.58775e+00 9.77126e+00
5.65000e+00 -3.48968e+00 9.80713e+00
5.66000e+00 -3.39126e+00 9.84203e+00
5.67000e+00 -3.29250e+00 9.87594e+00
5.68000e+00 -3.19341e+00 9.90887e+00
5.69000e+00 -3.09401e+00 9.94080e+00
5.70000e+00 -2.99429e+00 9.97174e+00
5.71000e+00 -2.89427e+00 1.00017e+01
5.72000e+00 -2.79397e+00 1.00306e+01
5.73000e+00 -2.69338e+00 1.00586e+01
5.74000e+00 -2.59252e+00 1.00855e+01
5.75000e+00 -2.49141e+00 1.01114e+01
5.76000e+00 -2.39005e+00 1.01363e+01
5.77000e+00 -2.28844e+00 1.01602e+01
5.78000e+00 -2.18661e+00 1.01831e+01
5.79000e+00 -2.08456e+00 1.02050e+01
5.80000e+00 -1.98230e+00 1.02258e+01
5.81000e+00 -1.87985e+00 1.02457e+01
5.82000e+00 -1.77720e+00 1.02645e+01
5.83000e+00 -1.67438e+00 1.02822e+01
5.84000e+00 -1.57139e+00 1.02990e+01
5.85000e+00 -1.46824e+00 1.03147e+01
5.86000e+00 -1.36495e+00 1.03294e+01
5.87000e+00 -1.26152e+00 1.03430e+01
5.88000e+00 -1.15796e+00 1.03556e+01
5.89000e+00 -1.05429e+00 1.03672e+01
5.90000e+00 -9.50515e-01 1.03778e+01
5.91000e+00 -8.46642e-01 1.03873e+01
5.92000e+00 -7.42685e-01 1.03957e+01
5.93000e+00 -6.38653e-01 1.04032e+01
5.94000e+00 -5.34558e-01 1.04095e+01
5.95000e+00 -4.30409e-01 1.04149e+01
5.96000e+00 -3.26217e-01 1.04192e+01
5.97000e+00 -2.21992e-01 1.04225e+01
5.98000e+00 -1.17746e-01 1.04247e+01
5.99000e+00 -1.34870e-02 1.04259e+01
6.00000e+00 9.07729e-02 1.04260e+01
6.01000e+00 1.95024e-01 1.04251e+01
6.02000e+00 2.99255e-01 1.04231e+01
6.03000e+00 4.03456e-01 1.04201e+01
6.04000e+00 5.07617e-01 1.04161e+01
6.05000e+00 6.11728e-01 1.04110e+01
6.06000e+00 7.15777e-01 1.04049e+01
6.07000e+00 8.19754e-01 1.03978e+01
6.08000e+00 9.23650e-01 1.03896e+01
6.09000e+00 1.02745e+00 1.03803e+01
6.10000e+00 1.13115e+00 1.03700e+01
6.11000e+00 1.23474e+00 1.03587e+01
6.12000e+00 1.33820e+00 1.03464e+01
6.13000e+00 1.44153e+00 1.03330e+01
6.14000e+00 1.54472e+00 1.03186e+01
6.15000e+00 1.64775e+00 1.03031e+01
6.16000e+00 1.75062e+00 1.02867e+01
6.17000e+00 1.85331e+00 1.02692e+01
6.18000e+00 1.95582e+00 1.02506e+01
6.19000e+00 2.05813e+00 1.02311e+01
6.20000e+00 2.16023e+00 1.02105e+01
6.21000e+00 2.26212e+00 1.01889e+01
6.22000e+00 2.36378e+00 1.01663e+01
6.23000e+00 2.46521e+00 1.01426e+01
6.24000e+00 2.56639e+00 1.01180e+01
6.25000e+00 2.66731e+00 1.00923e+01
6.26000e+00 2.76797e+00 1.00656e+01
6.27000e+00 2.86835e+00 1.00380e+01
6.28000e+00 2.96844e+00 1.00093e+01
6.29000e+00 3.06824e+00 9.97959e+00
6.30000e+00 3.16773e+00 9.94890e+00
6.31000e+00 3.26690e+00 9.91723e+00
6.32000e+00 3.36574e+00 9.88456e+00
6.33000e+00 3.46425e+00 9.85090e+00
6.34000e+00 3.56241e+00 9.81626e+00
6.35000e+00 3.66022e+00 9.78063e+00
6.36000e+00 3.75766e+00 9.74403e+00
6.37000e+00 3.85473e+00 9.70645e+00
6.38000e+00 3.95141e+00 9.66791e+00
6.39000e+00 4.04769e+00 9.62839e+00
6.40000e+00 4.14357e+00 9.58792e+00
6.41000e+00 4.23903e+00 9.54648e+00
6.42000e+00 4.33407e+00 9.50409e+00
6.43000e+00 4.42868e+00 9.46075e+00
6.44000e+00 4.52285e+00 9.41646e+00
6.45000e+00 4.61656e+00 9.37123e+00
6.46000e+00 4.70981e+00 9.32507e+00
6.47000e+00 4.80259e+00 9.27797e+00
6.48000e+00 4.89489e+00 9.22994e+00
6.49000e+00 4.98670e+00 9.18100e+00
6.50000e+00 5.07801e+00 9.13113e+00
6.51000e+00 5.16881e+00 9.08035e+00
6.52000e+00 5.25910e+00 9.02866e+00
6.53000e+00 5.34886e+00 8.97607e+00
6.54000e+00 5.43809e+00 8.92258e+00
6.55000e+00 5.52677e+00 8.86820e+00
6.56000e+00 5.61490e+00 8.81293e+00
6.57000e+00 5.70247e+00 8.75678e+00
6.58000e+00 5.78946e+00 8.69976e+00
6.59000e+00 5.87588e+00 8.64186e+00
6.60000e+00 5.96171e+00 8.58310e+00
6.61000e+00 6.04695e+00 8.52349e+00
6.62000e+00 6.13158e+00 8.46302e+00
6.63000e+00 6.21559e+00 8.40170e+00
6.64000e+00 6.29899e+00 8.33955e+00
6.65000e+00 6.38176e+00 8.27656e+00
6.66000e+00 6.46388e+00 8.21274e+00
6.67000e+00 6.54536e+00 8.14810e+00
6.68000e+00 6.62619e+00 8.08265e+00
6.69000e+00 6.70635e+00 8.01638e+00
6.70000e+00 6.78585e+00 7.94932e+00
6.71000e+00 6.86466e+00 7.88146e+00
6.72000e+00 6.94279e+00 7.81282e+00
6.73000e+00 7.02022e+00 7.74339e+00
6.74000e+00 7.09696e+00 7.67319e+00
6.75000e+00 7.17298e+00 7.60222e+00
6.76000e+00 7.24828e+00 7.53049e+00
6.77000e+00 7.32286e+00 7.45800e+00
6.78000e+00 7.39671e+00 7.38477e+00
6.79000e+00 7.46982e+00 7.31081e+00
6.80000e+00 7.54218e+00 7.23611e+00
6.81000e+00 7.61379e+00 7.16069e+00
6.82000e+00 7.68463e+00 7.08455e+00
6.83000e+00 7.75471e+00 7.00770e+00
6.84000e+00 7.82401e+00 6.93016e+00
6.85000e+00 7.89253e+00 6.85192e+00
6.86000e+00 7.96026e+00 6.77299e+00
6.87000e+00 8.02719e+00 6.69339e+00
6.88000e+00 8.09333e+00 6.61312e+00
6.89000e+00 8.15865e+00 6.53218e+00
6.90000e+00 8.22315e+00 6.45060e+00
6.91000e+00 8.28684e+00 6.36837e+00
6.92000e+00 8.34969e+00 6.28550e+00
6.93000e+00 8.41171e+00 6.20200e+00
6.94000e+00 8.47289e+00 6.11788e+00
6.95000e+00 8.53322e+00 6.03315e+00
6.96000e+00 8.59270e+00 5.94782e+00
6.97000e+00 8.65132e+00 5.86189e+00
6.98000e+00 8.70907e+00 5.77538e+00
6.99000e+00 8.76596e+00 5.68829e+00
7.00000e+00 8.82196e+00 5.60063e+00
7.01000e+00 8.87709e+00 5.51241e+00
7.02000e+00 8.93132e+00 5.42364e+00
7.03000e+00 8.98467e+00 5.33433e+00
7.04000e+00 9.03711e+00 5.24448e+00
7.05000e+00 9.08865e+00 5.15411e+00
7.06000e+00 9.13928e+00 5.06322e+00
7.07000e+00 9.18900e+00 4.97183e+00
7.08000e+00 9.23780e+00 4.87994e+00
7.09000e+00 9.28568e+00 4.78756e+00
7.10000e+00 9.33262e+00 4.69471e+00
7.11000e+00 9.37864e+00 4.60138e+00
7.12000e+00 9.42371e+00 4.50759e+00
7.13000e+00 9.46785e+00 4.41336e+00
7.14000e+00 9.51103e+00 4.31868e+00
7.15000e+00 9.55327e+00 4.22357e+00
7.16000e+00 9.59455e+00 4.12803e+00
7.17000e+00 9.63487e+00 4.03209e+00
7.18000e+00 9.67423e+00 3.93574e+00
7.19000e+00 9.71262e+00 3.83900e+00
7.20000e+00 9.75004e+00 3.74187e+00
7.21000e+00 9.78648e+00 3.64437e+00
7.22000e+00 9.82195e+00 3.54651e+00
7.23000e+00 9.85643e+00 3.44829e+00
7.24000e+00 9.88993e+00 3.34972e+00
7.25000e+00 9.92243e+00 3.25082e+00
7.26000e+00 9.95395e+00 3.15160e+00
7.27000e+00 9.98447e+00 3.05206e+00
7.28000e+00 1.00140e+01 2.95221e+00
7.29000e+00 1.00425e+01 2.85208e+00
7.30000e+00 1.00700e+01 2.75165e+00
7.31000e+00 1.00965e+01 2.65095e+00
7.32000e+00 1.01220e+01 2.54998e+00
7.33000e+00 1.01465e+01 2.44876e+00
7.34000e+00 1.01700e+01 2.34730e+00
7.35000e+00 1.01925e+01 2.24560e+00
7.36000e+00 1.02139e+01 2.14367e+00
7.37000e+00 1.02343e+01 2.04154e+00
7.38000e+00 1.02537e+01 1.93919e+00
7.39000e+00 1.02721e+01 1.83665e+00
7.40000e+00 1.02894e+01 1.73393e+00
7.41000e+00 1.03057e+01 1.63104e+00
7.42000e+00 1.03210e+01 1.52798e+00
7.43000e+00 1.03352e+01 1.42477e+00
7.44000e+00 1.03485e+01 1.32142e+00
7.45000e+00 1.03606e+01 1.21794e+00
7.46000e+00 1.03718e+01 1.11433e+00
7.47000e+00 1.03819e+01 1.01061e+00
7.48000e+00 1.03910e+01 9.06793e-01
7.49000e+00 1.03990e+01 8.02883e-01
7.50000e+00 1.04060e+01 6.98894e-01
7.51000e+00 1.04119e+01 5.94834e-01
7.52000e+00 1.04168e+01 4.90715e-01
7.53000e+00 1.04207e+01 3.86546e-01
7.54000e+00 1.04235e+01 2.82339e-01
7.55000e+00 1.04253e+01 1.78104e-01
7.56000e+00 1.04260e+01 7.38512e-02
7.57000e+00 1.04257e+01 -3.04091e-02
7.58000e+00 1.04244e+01 -1.34666e-01
7.59000e+00 1.04220e+01 -2.38910e-01
7.60000e+00 1.04186e+01 -3.43130e-01
7.61000e+00 1.04141e+01 -4.47316e-01
7.62000e+00 1.04086e+01 -5.51457e-01
7.63000e+00 1.04020e+01 -6.55543e-01
7.64000e+00 1.03944e+01 -7.59563e-01
7.65000e+00 1.03858e+01 -8.63507e-01
7.66000e+00 1.03761e+01 -9.67365e-01
7.67000e+00 1.03654e+01 -1.07113e+00
7.68000e+00 1.03537e+01 -1.17478e+00
7.69000e+00 1.03409e+01 -1.27832e+00
7.70000e+00 1.03271e+01 -1.38173e+00
7.71000e+00 1.03122e+01 -1.48500e+00
7.72000e+00 1.02963e+01 -1.58812e+00
7.73000e+00 1.02794e+01 -1.69108e+00
7.74000e+00 1.02615e+01 -1.79388e+00
7.75000e+00 1.02425e+01 -1.89649e+00
7.76000e+00 1.02225e+01 -1.99892e+00
7.77000e+00 1.02015e+01 -2.10114e+00
7.78000e+00 1.01795e+01 -2.20316e+00
7.79000e+00 1.01564e+01 -2.30495e+00
7.80000e+00 1.01324e+01 -2.40652e+00
7.81000e+00 1.01073e+01 -2.50784e+00
7.82000e+00 1.00812e+01 -2.60891e+00
7.83000e+00 1.00541e+01 -2.70972e+00
7.84000e+00 1.00260e+01 -2.81026e+00
7.85000e+00 9.99689e+00 -2.91052e+00
7.86000e+00 9.96679e+00 -3.01049e+00
7.87000e+00 9.93569e+00 -3.11016e+00
7.88000e+00 9.90359e+00 -3.20952e+00
7.89000e+00 9.87051e+00 -3.30855e+00
7.90000e+00 9.83643e+00 -3.40726e+00
7.91000e+00 9.80138e+00 -3.50562e+00
7.92000e+00 9.76534e+00 -3.60364e+00
7.93000e+00 9.72833e+00 -3.70129e+00
7.94000e+00 9.69034e+00 -3.79857e+00
7.95000e+00 9.65139e+00 -3.89548e+00
7.96000e+00 9.61147e+00 -3.99199e+00
7.97000e+00 9.57059e+00 -4.08811e+00
7.98000e+00 9.52875e+00 -4.18381e+00
7.99000e+00 9.48596e+00 -4.27910e+00
8.00000e+00 9.44222e+00 -4.37396e+00
8.01000e+00 9.39753e+00 -4.46838e+00
8.02000e+00 9.35191e+00 -4.56236e+00
8.03000e+00 9.30535e+00 -4.65588e+00
8.04000e+00 9.25786e+00 -4.74893e+00
8.05000e+00 9.20945e+00 -4.84151e+00
8.06000e+00 9.16011e+00 -4.93360e+00
8.07000e+00 9.10986e+00 -5.02520e+00
8.08000e+00 9.05870e+00 -5.11630e+00
8.09000e+00 9.00663e+00 -5.20689e+00
8.10000e+00 8.95366e+00 -5.29696e+00
8.11000e+00 8.89979e+00 -5.38649e+00
8.12000e+00 8.84504e+00 -5.47549e+00
8.13000e+00 8.78940e+00 -5.56394e+00
8.14000e+00 8.73288e+00 -5.65183e+00
8.15000e+00 8.67549e+00 -5.73916e+00
8.16000e+00 8.61723e+00 -5.82592e+00
8.17000e+00 8.55811e+00 -5.91209e+00
8.18000e+00 8.49813e+00 -5.99767e+00
8.19000e+00 8.43731e+00 -6.08265e+00
8.20000e+00 8.37564e+00 -6.16703e+00
8.21000e+00 8.31313e+00 -6.25078e+00
8.22000e+00 8.24979e+00 -6.33391e+00
8.23000e+00 8.18562e+00 -6.41641e+00
8.24000e+00 8.12064e+00 -6.49827e+00
8.25000e+00 8.05485e+00 -6.57947e+00
8.26000e+00 7.98825e+00 -6.66002e+00
8.27000e+00 7.92085e+00 -6.73990e+00
8.28000e+00 7.85266e+00 -6.81911e+00
8.29000e+00 7.78368e+00 -6.89764e+00
8.30000e+00 7.71393e+00 -6.97548e+00
8.31000e+00 7.64340e+00 -7.05262e+00
8.32000e+00 7.57211e+00 -7.12905e+00
8.33000e+00 7.50006e+00 -7.20477e+00
8.34000e+00 7.42726e+00 -7.27977e+00
8.35000e+00 7.35372e+00 -7.35404e+00
8.36000e+00 7.27945e+00 -7.42758e+00
8.37000e+00 7.20444e+00 -7.50038e+00
8.38000e+00 7.12872e+00 -7.57242e+00
8.39000e+00 7.05228e+00 -7.64371e+00
8.40000e+00 6.97514e+00 -7.71423e+00
8.41000e+00 6.89730e+00 -7.78398e+00
8.42000e+00 6.81877e+00 -7.85295e+00
8.43000e+00 6.73956e+00 -7.92114e+00
8.44000e+00 6.65967e+00 -7.98854e+00
8.45000e+00 6.57912e+00 -8.05513e+00
8.46000e+00 6.49791e+00 -8.12093e+00
8.47000e+00 6.41605e+00 -8.18591e+00
8.48000e+00 6.33355e+00 -8.25007e+00
8.49000e+00 6.25042e+00 -8.31340e+00
8.50000e+00 6.16666e+00 -8.37591e+00
8.51000e+00 6.08228e+00 -8.43757e+00
8.52000e+00 5.99730e+00 -8.49839e+00
8.53000e+00 5.91172e+00 -8.55837e+00
8.54000e+00 5.82554e+00 -8.61748e+00
8.55000e+00 5.73878e+00 -8.67574e+00
8.56000e+00 5.65145e+00 -8.73313e+00
8.57000e+00 5.56356e+00 -8.78964e+00
8.58000e+00 5.47510e+00 -8.84528e+00
8.59000e+00 5.38610e+00 -8.90003e+00
8.60000e+00 5.29656e+00 -8.95389e+00
8.61000e+00 5.20650e+00 -9.00686e+00
8.62000e+00 5.11591e+00 -9.05892e+00
8.63000e+00 5.02481e+00 -9.11008e+00
8.64000e+00 4.93320e+00 -9.16033e+00
8.65000e+00 4.84111e+00 -9.20966e+00
8.66000e+00 4.74853e+00 -9.25807e+00
8.67000e+00 4.65547e+00 -9.30556e+00
8.68000e+00 4.56195e+00 -9.35211e+00
8.69000e+00 4.46797e+00 -9.39773e+00
8.70000e+00 4.37355e+00 -9.44241e+00
8.71000e+00 4.27869e+00 -9.48615e+00
8.72000e+00 4.18340e+00 -9.52893e+00
8.73000e+00 4.08769e+00 -9.57077e+00
8.74000e+00 3.99157e+00 -9.61164e+00
8.75000e+00 3.89506e+00 -9.65156e+00
8.76000e+00 3.79815e+00 -9.69051e+00
8.77000e+00 3.70087e+00 -9.72849e+00
8.78000e+00 3.60321e+00 -9.76550e+00
8.79000e+00 3.50520e+00 -9.80153e+00
8.80000e+00 3.40683e+00 -9.83658e+00
8.81000e+00 3.30812e+00 -9.87065e+00
8.82000e+00 3.20909e+00 -9.90373e+00
8.83000e+00 3.10973e+00 -9.93582e+00
8.84000e+00 3.01006e+00 -9.96692e+00
8.85000e+00 2.91009e+00 -9.99702e+00
8.86000e+00 2.80983e+00 -1.00261e+01
8.87000e+00 2.70929e+00 -1.00542e+01
8.88000e+00 2.60847e+00 -1.00813e+01
8.89000e+00 2.50740e+00 -1.01074e+01
8.90000e+00 2.40607e+00 -1.01325e+01
8.91000e+00 2.30451e+00 -1.01565e+01
8.92000e+00 2.20271e+00 -1.01796e+01
8.93000e+00 2.10070e+00 -1.02016e+01
8.94000e+00 1.99847e+00 -1.02226e+01
8.95000e+00 1.89604e+00 -1.02426e+01
8.96000e+00 1.79343e+00 -1.02616e+01
8.97000e+00 1.69063e+00 -1.02795e+01
8.98000e+00 1.58767e+00 -1.02964e+01
8.99000e+00 1.48455e+00 -1.03123e+01
9.00000e+00 1.38128e+00 -1.03271e+01
9.01000e+00 1.27787e+00 -1.03409e+01
9.02000e+00 1.17433e+00 -1.03537e+01
9.03000e+00 1.07068e+00 -1.03655e+01
9.04000e+00 9.66914e-01 -1.03762e+01
9.05000e+00 8.63055e-01 -1.03858e+01
9.06000e+00 7.59111e-01 -1.03945e+01
9.07000e+00 6.55090e-01 -1.04021e+01
9.08000e+00 5.51004e-01 -1.04086e+01
9.09000e+00 4.46863e-01 -1.04141e+01
9.10000e+00 3.42677e-01 -1.04186e+01
9.11000e+00 2.38457e-01 -1.04220e+01
9.12000e+00 1.34213e-01 -1.04244e+01
9.13000e+00 2.99557e-02 -1.04257e+01
9.14000e+00 -7.43047e-02 -1.04260e+01
9.15000e+00 -1.78558e-01 -1.04253e+01
9.16000e+00 -2.82793e-01 -1.04235e+01
9.17000e+00 -3.87000e-01 -1.04207e+01
9.18000e+00 -4.91168e-01 -1.04168e+01
9.19000e+00 -5.95287e-01 -1.04119e+01
9.20000e+00 -6.99346e-01 -1.04059e+01
9.21000e+00 -8.03336e-01 -1.03990e+01
9.22000e+00 -9.07245e-01 -1.03909e+01
9.23000e+00 -1.01106e+00 -1.03818e+01
9.24000e+00 -1.11478e+00 -1.03717e+01
9.25000e+00 -1.21839e+00 -1.03606e+01
9.26000e+00 -1.32187e+00 -1.03484e+01
9.27000e+00 -1.42522e+00 -1.03352e+01
9.28000e+00 -1.52843e+00 -1.03209e+01
9.29000e+00 -1.63149e+00 -1.03056e+01
9.30000e+00 -1.73438e+00 -1.02893e+01
9.31000e+00 -1.83710e+00 -1.02720e+01
9.32000e+00 -1.93964e+00 -1.02536e+01
9.33000e+00 -2.04198e+00 -1.02342e+01
9.34000e+00 -2.14412e+00 -1.02138e+01
9.35000e+00 -2.24604e+00 -1.01924e+01
9.36000e+00 -2.34774e+00 -1.01699e+01
9.37000e+00 -2.44920e+00 -1.01464e+01
9.38000e+00 -2.55042e+00 -1.01219e+01
9.39000e+00 -2.65139e+00 -1.00964e+01
9.40000e+00 -2.75209e+00 -1.00699e+01
9.41000e+00 -2.85251e+00 -1.00424e+01
9.42000e+00 -2.95265e+00 -1.00139e+01
9.43000e+00 -3.05249e+00 -9.98434e+00
9.44000e+00 -3.15203e+00 -9.95382e+00
9.45000e+00 -3.25125e+00 -9.92230e+00
9.46000e+00 -3.35015e+00 -9.88978e+00
9.47000e+00 -3.44872e+00 -9.85628e+00
9.48000e+00 -3.54693e+00 -9.82179e+00
9.49000e+00 -3.64480e+00 -9.78632e+00
9.50000e+00 -3.74229e+00 -9.74988e+00
9.51000e+00 -3.83942e+00 -9.71245e+00
9.52000e+00 -3.93616e+00 -9.67406e+00
9.53000e+00 -4.03251e+00 -9.63470e+00
9.54000e+00 -4.12845e+00 -9.59437e+00
9.55000e+00 -4.22398e+00 -9.55309e+00
9.56000e+00 -4.31909e+00 -9.51085e+00
9.57000e+00 -4.41377e+00 -9.46766e+00
9.58000e+00 -4.50800e+00 -9.42352e+00
9.59000e+00 -4.60179e+00 -9.37844e+00
9.60000e+00 -4.69511e+00 -9.33242e+00
9.61000e+00 -4.78797e+00 -9.28547e+00
9.62000e+00 -4.88034e+00 -9.23759e+00
9.63000e+00 -4.97223e+00 -9.18879e+00
9.64000e+00 -5.06362e+00 -9.13907e+00
9.65000e+00 -5.15450e+00 -9.08843e+00
9.66000e+00 -5.24487e+00 -9.03688e+00
9.67000e+00 -5.33472e+00 -8.98444e+00
9.68000e+00 -5.42403e+00 -8.93109e+00
9.69000e+00 -5.51280e+00 -8.87685e+00
9.70000e+00 -5.60101e+00 -8.82172e+00
9.71000e+00 -5.68867e+00 -8.76571e+00
9.72000e+00 -5.77576e+00 -8.70882e+00
9.73000e+00 -5.86227e+00 -8.65107e+00
9.74000e+00 -5.94819e+00 -8.59244e+00
9.75000e+00 -6.03352e+00 -8.53296e+00
9.76000e+00 -6.11825e+00 -8.47263e+00
9.77000e+00 -6.20236e+00 -8.41144e+00
9.78000e+00 -6.28586e+00 -8.34942e+00
9.79000e+00 -6.36872e+00 -8.28656e+00
9.80000e+00 -6.45095e+00 -8.22287e+00
9.81000e+00 -6.53254e+00 -8.15836e+00
9.82000e+00 -6.61347e+00 -8.09304e+00
9.83000e+00 -6.69374e+00 -8.02690e+00
9.84000e+00 -6.77334e+00 -7.95997e+00
9.85000e+00 -6.85226e+00 -7.89223e+00
9.86000e+00 -6.93050e+00 -7.82371e+00
9.87000e+00 -7.00804e+00 -7.75441e+00
9.88000e+00 -7.08488e+00 -7.68433e+00
9.89000e+00 -7.16102e+00 -7.61348e+00
9.90000e+00 -7.23644e+00 -7.54187e+00
9.91000e+00 -7.31113e+00 -7.46950e+00
9.92000e+00 -7.38510e+00 -7.39639e+00
9.93000e+00 -7.45832e+00 -7.32254e+00
9.94000e+00 -7.53080e+00 -7.24796e+00
9.95000e+00 -7.60253e+00 -7.17265e+00
9.96000e+00 -7.67349e+00 -7.09662e+00
9.97000e+00 -7.74369e+00 -7.01989e+00
9.98000e+00 -7.81312e+00 -6.94245e+00
9.99000e+00 -7.88176e+00 -6.86432e+00
1.00000e+01 -7.94961e+00 -6.78550e+00
