2.50000E-02 9.99688E-01 -2.49974E-02 5.00000E-01
5.00000E-02 9.98750E-01 -4.99792E-02 5.00000E-01
7.50000E-02 9.97189E-01 -7.49297E-02 5.00000E-01
1.00000E-01 9.95004E-01 -9.98334E-02 5.00000E-01
1.25000E-01 9.92198E-01 -1.24675E-01 5.00000E-01
1.50000E-01 9.88771E-01 -1.49438E-01 5.00000E-01
1.75000E-01 9.84727E-01 -1.74108E-01 5.00000E-01
2.00000E-01 9.80067E-01 -1.98669E-01 5.00000E-01
2.25000E-01 9.74794E-01 -2.23106E-01 5.00000E-01
2.50000E-01 9.68912E-01 -2.47404E-01 5.00000E-01
2.75000E-01 9.62425E-01 -2.71547E-01 5.00000E-01
3.00000E-01 9.55336E-01 -2.95520E-01 5.00000E-01
3.25000E-01 9.47651E-01 -3.19309E-01 5.00000E-01
3.50000E-01 9.39373E-01 -3.42898E-01 5.00000E-01
3.75000E-01 9.30508E-01 -3.66273E-01 5.00000E-01
4.00000E-01 9.21061E-01 -3.89418E-01 5.00000E-01
4.25000E-01 9.11039E-01 -4.12321E-01 5.00000E-01
4.50000E-01 9.00447E-01 -4.34966E-01 5.00000E-01
4.75000E-01 8.89293E-01 -4.57338E-01 5.00000E-01
5.00000E-01 8.77583E-01 -4.79426E-01 5.00000E-01
5.25000E-01 8.65324E-01 -5.01213E-01 5.00000E-01
5.50000E-01 8.52525E-01 -5.22687E-01 5.00000E-01
5.75000E-01 8.39192E-01 -5.43835E-01 5.00000E-01
6.00000E-01 8.25336E-01 -5.64642E-01 5.00000E-01
6.25000E-01 8.10963E-01 -5.85097E-01 5.00000E-01
6.50000E-01 7.96084E-01 -6.05186E-01 5.00000E-01
6.75000E-01 7.80707E-01 -6.24897E-01 5.00000E-01
7.00000E-01 7.64842E-01 -6.44218E-01 5.00000E-01
7.25000E-01 7.48499E-01 -6.63135E-01 5.00000E-01
7.50000E-01 7.31689E-01 -6.81639E-01 5.00000E-01
7.75000E-01 7.14421E-01 -6.99716E-01 5.00000E-01
8.00000E-01 6.96707E-01 -7.17356E-01 5.00000E-01
8.25000E-01 6.78557E-01 -7.34548E-01 5.00000E-01
8.50000E-01 6.59983E-01 -7.51280E-01 5.00000E-01
8.75000E-01 6.40997E-01 -7.67544E-01 5.00000E-01
9.00000E-01 6.21610E-01 -7.83327E-01 5.00000E-01
9.25000E-01 6.01835E-01 -7.98621E-01 5.00000E-01
9.50000E-01 5.81683E-01 -8.13416E-01 5.00000E-01
9.75000E-01 5.61168E-01 -8.27702E-01 5.00000E-01
1.00000E+00 5.40302E-01 -8.41471E-01 5.00000E-01
1.02500E+00 5.19099E-01 -8.54714E-01 5.00000E-01
1.05000E+00 4.97571E-01 -8.67423E-01 5.00000E-01
1.07500E+00 4.75732E-01 -8.79590E-01 5.00000E-01
1.10000E+00 4.53596E-01 -8.91207E-01 5.00000E-01
1.12500E+00 4.31177E-01 -9.02268E-01 5.00000E-01
1.15000E+00 4.08487E-01 -9.12764E-01 5.00000E-01
1.17500E+00 3.85543E-01 -9.22690E-01 5.00000E-01
1.20000E+00 3.62358E-01 -9.32039E-01 5.00000E-01
1.22500E+00 3.38946E-01 -9.40806E-01 5.00000E-01
1.25000E+00 3.15322E-01 -9.48985E-01 5.00000E-01
1.27500E+00 2.91502E-01 -9.56570E-01 5.00000E-01
1.30000E+00 2.67499E-01 -9.63558E-01 5.00000E-01
1.32500E+00 2.43329E-01 -9.69944E-01 5.00000E-01
1.35000E+00 2.19007E-01 -9.75723E-01 5.00000E-01
1.37500E+00 1.94548E-01 -9.80893E-01 5.00000E-01
1.40000E+00 1.69967E-01 -9.85450E-01 5.00000E-01
1.42500E+00 1.45280E-01 -9.89391E-01 5.00000E-01
1.45000E+00 1.20503E-01 -9.92713E-01 5.00000E-01
1.47500E+00 9.56499E-02 -9.95415E-01 5.00000E-01
1.50000E+00 7.07372E-02 -9.97495E-01 5.00000E-01
1.52500E+00 4.57803E-02 -9.98952E-01 5.00000E-01
1.55000E+00 2.07948E-02 -9.99784E-01 5.00000E-01
1.57500E+00 -4.20366E-03 -9.99991E-01 5.00000E-01
1.60000E+00 -2.91995E-02 -9.99574E-01 5.00000E-01
1.62500E+00 -5.41771E-02 -9.98531E-01 5.00000E-01
1.65000E+00 -7.91209E-02 -9.96865E-01 5.00000E-01
1.67500E+00 -1.04015E-01 -9.94576E-01 5.00000E-01
1.70000E+00 -1.28844E-01 -9.91665E-01 5.00000E-01
1.72500E+00 -1.53593E-01 -9.88134E-01 5.00000E-01
1.75000E+00 -1.78246E-01 -9.83986E-01 5.00000E-01
1.77500E+00 -2.02787E-01 -9.79223E-01 5.00000E-01
1.80000E+00 -2.27202E-01 -9.73848E-01 5.00000E-01
1.82500E+00 -2.51475E-01 -9.67864E-01 5.00000E-01
1.85000E+00 -2.75590E-01 -9.61275E-01 5.00000E-01
1.87500E+00 -2.99534E-01 -9.54086E-01 5.00000E-01
1.90000E+00 -3.23290E-01 -9.46300E-01 5.00000E-01
1.92500E+00 -3.46844E-01 -9.37923E-01 5.00000E-01
1.95000E+00 -3.70181E-01 -9.28960E-01 5.00000E-01
1.97500E+00 -3.93287E-01 -9.19416E-01 5.00000E-01
2.00000E+00 -4.16147E-01 -9.09297E-01 5.00000E-01
2.02500E+00 -4.38747E-01 -8.98611E-01 5.00000E-01
2.05000E+00 -4.61073E-01 -8.87362E-01 5.00000E-01
2.07500E+00 -4.83110E-01 -8.75559E-01 5.00000E-01
2.10000E+00 -5.04846E-01 -8.63209E-01 5.00000E-01
2.12500E+00 -5.26266E-01 -8.50320E-01 5.00000E-01
2.15000E+00 -5.47358E-01 -8.36899E-01 5.00000E-01
2.17500E+00 -5.68107E-01 -8.22955E-01 5.00000E-01
2.20000E+00 -5.88501E-01 -8.08496E-01 5.00000E-01
2.22500E+00 -6.08528E-01 -7.93533E-01 5.00000E-01
2.25000E+00 -6.28174E-01 -7.78073E-01 5.00000E-01
2.27500E+00 -6.47427E-01 -7.62127E-01 5.00000E-01
2.30000E+00 -6.66276E-01 -7.45705E-01 5.00000E-01
2.32500E+00 -6.84709E-01 -7.28817E-01 5.00000E-01
2.35000E+00 -7.02713E-01 -7.11473E-01 5.00000E-01
2.37500E+00 -7.20278E-01 -6.93685E-01 5.00000E-01
2.40000E+00 -7.37394E-01 -6.75463E-01 5.00000E-01
2.42500E+00 -7.54048E-01 -6.56819E-01 5.00000E-01
2.45000E+00 -7.70231E-01 -6.37765E-01 5.00000E-01
2.47500E+00 -7.85933E-01 -6.18312E-01 5.00000E-01
2.50000E+00 -8.01144E-01 -5.98472E-01 5.00000E-01
2.52500E+00 -8.15854E-01 -5.78259E-01 5.00000E-01
2.55000E+00 -8.30054E-01 -5.57684E-01 5.00000E-01
2.57500E+00 -8.43735E-01 -5.36760E-01 5.00000E-01
2.60000E+00 -8.56889E-01 -5.15501E-01 5.00000E-01
2.62500E+00 -8.69507E-01 -4.93920E-01 5.00000E-01
2.65000E+00 -8.81582E-01 -4.72031E-01 5.00000E-01
2.67500E+00 -8.93106E-01 -4.49846E-01 5.00000E-01
2.70000E+00 -9.04072E-01 -4.27380E-01 5.00000E-01
2.72500E+00 -9.14473E-01 -4.04647E-01 5.00000E-01
2.75000E+00 -9.24302E-01 -3.81661E-01 5.00000E-01
2.77500E+00 -9.33554E-01 -3.58437E-01 5.00000E-01
2.80000E+00 -9.42222E-01 -3.34988E-01 5.00000E-01
2.82500E+00 -9.50302E-01 -3.11330E-01 5.00000E-01
2.85000E+00 -9.57787E-01 -2.87478E-01 5.00000E-01
2.87500E+00 -9.64674E-01 -2.63446E-01 5.00000E-01
2.90000E+00 -9.70958E-01 -2.39249E-01 5.00000E-01
2.92500E+00 -9.76635E-01 -2.14903E-01 5.00000E-01
2.95000E+00 -9.81702E-01 -1.90423E-01 5.00000E-01
2.97500E+00 -9.86156E-01 -1.65823E-01 5.00000E-01
3.00000E+00 -9.89992E-01 -1.41120E-01 5.00000E-01
3.02500E+00 -9.93211E-01 -1.16329E-01 5.00000E-01
3.05000E+00 -9.95808E-01 -9.14647E-02 5.00000E-01
3.07500E+00 -9.97784E-01 -6.65435E-02 5.00000E-01
3.10000E+00 -9.99135E-01 -4.15807E-02 5.00000E-01
3.12500E+00 -9.99862E-01 -1.65919E-02 5.00000E-01
3.15000E+00 -9.99965E-01 8.40724E-03 5.00000E-01
3.17500E+00 -9.99442E-01 3.34011E-02 5.00000E-01
3.20000E+00 -9.98295E-01 5.83741E-02 5.00000E-01
3.22500E+00 -9.96524E-01 8.33107E-02 5.00000E-01
3.25000E+00 -9.94130E-01 1.08195E-01 5.00000E-01
3.27500E+00 -9.91114E-01 1.33012E-01 5.00000E-01
3.30000E+00 -9.87480E-01 1.57746E-01 5.00000E-01
3.32500E+00 -9.83228E-01 1.82381E-01 5.00000E-01
3.35000E+00 -9.78362E-01 2.06902E-01 5.00000E-01
3.37500E+00 -9.72884E-01 2.31294E-01 5.00000E-01
3.40000E+00 -9.66798E-01 2.55541E-01 5.00000E-01
3.42500E+00 -9.60108E-01 2.79629E-01 5.00000E-01
3.45000E+00 -9.52818E-01 3.03542E-01 5.00000E-01
3.47500E+00 -9.44933E-01 3.27265E-01 5.00000E-01
3.50000E+00 -9.36457E-01 3.50783E-01 5.00000E-01
3.52500E+00 -9.27395E-01 3.74083E-01 5.00000E-01
3.55000E+00 -9.17755E-01 3.97148E-01 5.00000E-01
3.57500E+00 -9.07540E-01 4.19966E-01 5.00000E-01
3.60000E+00 -8.96758E-01 4.42520E-01 5.00000E-01
3.62500E+00 -8.85416E-01 4.64799E-01 5.00000E-01
3.65000E+00 -8.73521E-01 4.86787E-01 5.00000E-01
3.67500E+00 -8.61080E-01 5.08470E-01 5.00000E-01
3.70000E+00 -8.48100E-01 5.29836E-01 5.00000E-01
3.72500E+00 -8.34590E-01 5.50871E-01 5.00000E-01
3.75000E+00 -8.20559E-01 5.71561E-01 5.00000E-01
3.77500E+00 -8.06015E-01 5.91895E-01 5.00000E-01
3.80000E+00 -7.90968E-01 6.11858E-01 5.00000E-01
3.82500E+00 -7.75426E-01 6.31439E-01 5.00000E-01
3.85000E+00 -7.59399E-01 6.50625E-01 5.00000E-01
3.87500E+00 -7.42898E-01 6.69405E-01 5.00000E-01
3.90000E+00 -7.25932E-01 6.87766E-01 5.00000E-01
3.92500E+00 -7.08513E-01 7.05698E-01 5.00000E-01
3.95000E+00 -6.90651E-01 7.23188E-01 5.00000E-01
3.97500E+00 -6.72357E-01 7.40227E-01 5.00000E-01
4.00000E+00 -6.53644E-01 7.56802E-01 5.00000E-01
4.02500E+00 -6.34521E-01 7.72905E-01 5.00000E-01
4.05000E+00 -6.15002E-01 7.88525E-01 5.00000E-01
4.07500E+00 -5.95099E-01 8.03652E-01 5.00000E-01
4.10000E+00 -5.74824E-01 8.18277E-01 5.00000E-01
4.12500E+00 -5.54190E-01 8.32391E-01 5.00000E-01
4.15000E+00 -5.33209E-01 8.45984E-01 5.00000E-01
4.17500E+00 -5.11895E-01 8.59048E-01 5.00000E-01
4.20000E+00 -4.90261E-01 8.71576E-01 5.00000E-01
4.22500E+00 -4.68321E-01 8.83559E-01 5.00000E-01
4.25000E+00 -4.46088E-01 8.94989E-01 5.00000E-01
4.27500E+00 -4.23576E-01 9.05861E-01 5.00000E-01
4.30000E+00 -4.00799E-01 9.16166E-01 5.00000E-01
4.32500E+00 -3.77772E-01 9.25899E-01 5.00000E-01
4.35000E+00 -3.54509E-01 9.35053E-01 5.00000E-01
4.37500E+00 -3.31024E-01 9.43622E-01 5.00000E-01
4.40000E+00 -3.07333E-01 9.51602E-01 5.00000E-01
4.42500E+00 -2.83449E-01 9.58987E-01 5.00000E-01
4.45000E+00 -2.59389E-01 9.65773E-01 5.00000E-01
4.47500E+00 -2.35166E-01 9.71955E-01 5.00000E-01
4.50000E+00 -2.10796E-01 9.77530E-01 5.00000E-01
4.52500E+00 -1.86294E-01 9.82494E-01 5.00000E-01
4.55000E+00 -1.61676E-01 9.86844E-01 5.00000E-01
4.57500E+00 -1.36957E-01 9.90577E-01 5.00000E-01
4.60000E+00 -1.12153E-01 9.93691E-01 5.00000E-01
4.62500E+00 -8.72778E-02 9.96184E-01 5.00000E-01
4.65000E+00 -6.23485E-02 9.98054E-01 5.00000E-01
4.67500E+00 -3.73803E-02 9.99301E-01 5.00000E-01
4.70000E+00 -1.23887E-02 9.99923E-01 5.00000E-01
4.72500E+00 1.26107E-02 9.99920E-01 5.00000E-01
4.75000E+00 3.76021E-02 9.99293E-01 5.00000E-01
4.77500E+00 6.25701E-02 9.98041E-01 5.00000E-01
4.80000E+00 8.74990E-02 9.96165E-01 5.00000E-01
4.82500E+00 1.12373E-01 9.93666E-01 5.00000E-01
4.85000E+00 1.37177E-01 9.90547E-01 5.00000E-01
4.87500E+00 1.61895E-01 9.86808E-01 5.00000E-01
4.90000E+00 1.86512E-01 9.82453E-01 5.00000E-01
4.92500E+00 2.11013E-01 9.77483E-01 5.00000E-01
4.95000E+00 2.35381E-01 9.71903E-01 5.00000E-01
4.97500E+00 2.59603E-01 9.65715E-01 5.00000E-01
5.00000E+00 2.83662E-01 9.58924E-01 5.00000E-01
5.02500E+00 3.07544E-01 9.51534E-01 5.00000E-01
5.05000E+00 3.31234E-01 9.43549E-01 5.00000E-01
5.07500E+00 3.54717E-01 9.34974E-01 5.00000E-01
5.10000E+00 3.77978E-01 9.25815E-01 5.00000E-01
5.12500E+00 4.01003E-01 9.16077E-01 5.00000E-01
5.15000E+00 4.23777E-01 9.05767E-01 5.00000E-01
5.17500E+00 4.46286E-01 8.94890E-01 5.00000E-01
5.20000E+00 4.68517E-01 8.83455E-01 5.00000E-01
5.22500E+00 4.90454E-01 8.71467E-01 5.00000E-01
5.25000E+00 5.12085E-01 8.58935E-01 5.00000E-01
5.27500E+00 5.33397E-01 8.45865E-01 5.00000E-01
5.30000E+00 5.54374E-01 8.32267E-01 5.00000E-01
5.32500E+00 5.75006E-01 8.18149E-01 5.00000E-01
5.35000E+00 5.95278E-01 8.03520E-01 5.00000E-01
5.37500E+00 6.15177E-01 7.88389E-01 5.00000E-01
5.40000E+00 6.34693E-01 7.72764E-01 5.00000E-01
5.42500E+00 6.53812E-01 7.56657E-01 5.00000E-01
5.45000E+00 6.72522E-01 7.40077E-01 5.00000E-01
5.47500E+00 6.90812E-01 7.23035E-01 5.00000E-01
5.50000E+00 7.08670E-01 7.05540E-01 5.00000E-01
5.52500E+00 7.26085E-01 6.87605E-01 5.00000E-01
5.55000E+00 7.43046E-01 6.69240E-01 5.00000E-01
5.57500E+00 7.59543E-01 6.50457E-01 5.00000E-01
5.60000E+00 7.75566E-01 6.31267E-01 5.00000E-01
5.62500E+00 7.91104E-01 6.11682E-01 5.00000E-01
5.65000E+00 8.06147E-01 5.91716E-01 5.00000E-01
5.67500E+00 8.20686E-01 5.71379E-01 5.00000E-01
5.70000E+00 8.34713E-01 5.50686E-01 5.00000E-01
5.72500E+00 8.48218E-01 5.29648E-01 5.00000E-01
5.75000E+00 8.61192E-01 5.08279E-01 5.00000E-01
5.77500E+00 8.73629E-01 4.86593E-01 5.00000E-01
5.80000E+00 8.85520E-01 4.64602E-01 5.00000E-01
5.82500E+00 8.96857E-01 4.42321E-01 5.00000E-01
5.85000E+00 9.07633E-01 4.19764E-01 5.00000E-01
5.87500E+00 9.17843E-01 3.96944E-01 5.00000E-01
5.90000E+00 9.27478E-01 3.73877E-01 5.00000E-01
5.92500E+00 9.36535E-01 3.50575E-01 5.00000E-01
5.95000E+00 9.45005E-01 3.27055E-01 5.00000E-01
5.97500E+00 9.52886E-01 3.03330E-01 5.00000E-01
6.00000E+00 9.60170E-01 2.79416E-01 5.00000E-01
6.02500E+00 9.66855E-01 2.55326E-01 5.00000E-01
6.05000E+00 9.72935E-01 2.31078E-01 5.00000E-01
6.07500E+00 9.78408E-01 2.06685E-01 5.00000E-01
6.10000E+00 9.83268E-01 1.82163E-01 5.00000E-01
6.12500E+00 9.87515E-01 1.57526E-01 5.00000E-01
6.15000E+00 9.91144E-01 1.32792E-01 5.00000E-01
6.17500E+00 9.94154E-01 1.07974E-01 5.00000E-01
6.20000E+00 9.96542E-01 8.30894E-02 5.00000E-01
6.22500E+00 9.98308E-01 5.81525E-02 5.00000E-01
6.25000E+00 9.99449E-01 3.31792E-02 5.00000E-01
6.27500E+00 9.99966E-01 8.18524E-03 5.00000E-01
6.30000E+00 9.99859E-01 -1.68139E-02 5.00000E-01
6.32500E+00 9.99126E-01 -4.18025E-02 5.00000E-01
6.35000E+00 9.97769E-01 -6.67650E-02 5.00000E-01
6.37500E+00 9.95788E-01 -9.16857E-02 5.00000E-01
6.40000E+00 9.93185E-01 -1.16549E-01 5.00000E-01
6.42500E+00 9.89961E-01 -1.41340E-01 5.00000E-01
6.45000E+00 9.86119E-01 -1.66042E-01 5.00000E-01
6.47500E+00 9.81660E-01 -1.90641E-01 5.00000E-01
6.50000E+00 9.76588E-01 -2.15120E-01 5.00000E-01
6.52500E+00 9.70905E-01 -2.39465E-01 5.00000E-01
6.55000E+00 9.64616E-01 -2.63660E-01 5.00000E-01
6.57500E+00 9.57723E-01 -2.87691E-01 5.00000E-01
6.60000E+00 9.50233E-01 -3.11541E-01 5.00000E-01
6.62500E+00 9.42148E-01 -3.35197E-01 5.00000E-01
6.65000E+00 9.33474E-01 -3.58644E-01 5.00000E-01
6.67500E+00 9.24218E-01 -3.81866E-01 5.00000E-01
6.70000E+00 9.14383E-01 -4.04850E-01 5.00000E-01
6.72500E+00 9.03977E-01 -4.27581E-01 5.00000E-01
6.75000E+00 8.93006E-01 -4.50044E-01 5.00000E-01
6.77500E+00 8.81477E-01 -4.72226E-01 5.00000E-01
6.80000E+00 8.69398E-01 -4.94113E-01 5.00000E-01
6.82500E+00 8.56774E-01 -5.15692E-01 5.00000E-01
6.85000E+00 8.43616E-01 -5.36948E-01 5.00000E-01
6.87500E+00 8.29930E-01 -5.57868E-01 5.00000E-01
6.90000E+00 8.15725E-01 -5.78440E-01 5.00000E-01
6.92500E+00 8.01011E-01 -5.98650E-01 5.00000E-01
6.95000E+00 7.85796E-01 -6.18486E-01 5.00000E-01
6.97500E+00 7.70090E-01 -6.37936E-01 5.00000E-01
7.00000E+00 7.53902E-01 -6.56987E-01 5.00000E-01
7.02500E+00 7.37244E-01 -6.75627E-01 5.00000E-01
7.05000E+00 7.20124E-01 -6.93845E-01 5.00000E-01
7.07500E+00 7.02555E-01 -7.11629E-01 5.00000E-01
7.10000E+00 6.84547E-01 -7.28969E-01 5.00000E-01
7.12500E+00 6.66110E-01 -7.45853E-01 5.00000E-01
7.15000E+00 6.47258E-01 -7.62271E-01 5.00000E-01
7.17500E+00 6.28001E-01 -7.78213E-01 5.00000E-01
7.20000E+00 6.08351E-01 -7.93668E-01 5.00000E-01
7.22500E+00 5.88322E-01 -8.08627E-01 5.00000E-01
7.25000E+00 5.67924E-01 -8.23081E-01 5.00000E-01
7.27500E+00 5.47172E-01 -8.37020E-01 5.00000E-01
7.30000E+00 5.26078E-01 -8.50437E-01 5.00000E-01
7.32500E+00 5.04654E-01 -8.63321E-01 5.00000E-01
7.35000E+00 4.82916E-01 -8.75667E-01 5.00000E-01
7.37500E+00 4.60876E-01 -8.87465E-01 5.00000E-01
7.40000E+00 4.38547E-01 -8.98708E-01 5.00000E-01
7.42500E+00 4.15945E-01 -9.09390E-01 5.00000E-01
7.45000E+00 3.93083E-01 -9.19503E-01 5.00000E-01
7.47500E+00 3.69975E-01 -9.29042E-01 5.00000E-01
7.50000E+00 3.46635E-01 -9.38000E-01 5.00000E-01
7.52500E+00 3.23079E-01 -9.46372E-01 5.00000E-01
7.55000E+00 2.99322E-01 -9.54152E-01 5.00000E-01
7.57500E+00 2.75377E-01 -9.61336E-01 5.00000E-01
7.60000E+00 2.51260E-01 -9.67920E-01 5.00000E-01
7.62500E+00 2.26986E-01 -9.73898E-01 5.00000E-01
7.65000E+00 2.02570E-01 -9.79268E-01 5.00000E-01
7.67500E+00 1.78028E-01 -9.84025E-01 5.00000E-01
7.70000E+00 1.53374E-01 -9.88168E-01 5.00000E-01
7.72500E+00 1.28624E-01 -9.91693E-01 5.00000E-01
7.75000E+00 1.03794E-01 -9.94599E-01 5.00000E-01
7.77500E+00 7.88996E-02 -9.96883E-01 5.00000E-01
7.80000E+00 5.39554E-02 -9.98543E-01 5.00000E-01
7.82500E+00 2.89776E-02 -9.99580E-01 5.00000E-01
7.85000E+00 3.98165E-03 -9.99992E-01 5.00000E-01
7.87500E+00 -2.10168E-02 -9.99779E-01 5.00000E-01
7.90000E+00 -4.60021E-02 -9.98941E-01 5.00000E-01
7.92500E+00 -7.09587E-02 -9.97479E-01 5.00000E-01
7.95000E+00 -9.58709E-02 -9.95394E-01 5.00000E-01
7.97500E+00 -1.20723E-01 -9.92686E-01 5.00000E-01
8.00000E+00 -1.45500E-01 -9.89358E-01 5.00000E-01
8.02500E+00 -1.70186E-01 -9.85412E-01 5.00000E-01
8.05000E+00 -1.94765E-01 -9.80850E-01 5.00000E-01
8.07500E+00 -2.19223E-01 -9.75675E-01 5.00000E-01
8.10000E+00 -2.43544E-01 -9.69890E-01 5.00000E-01
8.12500E+00 -2.67713E-01 -9.63499E-01 5.00000E-01
8.15000E+00 -2.91714E-01 -9.56506E-01 5.00000E-01
8.17500E+00 -3.15533E-01 -9.48915E-01 5.00000E-01
8.20000E+00 -3.39155E-01 -9.40731E-01 5.00000E-01
8.22500E+00 -3.62565E-01 -9.31959E-01 5.00000E-01
8.25000E+00 -3.85748E-01 -9.22604E-01 5.00000E-01
8.27500E+00 -4.08690E-01 -9.12673E-01 5.00000E-01
8.30000E+00 -4.31377E-01 -9.02172E-01 5.00000E-01
8.32500E+00 -4.53794E-01 -8.91107E-01 5.00000E-01
8.35000E+00 -4.75928E-01 -8.79485E-01 5.00000E-01
8.37500E+00 -4.97764E-01 -8.67313E-01 5.00000E-01
8.40000E+00 -5.19289E-01 -8.54599E-01 5.00000E-01
8.42500E+00 -5.40489E-01 -8.41351E-01 5.00000E-01
8.45000E+00 -5.61352E-01 -8.27577E-01 5.00000E-01
8.47500E+00 -5.81864E-01 -8.13286E-01 5.00000E-01
8.50000E+00 -6.02012E-01 -7.98487E-01 5.00000E-01
8.52500E+00 -6.21784E-01 -7.83189E-01 5.00000E-01
8.55000E+00 -6.41167E-01 -7.67401E-01 5.00000E-01
8.57500E+00 -6.60150E-01 -7.51134E-01 5.00000E-01
8.60000E+00 -6.78720E-01 -7.34397E-01 5.00000E-01
8.62500E+00 -6.96866E-01 -7.17201E-01 5.00000E-01
8.65000E+00 -7.14576E-01 -6.99557E-01 5.00000E-01
8.67500E+00 -7.31840E-01 -6.81476E-01 5.00000E-01
8.70000E+00 -7.48647E-01 -6.62969E-01 5.00000E-01
8.72500E+00 -7.64985E-01 -6.44048E-01 5.00000E-01
8.75000E+00 -7.80846E-01 -6.24724E-01 5.00000E-01
8.77500E+00 -7.96218E-01 -6.05010E-01 5.00000E-01
8.80000E+00 -8.11093E-01 -5.84917E-01 5.00000E-01
8.82500E+00 -8.25461E-01 -5.64459E-01 5.00000E-01
8.85000E+00 -8.39313E-01 -5.43648E-01 5.00000E-01
8.87500E+00 -8.52641E-01 -5.22498E-01 5.00000E-01
8.90000E+00 -8.65435E-01 -5.01021E-01 5.00000E-01
8.92500E+00 -8.77689E-01 -4.79231E-01 5.00000E-01
8.95000E+00 -8.89394E-01 -4.57141E-01 5.00000E-01
8.97500E+00 -9.00544E-01 -4.34766E-01 5.00000E-01
9.00000E+00 -9.11130E-01 -4.12119E-01 5.00000E-01
9.02500E+00 -9.21147E-01 -3.89214E-01 5.00000E-01
9.05000E+00 -9.30589E-01 -3.66066E-01 5.00000E-01
9.07500E+00 -9.39449E-01 -3.42689E-01 5.00000E-01
9.10000E+00 -9.47722E-01 -3.19098E-01 5.00000E-01
9.12500E+00 -9.55402E-01 -2.95308E-01 5.00000E-01
9.15000E+00 -9.62485E-01 -2.71333E-01 5.00000E-01
9.17500E+00 -9.68967E-01 -2.47189E-01 5.00000E-01
9.20000E+00 -9.74844E-01 -2.22890E-01 5.00000E-01
9.22500E+00 -9.80111E-01 -1.98452E-01 5.00000E-01
9.25000E+00 -9.84765E-01 -1.73890E-01 5.00000E-01
9.27500E+00 -9.88804E-01 -1.49219E-01 5.00000E-01
9.30000E+00 -9.92225E-01 -1.24454E-01 5.00000E-01
9.32500E+00 -9.95026E-01 -9.96125E-02 5.00000E-01
9.35000E+00 -9.97205E-01 -7.47083E-02 5.00000E-01
9.37500E+00 -9.98761E-01 -4.97574E-02 5.00000E-01
9.40000E+00 -9.99693E-01 -2.47755E-02 5.00000E-01
9.42500E+00 -1.00000E+00 2.22009E-04 5.00000E-01
9.45000E+00 -9.99682E-01 2.52193E-02 5.00000E-01
9.47500E+00 -9.98739E-01 5.02009E-02 5.00000E-01
9.50000E+00 -9.97172E-01 7.51511E-02 5.00000E-01
9.52500E+00 -9.94982E-01 1.00054E-01 5.00000E-01
9.55000E+00 -9.92170E-01 1.24895E-01 5.00000E-01
9.57500E+00 -9.88738E-01 1.49658E-01 5.00000E-01
9.60000E+00 -9.84688E-01 1.74327E-01 5.00000E-01
9.62500E+00 -9.80022E-01 1.98887E-01 5.00000E-01
9.65000E+00 -9.74745E-01 2.23323E-01 5.00000E-01
9.67500E+00 -9.68857E-01 2.47619E-01 5.00000E-01
9.70000E+00 -9.62365E-01 2.71761E-01 5.00000E-01
9.72500E+00 -9.55271E-01 2.95732E-01 5.00000E-01
9.75000E+00 -9.47580E-01 3.19519E-01 5.00000E-01
9.77500E+00 -9.39297E-01 3.43106E-01 5.00000E-01
9.80000E+00 -9.30426E-01 3.66479E-01 5.00000E-01
9.82500E+00 -9.20975E-01 3.89623E-01 5.00000E-01
9.85000E+00 -9.10947E-01 4.12523E-01 5.00000E-01
9.87500E+00 -9.00351E-01 4.35165E-01 5.00000E-01
9.90000E+00 -8.89191E-01 4.57536E-01 5.00000E-01
9.92500E+00 -8.77476E-01 4.79620E-01 5.00000E-01
9.95000E+00 -8.65213E-01 5.01405E-01 5.00000E-01
9.97500E+00 -8.52408E-01 5.22876E-01 5.00000E-01
1.00000E+01 -8.39072E-01 5.44021E-01 5.00000E-01
1.00250E+01 -8.25210E-01 5.64826E-01 5.00000E-01
1.00500E+01 -8.10833E-01 5.85277E-01 5.00000E-01
1.00750E+01 -7.95949E-01 6.05363E-01 5.00000E-01
1.01000E+01 -7.80568E-01 6.25071E-01 5.00000E-01
1.01250E+01 -7.64699E-01 6.44387E-01 5.00000E-01
1.01500E+01 -7.48352E-01 6.63302E-01 5.00000E-01
1.01750E+01 -7.31538E-01 6.81801E-01 5.00000E-01
1.02000E+01 -7.14266E-01 6.99875E-01 5.00000E-01
1.02250E+01 -6.96547E-01 7.17511E-01 5.00000E-01
1.02500E+01 -6.78394E-01 7.34698E-01 5.00000E-01
1.02750E+01 -6.59816E-01 7.51427E-01 5.00000E-01
1.03000E+01 -6.40826E-01 7.67686E-01 5.00000E-01
1.03250E+01 -6.21436E-01 7.83465E-01 5.00000E-01
1.03500E+01 -6.01657E-01 7.98754E-01 5.00000E-01
1.03750E+01 -5.81502E-01 8.13545E-01 5.00000E-01
1.04000E+01 -5.60984E-01 8.27826E-01 5.00000E-01
1.04250E+01 -5.40115E-01 8.41591E-01 5.00000E-01
1.04500E+01 -5.18909E-01 8.54829E-01 5.00000E-01
1.04750E+01 -4.97378E-01 8.67534E-01 5.00000E-01
1.05000E+01 -4.75537E-01 8.79696E-01 5.00000E-01
1.05250E+01 -4.53398E-01 8.91308E-01 5.00000E-01
1.05500E+01 -4.30976E-01 9.02363E-01 5.00000E-01
1.05750E+01 -4.08285E-01 9.12855E-01 5.00000E-01
1.06000E+01 -3.85338E-01 9.22775E-01 5.00000E-01
1.06250E+01 -3.62151E-01 9.32120E-01 5.00000E-01
1.06500E+01 -3.38737E-01 9.40881E-01 5.00000E-01
1.06750E+01 -3.15112E-01 9.49055E-01 5.00000E-01
1.07000E+01 -2.91289E-01 9.56635E-01 5.00000E-01
1.07250E+01 -2.67285E-01 9.63618E-01 5.00000E-01
1.07500E+01 -2.43113E-01 9.69998E-01 5.00000E-01
1.07750E+01 -2.18790E-01 9.75772E-01 5.00000E-01
1.08000E+01 -1.94330E-01 9.80936E-01 5.00000E-01
1.08250E+01 -1.69748E-01 9.85487E-01 5.00000E-01
1.08500E+01 -1.45061E-01 9.89423E-01 5.00000E-01
1.08750E+01 -1.20282E-01 9.92740E-01 5.00000E-01
1.09000E+01 -9.54289E-02 9.95436E-01 5.00000E-01
1.09250E+01 -7.05158E-02 9.97511E-01 5.00000E-01
1.09500E+01 -4.55585E-02 9.98962E-01 5.00000E-01
1.09750E+01 -2.05729E-02 9.99788E-01 5.00000E-01
1.10000E+01 4.42566E-03 9.99990E-01 5.00000E-01
1.10250E+01 2.94214E-02 9.99567E-01 5.00000E-01
1.10500E+01 5.43988E-02 9.98519E-01 5.00000E-01
1.10750E+01 7.93422E-02 9.96847E-01 5.00000E-01
1.11000E+01 1.04236E-01 9.94553E-01 5.00000E-01
1.11250E+01 1.29065E-01 9.91636E-01 5.00000E-01
1.11500E+01 1.53813E-01 9.88100E-01 5.00000E-01
1.11750E+01 1.78464E-01 9.83946E-01 5.00000E-01
1.12000E+01 2.03005E-01 9.79178E-01 5.00000E-01
1.12250E+01 2.27418E-01 9.73797E-01 5.00000E-01
1.12500E+01 2.51690E-01 9.67808E-01 5.00000E-01
1.12750E+01 2.75804E-01 9.61214E-01 5.00000E-01
1.13000E+01 2.99745E-01 9.54019E-01 5.00000E-01
1.13250E+01 3.23500E-01 9.46228E-01 5.00000E-01
1.13500E+01 3.47052E-01 9.37846E-01 5.00000E-01
1.13750E+01 3.70387E-01 9.28878E-01 5.00000E-01
1.14000E+01 3.93491E-01 9.19329E-01 5.00000E-01
1.14250E+01 4.16349E-01 9.09205E-01 5.00000E-01
1.14500E+01 4.38946E-01 8.98513E-01 5.00000E-01
1.14750E+01 4.61270E-01 8.87260E-01 5.00000E-01
1.15000E+01 4.83305E-01 8.75452E-01 5.00000E-01
1.15250E+01 5.05038E-01 8.63097E-01 5.00000E-01
1.15500E+01 5.26455E-01 8.50203E-01 5.00000E-01
1.15750E+01 5.47543E-01 8.36777E-01 5.00000E-01
1.16000E+01 5.68290E-01 8.22829E-01 5.00000E-01
1.16250E+01 5.88681E-01 8.08366E-01 5.00000E-01
1.16500E+01 6.08704E-01 7.93398E-01 5.00000E-01
1.16750E+01 6.28346E-01 7.77934E-01 5.00000E-01
1.17000E+01 6.47596E-01 7.61984E-01 5.00000E-01
1.17250E+01 6.66442E-01 7.45557E-01 5.00000E-01
1.17500E+01 6.84870E-01 7.28665E-01 5.00000E-01
1.17750E+01 7.02871E-01 7.11317E-01 5.00000E-01
1.18000E+01 7.20432E-01 6.93525E-01 5.00000E-01
1.18250E+01 7.37544E-01 6.75299E-01 5.00000E-01
1.18500E+01 7.54194E-01 6.56652E-01 5.00000E-01
1.18750E+01 7.70373E-01 6.37594E-01 5.00000E-01
1.19000E+01 7.86070E-01 6.18137E-01 5.00000E-01
1.19250E+01 8.01276E-01 5.98294E-01 5.00000E-01
1.19500E+01 8.15982E-01 5.78077E-01 5.00000E-01
1.19750E+01 8.30177E-01 5.57499E-01 5.00000E-01
1.20000E+01 8.43854E-01 5.36573E-01 5.00000E-01
1.20250E+01 8.57003E-01 5.15311E-01 5.00000E-01
1.20500E+01 8.69617E-01 4.93727E-01 5.00000E-01
1.20750E+01 8.81687E-01 4.71835E-01 5.00000E-01
1.21000E+01 8.93206E-01 4.49647E-01 5.00000E-01
1.21250E+01 9.04167E-01 4.27179E-01 5.00000E-01
1.21500E+01 9.14563E-01 4.04444E-01 5.00000E-01
1.21750E+01 9.24387E-01 3.81456E-01 5.00000E-01
1.22000E+01 9.33634E-01 3.58229E-01 5.00000E-01
1.22250E+01 9.42297E-01 3.34779E-01 5.00000E-01
1.22500E+01 9.50371E-01 3.11119E-01 5.00000E-01
1.22750E+01 9.57851E-01 2.87265E-01 5.00000E-01
1.23000E+01 9.64733E-01 2.63232E-01 5.00000E-01
1.23250E+01 9.71011E-01 2.39034E-01 5.00000E-01
1.23500E+01 9.76683E-01 2.14686E-01 5.00000E-01
1.23750E+01 9.81744E-01 1.90205E-01 5.00000E-01
1.24000E+01 9.86192E-01 1.65604E-01 5.00000E-01
1.24250E+01 9.90024E-01 1.40900E-01 5.00000E-01
1.24500E+01 9.93237E-01 1.16108E-01 5.00000E-01
1.24750E+01 9.95829E-01 9.12436E-02 5.00000E-01
1.25000E+01 9.97798E-01 6.63219E-02 5.00000E-01
1.25250E+01 9.99144E-01 4.13589E-02 5.00000E-01
1.25500E+01 9.99866E-01 1.63699E-02 5.00000E-01
1.25750E+01 9.99963E-01 -8.62924E-03 5.00000E-01
1.26000E+01 9.99435E-01 -3.36230E-02 5.00000E-01
1.26250E+01 9.98282E-01 -5.85958E-02 5.00000E-01
1.26500E+01 9.96505E-01 -8.35319E-02 5.00000E-01
1.26750E+01 9.94106E-01 -1.08416E-01 5.00000E-01
1.27000E+01 9.91085E-01 -1.33232E-01 5.00000E-01
1.27250E+01 9.87445E-01 -1.57965E-01 5.00000E-01
1.27500E+01 9.83187E-01 -1.82599E-01 5.00000E-01
1.27750E+01 9.78316E-01 -2.07119E-01 5.00000E-01
1.28000E+01 9.72833E-01 -2.31510E-01 5.00000E-01
1.28250E+01 9.66741E-01 -2.55756E-01 5.00000E-01
1.28500E+01 9.60046E-01 -2.79842E-01 5.00000E-01
1.28750E+01 9.52751E-01 -3.03753E-01 5.00000E-01
1.29000E+01 9.44860E-01 -3.27474E-01 5.00000E-01
1.29250E+01 9.36379E-01 -3.50991E-01 5.00000E-01
1.29500E+01 9.27312E-01 -3.74288E-01 5.00000E-01
1.29750E+01 9.17666E-01 -3.97352E-01 5.00000E-01
1.30000E+01 9.07447E-01 -4.20167E-01 5.00000E-01
1.30250E+01 8.96660E-01 -4.42720E-01 5.00000E-01
1.30500E+01 8.85313E-01 -4.64995E-01 5.00000E-01
1.30750E+01 8.73413E-01 -4.86981E-01 5.00000E-01
1.31000E+01 8.60967E-01 -5.08661E-01 5.00000E-01
1.31250E+01 8.47982E-01 -5.30024E-01 5.00000E-01
1.31500E+01 8.34468E-01 -5.51056E-01 5.00000E-01
1.31750E+01 8.20432E-01 -5.71743E-01 5.00000E-01
1.32000E+01 8.05884E-01 -5.92073E-01 5.00000E-01
1.32250E+01 7.90832E-01 -6.12033E-01 5.00000E-01
1.32500E+01 7.75285E-01 -6.31611E-01 5.00000E-01
1.32750E+01 7.59255E-01 -6.50794E-01 5.00000E-01
1.33000E+01 7.42749E-01 -6.69570E-01 5.00000E-01
1.33250E+01 7.25780E-01 -6.87927E-01 5.00000E-01
1.33500E+01 7.08356E-01 -7.05855E-01 5.00000E-01
1.33750E+01 6.90491E-01 -7.23341E-01 5.00000E-01
1.34000E+01 6.72193E-01 -7.40376E-01 5.00000E-01
1.34250E+01 6.53476E-01 -7.56948E-01 5.00000E-01
1.34500E+01 6.34350E-01 -7.73046E-01 5.00000E-01
1.34750E+01 6.14827E-01 -7.88662E-01 5.00000E-01
1.35000E+01 5.94921E-01 -8.03784E-01 5.00000E-01
1.35250E+01 5.74642E-01 -8.18405E-01 5.00000E-01
1.35500E+01 5.54005E-01 -8.32514E-01 5.00000E-01
1.35750E+01 5.33021E-01 -8.46102E-01 5.00000E-01
1.36000E+01 5.11704E-01 -8.59162E-01 5.00000E-01
1.36250E+01 4.90067E-01 -8.71685E-01 5.00000E-01
1.36500E+01 4.68124E-01 -8.83663E-01 5.00000E-01
1.36750E+01 4.45889E-01 -8.95088E-01 5.00000E-01
1.37000E+01 4.23375E-01 -9.05955E-01 5.00000E-01
1.37250E+01 4.00596E-01 -9.16255E-01 5.00000E-01
1.37500E+01 3.77567E-01 -9.25982E-01 5.00000E-01
1.37750E+01 3.54301E-01 -9.35131E-01 5.00000E-01
1.38000E+01 3.30815E-01 -9.43696E-01 5.00000E-01
1.38250E+01 3.07122E-01 -9.51670E-01 5.00000E-01
1.38500E+01 2.83236E-01 -9.59050E-01 5.00000E-01
1.38750E+01 2.59174E-01 -9.65831E-01 5.00000E-01
1.39000E+01 2.34950E-01 -9.72007E-01 5.00000E-01
1.39250E+01 2.10579E-01 -9.77577E-01 5.00000E-01
1.39500E+01 1.86076E-01 -9.82535E-01 5.00000E-01
1.39750E+01 1.61457E-01 -9.86880E-01 5.00000E-01
1.40000E+01 1.36737E-01 -9.90607E-01 5.00000E-01
1.40250E+01 1.11932E-01 -9.93716E-01 5.00000E-01
1.40500E+01 8.70566E-02 -9.96203E-01 5.00000E-01
1.40750E+01 6.21270E-02 -9.98068E-01 5.00000E-01
1.41000E+01 3.71584E-02 -9.99309E-01 5.00000E-01
1.41250E+01 1.21667E-02 -9.99926E-01 5.00000E-01
1.41500E+01 -1.28327E-02 -9.99918E-01 5.00000E-01
1.41750E+01 -3.78240E-02 -9.99284E-01 5.00000E-01
1.42000E+01 -6.27917E-02 -9.98027E-01 5.00000E-01
1.42250E+01 -8.77201E-02 -9.96145E-01 5.00000E-01
1.42500E+01 -1.12594E-01 -9.93641E-01 5.00000E-01
1.42750E+01 -1.37397E-01 -9.90516E-01 5.00000E-01
1.43000E+01 -1.62114E-01 -9.86772E-01 5.00000E-01
1.43250E+01 -1.86730E-01 -9.82411E-01 5.00000E-01
1.43500E+01 -2.11230E-01 -9.77436E-01 5.00000E-01
1.43750E+01 -2.35597E-01 -9.71851E-01 5.00000E-01
1.44000E+01 -2.59817E-01 -9.65658E-01 5.00000E-01
1.44250E+01 -2.83875E-01 -9.58861E-01 5.00000E-01
1.44500E+01 -3.07755E-01 -9.51466E-01 5.00000E-01
1.44750E+01 -3.31443E-01 -9.43475E-01 5.00000E-01
1.45000E+01 -3.54924E-01 -9.34895E-01 5.00000E-01
1.45250E+01 -3.78183E-01 -9.25731E-01 5.00000E-01
1.45500E+01 -4.01206E-01 -9.15988E-01 5.00000E-01
1.45750E+01 -4.23978E-01 -9.05673E-01 5.00000E-01
1.46000E+01 -4.46485E-01 -8.94791E-01 5.00000E-01
1.46250E+01 -4.68713E-01 -8.83351E-01 5.00000E-01
1.46500E+01 -4.90648E-01 -8.71358E-01 5.00000E-01
1.46750E+01 -5.12276E-01 -8.58821E-01 5.00000E-01
1.47000E+01 -5.33584E-01 -8.45747E-01 5.00000E-01
1.47250E+01 -5.54559E-01 -8.32144E-01 5.00000E-01
1.47500E+01 -5.75187E-01 -8.18022E-01 5.00000E-01
1.47750E+01 -5.95456E-01 -8.03388E-01 5.00000E-01
1.48000E+01 -6.15352E-01 -7.88252E-01 5.00000E-01
1.48250E+01 -6.34864E-01 -7.72624E-01 5.00000E-01
1.48500E+01 -6.53980E-01 -7.56512E-01 5.00000E-01
1.48750E+01 -6.72686E-01 -7.39928E-01 5.00000E-01
1.49000E+01 -6.90972E-01 -7.22881E-01 5.00000E-01
1.49250E+01 -7.08826E-01 -7.05383E-01 5.00000E-01
1.49500E+01 -7.26238E-01 -6.87444E-01 5.00000E-01
1.49750E+01 -7.43195E-01 -6.69075E-01 5.00000E-01
1.50000E+01 -7.59688E-01 -6.50288E-01 5.00000E-01
1.50250E+01 -7.75706E-01 -6.31094E-01 5.00000E-01
1.50500E+01 -7.91239E-01 -6.11507E-01 5.00000E-01
1.50750E+01 -8.06278E-01 -5.91537E-01 5.00000E-01
1.51000E+01 -8.20813E-01 -5.71197E-01 5.00000E-01
1.51250E+01 -8.34835E-01 -5.50500E-01 5.00000E-01
1.51500E+01 -8.48335E-01 -5.29460E-01 5.00000E-01
1.51750E+01 -8.61305E-01 -5.08088E-01 5.00000E-01
1.52000E+01 -8.73737E-01 -4.86399E-01 5.00000E-01
1.52250E+01 -8.85623E-01 -4.64406E-01 5.00000E-01
1.52500E+01 -8.96955E-01 -4.42122E-01 5.00000E-01
1.52750E+01 -9.07726E-01 -4.19563E-01 5.00000E-01
1.53000E+01 -9.17931E-01 -3.96741E-01 5.00000E-01
1.53250E+01 -9.27561E-01 -3.73671E-01 5.00000E-01
1.53500E+01 -9.36612E-01 -3.50367E-01 5.00000E-01
1.53750E+01 -9.45078E-01 -3.26845E-01 5.00000E-01
1.54000E+01 -9.52953E-01 -3.03118E-01 5.00000E-01
1.54250E+01 -9.60232E-01 -2.79202E-01 5.00000E-01
1.54500E+01 -9.66912E-01 -2.55112E-01 5.00000E-01
1.54750E+01 -9.72987E-01 -2.30862E-01 5.00000E-01
1.55000E+01 -9.78453E-01 -2.06468E-01 5.00000E-01
1.55250E+01 -9.83309E-01 -1.81944E-01 5.00000E-01
1.55500E+01 -9.87550E-01 -1.57307E-01 5.00000E-01
1.55750E+01 -9.91173E-01 -1.32572E-01 5.00000E-01
1.56000E+01 -9.94178E-01 -1.07754E-01 5.00000E-01
1.56250E+01 -9.96561E-01 -8.28682E-02 5.00000E-01
1.56500E+01 -9.98321E-01 -5.79309E-02 5.00000E-01
1.56750E+01 -9.99457E-01 -3.29573E-02 5.00000E-01
1.57000E+01 -9.99968E-01 -7.96323E-03 5.00000E-01
1.57250E+01 -9.99855E-01 1.70359E-02 5.00000E-01
1.57500E+01 -9.99117E-01 4.20243E-02 5.00000E-01
1.57750E+01 -9.97754E-01 6.69865E-02 5.00000E-01
1.58000E+01 -9.95768E-01 9.19068E-02 5.00000E-01
1.58250E+01 -9.93159E-01 1.16770E-01 5.00000E-01
1.58500E+01 -9.89930E-01 1.41560E-01 5.00000E-01
1.58750E+01 -9.86082E-01 1.66261E-01 5.00000E-01
1.59000E+01 -9.81618E-01 1.90859E-01 5.00000E-01
1.59250E+01 -9.76540E-01 2.15337E-01 5.00000E-01
1.59500E+01 -9.70852E-01 2.39680E-01 5.00000E-01
1.59750E+01 -9.64557E-01 2.63874E-01 5.00000E-01
1.60000E+01 -9.57659E-01 2.87903E-01 5.00000E-01
1.60250E+01 -9.50163E-01 3.11752E-01 5.00000E-01
1.60500E+01 -9.42074E-01 3.35406E-01 5.00000E-01
1.60750E+01 -9.33395E-01 3.58851E-01 5.00000E-01
1.61000E+01 -9.24133E-01 3.82071E-01 5.00000E-01
1.61250E+01 -9.14293E-01 4.05053E-01 5.00000E-01
1.61500E+01 -9.03882E-01 4.27781E-01 5.00000E-01
1.61750E+01 -8.92906E-01 4.50242E-01 5.00000E-01
1.62000E+01 -8.81373E-01 4.72422E-01 5.00000E-01
1.62250E+01 -8.69288E-01 4.94306E-01 5.00000E-01
1.62500E+01 -8.56660E-01 5.15882E-01 5.00000E-01
1.62750E+01 -8.43496E-01 5.37135E-01 5.00000E-01
1.63000E+01 -8.29806E-01 5.58052E-01 5.00000E-01
1.63250E+01 -8.15597E-01 5.78621E-01 5.00000E-01
1.63500E+01 -8.00878E-01 5.98828E-01 5.00000E-01
1.63750E+01 -7.85658E-01 6.18661E-01 5.00000E-01
1.64000E+01 -7.69948E-01 6.38107E-01 5.00000E-01
1.64250E+01 -7.53756E-01 6.57154E-01 5.00000E-01
1.64500E+01 -7.37094E-01 6.75791E-01 5.00000E-01
1.64750E+01 -7.19970E-01 6.94005E-01 5.00000E-01
1.65000E+01 -7.02397E-01 7.11785E-01 5.00000E-01
1.65250E+01 -6.84385E-01 7.29121E-01 5.00000E-01
1.65500E+01 -6.65945E-01 7.46001E-01 5.00000E-01
1.65750E+01 -6.47089E-01 7.62415E-01 5.00000E-01
1.66000E+01 -6.27828E-01 7.78352E-01 5.00000E-01
1.66250E+01 -6.08175E-01 7.93803E-01 5.00000E-01
1.66500E+01 -5.88142E-01 8.08758E-01 5.00000E-01
1.66750E+01 -5.67741E-01 8.23207E-01 5.00000E-01
1.67000E+01 -5.46986E-01 8.37142E-01 5.00000E-01
1.67250E+01 -5.25889E-01 8.50553E-01 5.00000E-01
1.67500E+01 -5.04463E-01 8.63433E-01 5.00000E-01
1.67750E+01 -4.82722E-01 8.75774E-01 5.00000E-01
1.68000E+01 -4.60679E-01 8.87567E-01 5.00000E-01
1.68250E+01 -4.38348E-01 8.98805E-01 5.00000E-01
1.68500E+01 -4.15743E-01 9.09482E-01 5.00000E-01
1.68750E+01 -3.92878E-01 9.19590E-01 5.00000E-01
1.69000E+01 -3.69768E-01 9.29124E-01 5.00000E-01
1.69250E+01 -3.46427E-01 9.38077E-01 5.00000E-01
1.69500E+01 -3.22869E-01 9.46444E-01 5.00000E-01
1.69750E+01 -2.99110E-01 9.54219E-01 5.00000E-01
1.70000E+01 -2.75163E-01 9.61397E-01 5.00000E-01
1.70250E+01 -2.51045E-01 9.67975E-01 5.00000E-01
1.70500E+01 -2.26770E-01 9.73948E-01 5.00000E-01
1.70750E+01 -2.02353E-01 9.79313E-01 5.00000E-01
1.71000E+01 -1.77809E-01 9.84065E-01 5.00000E-01
1.71250E+01 -1.53155E-01 9.88202E-01 5.00000E-01
1.71500E+01 -1.28404E-01 9.91722E-01 5.00000E-01
1.71750E+01 -1.03574E-01 9.94622E-01 5.00000E-01
1.72000E+01 -7.86783E-02 9.96900E-01 5.00000E-01
1.72250E+01 -5.37338E-02 9.98555E-01 5.00000E-01
1.72500E+01 -2.87557E-02 9.99586E-01 5.00000E-01
1.72750E+01 -3.75964E-03 9.99993E-01 5.00000E-01
1.73000E+01 2.12388E-02 9.99774E-01 5.00000E-01
1.73250E+01 4.62239E-02 9.98931E-01 5.00000E-01
1.73500E+01 7.11801E-02 9.97463E-01 5.00000E-01
1.73750E+01 9.60919E-02 9.95372E-01 5.00000E-01
1.74000E+01 1.20944E-01 9.92659E-01 5.00000E-01
1.74250E+01 1.45720E-01 9.89326E-01 5.00000E-01
1.74500E+01 1.70405E-01 9.85374E-01 5.00000E-01
1.74750E+01 1.94983E-01 9.80807E-01 5.00000E-01
1.75000E+01 2.19440E-01 9.75626E-01 5.00000E-01
1.75250E+01 2.43759E-01 9.69836E-01 5.00000E-01
1.75500E+01 2.67927E-01 9.63439E-01 5.00000E-01
1.75750E+01 2.91926E-01 9.56441E-01 5.00000E-01
1.76000E+01 3.15744E-01 9.48845E-01 5.00000E-01
1.76250E+01 3.39364E-01 9.40655E-01 5.00000E-01
1.76500E+01 3.62772E-01 9.31878E-01 5.00000E-01
1.76750E+01 3.85953E-01 9.22519E-01 5.00000E-01
1.77000E+01 4.08893E-01 9.12582E-01 5.00000E-01
1.77250E+01 4.31577E-01 9.02076E-01 5.00000E-01
1.77500E+01 4.53992E-01 8.91006E-01 5.00000E-01
1.77750E+01 4.76123E-01 8.79379E-01 5.00000E-01
1.78000E+01 4.97956E-01 8.67202E-01 5.00000E-01
1.78250E+01 5.19478E-01 8.54484E-01 5.00000E-01
1.78500E+01 5.40676E-01 8.41231E-01 5.00000E-01
1.78750E+01 5.61536E-01 8.27453E-01 5.00000E-01
1.79000E+01 5.82044E-01 8.13157E-01 5.00000E-01
1.79250E+01 6.02189E-01 7.98353E-01 5.00000E-01
1.79500E+01 6.21958E-01 7.83051E-01 5.00000E-01
1.79750E+01 6.41338E-01 7.67259E-01 5.00000E-01
1.80000E+01 6.60317E-01 7.50987E-01 5.00000E-01
1.80250E+01 6.78883E-01 7.34246E-01 5.00000E-01
1.80500E+01 6.97025E-01 7.17047E-01 5.00000E-01
1.80750E+01 7.14732E-01 6.99399E-01 5.00000E-01
1.81000E+01 7.31991E-01 6.81314E-01 5.00000E-01
1.81250E+01 7.48794E-01 6.62803E-01 5.00000E-01
1.81500E+01 7.65128E-01 6.43878E-01 5.00000E-01
1.81750E+01 7.80984E-01 6.24551E-01 5.00000E-01
1.82000E+01 7.96352E-01 6.04833E-01 5.00000E-01
1.82250E+01 8.11223E-01 5.84737E-01 5.00000E-01
1.82500E+01 8.25586E-01 5.64276E-01 5.00000E-01
1.82750E+01 8.39434E-01 5.43462E-01 5.00000E-01
1.83000E+01 8.52757E-01 5.22309E-01 5.00000E-01
1.83250E+01 8.65546E-01 5.00829E-01 5.00000E-01
1.83500E+01 8.77795E-01 4.79036E-01 5.00000E-01
1.83750E+01 8.89496E-01 4.56944E-01 5.00000E-01
1.84000E+01 9.00640E-01 4.34566E-01 5.00000E-01
1.84250E+01 9.11222E-01 4.11916E-01 5.00000E-01
1.84500E+01 9.21234E-01 3.89009E-01 5.00000E-01
1.84750E+01 9.30670E-01 3.65859E-01 5.00000E-01
1.85000E+01 9.39525E-01 3.42481E-01 5.00000E-01
1.85250E+01 9.47792E-01 3.18888E-01 5.00000E-01
1.85500E+01 9.55468E-01 2.95096E-01 5.00000E-01
1.85750E+01 9.62546E-01 2.71120E-01 5.00000E-01
1.86000E+01 9.69022E-01 2.46974E-01 5.00000E-01
1.86250E+01 9.74893E-01 2.22674E-01 5.00000E-01
1.86500E+01 9.80155E-01 1.98234E-01 5.00000E-01
1.86750E+01 9.84804E-01 1.73671E-01 5.00000E-01
1.87000E+01 9.88837E-01 1.48999E-01 5.00000E-01
1.87250E+01 9.92253E-01 1.24234E-01 5.00000E-01
1.87500E+01 9.95048E-01 9.93916E-02 5.00000E-01
1.87750E+01 9.97222E-01 7.44869E-02 5.00000E-01
1.88000E+01 9.98772E-01 4.95357E-02 5.00000E-01
1.88250E+01 9.99699E-01 2.45535E-02 5.00000E-01
1.88500E+01 1.00000E+00 -4.44017E-04 5.00000E-01
1.88750E+01 9.99676E-01 -2.54413E-02 5.00000E-01
1.89000E+01 9.98728E-01 -5.04226E-02 5.00000E-01
1.89250E+01 9.97155E-01 -7.53725E-02 5.00000E-01
1.89500E+01 9.94960E-01 -1.00275E-01 5.00000E-01
1.89750E+01 9.92142E-01 -1.25115E-01 5.00000E-01
1.90000E+01 9.88705E-01 -1.49877E-01 5.00000E-01
1.90250E+01 9.84649E-01 -1.74545E-01 5.00000E-01
1.90500E+01 9.79978E-01 -1.99104E-01 5.00000E-01
1.90750E+01 9.74695E-01 -2.23539E-01 5.00000E-01
1.91000E+01 9.68802E-01 -2.47834E-01 5.00000E-01
1.91250E+01 9.62305E-01 -2.71974E-01 5.00000E-01
1.91500E+01 9.55205E-01 -2.95944E-01 5.00000E-01
1.91750E+01 9.47509E-01 -3.19730E-01 5.00000E-01
1.92000E+01 9.39220E-01 -3.43315E-01 5.00000E-01
1.92250E+01 9.30345E-01 -3.66686E-01 5.00000E-01
1.92500E+01 9.20888E-01 -3.89827E-01 5.00000E-01
1.92750E+01 9.10856E-01 -4.12725E-01 5.00000E-01
1.93000E+01 9.00254E-01 -4.35365E-01 5.00000E-01
1.93250E+01 8.89090E-01 -4.57733E-01 5.00000E-01
1.93500E+01 8.77370E-01 -4.79815E-01 5.00000E-01
1.93750E+01 8.65101E-01 -5.01597E-01 5.00000E-01
1.94000E+01 8.52292E-01 -5.23066E-01 5.00000E-01
1.94250E+01 8.38951E-01 -5.44207E-01 5.00000E-01
1.94500E+01 8.25085E-01 -5.65009E-01 5.00000E-01
1.94750E+01 8.10703E-01 -5.85457E-01 5.00000E-01
1.95000E+01 7.95815E-01 -6.05540E-01 5.00000E-01
1.95250E+01 7.80429E-01 -6.25244E-01 5.00000E-01
1.95500E+01 7.64556E-01 -6.44557E-01 5.00000E-01
1.95750E+01 7.48205E-01 -6.63468E-01 5.00000E-01
1.96000E+01 7.31386E-01 -6.81964E-01 5.00000E-01
1.96250E+01 7.14110E-01 -7.00033E-01 5.00000E-01
1.96500E+01 6.96388E-01 -7.17665E-01 5.00000E-01
1.96750E+01 6.78231E-01 -7.34849E-01 5.00000E-01
1.97000E+01 6.59650E-01 -7.51573E-01 5.00000E-01
1.97250E+01 6.40656E-01 -7.67828E-01 5.00000E-01
1.97500E+01 6.21262E-01 -7.83603E-01 5.00000E-01
1.97750E+01 6.01480E-01 -7.98888E-01 5.00000E-01
1.98000E+01 5.81322E-01 -8.13674E-01 5.00000E-01
1.98250E+01 5.60800E-01 -8.27951E-01 5.00000E-01
1.98500E+01 5.39929E-01 -8.41711E-01 5.00000E-01
1.98750E+01 5.18719E-01 -8.54945E-01 5.00000E-01
1.99000E+01 4.97186E-01 -8.67644E-01 5.00000E-01
1.99250E+01 4.75342E-01 -8.79801E-01 5.00000E-01
1.99500E+01 4.53200E-01 -8.91409E-01 5.00000E-01
1.99750E+01 4.30776E-01 -9.02459E-01 5.00000E-01
2.00000E+01 4.08082E-01 -9.12945E-01 5.00000E-01
2.00250E+01 3.85133E-01 -9.22861E-01 5.00000E-01
2.00500E+01 3.61944E-01 -9.32200E-01 5.00000E-01
2.00750E+01 3.38528E-01 -9.40956E-01 5.00000E-01
2.01000E+01 3.14901E-01 -9.49125E-01 5.00000E-01
2.01250E+01 2.91077E-01 -9.56700E-01 5.00000E-01
2.01500E+01 2.67071E-01 -9.63677E-01 5.00000E-01
2.01750E+01 2.42898E-01 -9.70052E-01 5.00000E-01
2.02000E+01 2.18573E-01 -9.75821E-01 5.00000E-01
2.02250E+01 1.94112E-01 -9.80979E-01 5.00000E-01
2.02500E+01 1.69530E-01 -9.85525E-01 5.00000E-01
2.02750E+01 1.44841E-01 -9.89455E-01 5.00000E-01
2.03000E+01 1.20062E-01 -9.92766E-01 5.00000E-01
2.03250E+01 9.52079E-02 -9.95457E-01 5.00000E-01
2.03500E+01 7.02943E-02 -9.97526E-01 5.00000E-01
2.03750E+01 4.53368E-02 -9.98972E-01 5.00000E-01
2.04000E+01 2.03509E-02 -9.99793E-01 5.00000E-01
2.04250E+01 -4.64767E-03 -9.99989E-01 5.00000E-01
2.04500E+01 -2.96433E-02 -9.99561E-01 5.00000E-01
2.04750E+01 -5.46205E-02 -9.98507E-01 5.00000E-01
2.05000E+01 -7.95635E-02 -9.96830E-01 5.00000E-01
2.05250E+01 -1.04457E-01 -9.94529E-01 5.00000E-01
2.05500E+01 -1.29285E-01 -9.91608E-01 5.00000E-01
2.05750E+01 -1.54032E-01 -9.88066E-01 5.00000E-01
2.06000E+01 -1.78683E-01 -9.83907E-01 5.00000E-01
2.06250E+01 -2.03222E-01 -9.79133E-01 5.00000E-01
2.06500E+01 -2.27634E-01 -9.73747E-01 5.00000E-01
2.06750E+01 -2.51904E-01 -9.67752E-01 5.00000E-01
2.07000E+01 -2.76017E-01 -9.61153E-01 5.00000E-01
2.07250E+01 -2.99957E-01 -9.53953E-01 5.00000E-01
2.07500E+01 -3.23710E-01 -9.46156E-01 5.00000E-01
2.07750E+01 -3.47260E-01 -9.37769E-01 5.00000E-01
2.08000E+01 -3.70593E-01 -9.28795E-01 5.00000E-01
2.08250E+01 -3.93695E-01 -9.19241E-01 5.00000E-01
2.08500E+01 -4.16551E-01 -9.09113E-01 5.00000E-01
2.08750E+01 -4.39146E-01 -8.98416E-01 5.00000E-01
2.09000E+01 -4.61467E-01 -8.87158E-01 5.00000E-01
2.09250E+01 -4.83499E-01 -8.75345E-01 5.00000E-01
2.09500E+01 -5.05229E-01 -8.62985E-01 5.00000E-01
2.09750E+01 -5.26644E-01 -8.50086E-01 5.00000E-01
2.10000E+01 -5.47729E-01 -8.36656E-01 5.00000E-01
2.10250E+01 -5.68472E-01 -8.22702E-01 5.00000E-01
2.10500E+01 -5.88860E-01 -8.08235E-01 5.00000E-01
2.10750E+01 -6.08880E-01 -7.93262E-01 5.00000E-01
2.11000E+01 -6.28519E-01 -7.77794E-01 5.00000E-01
2.11250E+01 -6.47765E-01 -7.61840E-01 5.00000E-01
2.11500E+01 -6.66607E-01 -7.45409E-01 5.00000E-01
2.11750E+01 -6.85032E-01 -7.28513E-01 5.00000E-01
2.12000E+01 -7.03029E-01 -7.11161E-01 5.00000E-01
2.12250E+01 -7.20586E-01 -6.93365E-01 5.00000E-01
2.12500E+01 -7.37694E-01 -6.75136E-01 5.00000E-01
2.12750E+01 -7.54340E-01 -6.56484E-01 5.00000E-01
2.13000E+01 -7.70514E-01 -6.37423E-01 5.00000E-01
2.13250E+01 -7.86207E-01 -6.17963E-01 5.00000E-01
2.13500E+01 -8.01409E-01 -5.98116E-01 5.00000E-01
2.13750E+01 -8.16110E-01 -5.77896E-01 5.00000E-01
2.14000E+01 -8.30301E-01 -5.57315E-01 5.00000E-01
2.14250E+01 -8.43973E-01 -5.36386E-01 5.00000E-01
2.14500E+01 -8.57118E-01 -5.15121E-01 5.00000E-01
2.14750E+01 -8.69726E-01 -4.93534E-01 5.00000E-01
2.15000E+01 -8.81792E-01 -4.71639E-01 5.00000E-01
2.15250E+01 -8.93306E-01 -4.49449E-01 5.00000E-01
2.15500E+01 -9.04262E-01 -4.26978E-01 5.00000E-01
2.15750E+01 -9.14653E-01 -4.04241E-01 5.00000E-01
2.16000E+01 -9.24472E-01 -3.81251E-01 5.00000E-01
2.16250E+01 -9.33713E-01 -3.58022E-01 5.00000E-01
2.16500E+01 -9.42371E-01 -3.34570E-01 5.00000E-01
2.16750E+01 -9.50440E-01 -3.10908E-01 5.00000E-01
2.17000E+01 -9.57915E-01 -2.87053E-01 5.00000E-01
2.17250E+01 -9.64791E-01 -2.63018E-01 5.00000E-01
2.17500E+01 -9.71064E-01 -2.38818E-01 5.00000E-01
2.17750E+01 -9.76731E-01 -2.14469E-01 5.00000E-01
2.18000E+01 -9.81787E-01 -1.89987E-01 5.00000E-01
2.18250E+01 -9.86229E-01 -1.65385E-01 5.00000E-01
2.18500E+01 -9.90055E-01 -1.40680E-01 5.00000E-01
2.18750E+01 -9.93262E-01 -1.15888E-01 5.00000E-01
2.19000E+01 -9.95849E-01 -9.10225E-02 5.00000E-01
2.19250E+01 -9.97813E-01 -6.61004E-02 5.00000E-01
2.19500E+01 -9.99154E-01 -4.11370E-02 5.00000E-01
2.19750E+01 -9.99870E-01 -1.61479E-02 5.00000E-01
2.20000E+01 -9.99961E-01 8.85124E-03 5.00000E-01
2.20250E+01 -9.99427E-01 3.38449E-02 5.00000E-01
2.20500E+01 -9.98269E-01 5.88174E-02 5.00000E-01
2.20750E+01 -9.96487E-01 8.37531E-02 5.00000E-01
2.21000E+01 -9.94082E-01 1.08637E-01 5.00000E-01
2.21250E+01 -9.91055E-01 1.33452E-01 5.00000E-01
2.21500E+01 -9.87410E-01 1.58184E-01 5.00000E-01
2.21750E+01 -9.83147E-01 1.82817E-01 5.00000E-01
2.22000E+01 -9.78270E-01 2.07336E-01 5.00000E-01
2.22250E+01 -9.72781E-01 2.31726E-01 5.00000E-01
2.22500E+01 -9.66685E-01 2.55970E-01 5.00000E-01
2.22750E+01 -9.59984E-01 2.80055E-01 5.00000E-01
2.23000E+01 -9.52683E-01 3.03965E-01 5.00000E-01
2.23250E+01 -9.44787E-01 3.27684E-01 5.00000E-01
2.23500E+01 -9.36301E-01 3.51199E-01 5.00000E-01
2.23750E+01 -9.27229E-01 3.74494E-01 5.00000E-01
2.24000E+01 -9.17578E-01 3.97556E-01 5.00000E-01
2.24250E+01 -9.07353E-01 4.20368E-01 5.00000E-01
2.24500E+01 -8.96562E-01 4.42919E-01 5.00000E-01
2.24750E+01 -8.85210E-01 4.65192E-01 5.00000E-01
2.25000E+01 -8.73305E-01 4.87174E-01 5.00000E-01
2.25250E+01 -8.60854E-01 5.08853E-01 5.00000E-01
2.25500E+01 -8.47865E-01 5.30213E-01 5.00000E-01
2.25750E+01 -8.34346E-01 5.51241E-01 5.00000E-01
2.26000E+01 -8.20305E-01 5.71926E-01 5.00000E-01
2.26250E+01 -8.05753E-01 5.92252E-01 5.00000E-01
2.26500E+01 -7.90696E-01 6.12209E-01 5.00000E-01
2.26750E+01 -7.75145E-01 6.31783E-01 5.00000E-01
2.27000E+01 -7.59110E-01 6.50962E-01 5.00000E-01
2.27250E+01 -7.42601E-01 6.69735E-01 5.00000E-01
2.27500E+01 -7.25627E-01 6.88088E-01 5.00000E-01
2.27750E+01 -7.08200E-01 7.06012E-01 5.00000E-01
2.28000E+01 -6.90330E-01 7.23495E-01 5.00000E-01
2.28250E+01 -6.72029E-01 7.40525E-01 5.00000E-01
2.28500E+01 -6.53308E-01 7.57093E-01 5.00000E-01
2.28750E+01 -6.34178E-01 7.73187E-01 5.00000E-01
2.29000E+01 -6.14652E-01 7.88798E-01 5.00000E-01
2.29250E+01 -5.94742E-01 8.03916E-01 5.00000E-01
2.29500E+01 -5.74461E-01 8.18532E-01 5.00000E-01
2.29750E+01 -5.53820E-01 8.32636E-01 5.00000E-01
2.30000E+01 -5.32833E-01 8.46220E-01 5.00000E-01
2.30250E+01 -5.11513E-01 8.59275E-01 5.00000E-01
2.30500E+01 -4.89874E-01 8.71793E-01 5.00000E-01
2.30750E+01 -4.67928E-01 8.83767E-01 5.00000E-01
2.31000E+01 -4.45690E-01 8.95187E-01 5.00000E-01
2.31250E+01 -4.23173E-01 9.06049E-01 5.00000E-01
2.31500E+01 -4.00392E-01 9.16344E-01 5.00000E-01
2.31750E+01 -3.77361E-01 9.26066E-01 5.00000E-01
2.32000E+01 -3.54094E-01 9.35210E-01 5.00000E-01
2.32250E+01 -3.30605E-01 9.43769E-01 5.00000E-01
2.32500E+01 -3.06910E-01 9.51738E-01 5.00000E-01
2.32750E+01 -2.83023E-01 9.59113E-01 5.00000E-01
2.33000E+01 -2.58960E-01 9.65888E-01 5.00000E-01
2.33250E+01 -2.34734E-01 9.72060E-01 5.00000E-01
2.33500E+01 -2.10362E-01 9.77624E-01 5.00000E-01
2.33750E+01 -1.85858E-01 9.82577E-01 5.00000E-01
2.34000E+01 -1.61238E-01 9.86916E-01 5.00000E-01
2.34250E+01 -1.36517E-01 9.90638E-01 5.00000E-01
2.34500E+01 -1.11711E-01 9.93741E-01 5.00000E-01
2.34750E+01 -8.68355E-02 9.96223E-01 5.00000E-01
2.35000E+01 -6.19054E-02 9.98082E-01 5.00000E-01
2.35250E+01 -3.69366E-02 9.99318E-01 5.00000E-01
2.35500E+01 -1.19447E-02 9.99929E-01 5.00000E-01
2.35750E+01 1.30547E-02 9.99915E-01 5.00000E-01
2.36000E+01 3.80458E-02 9.99276E-01 5.00000E-01
2.36250E+01 6.30132E-02 9.98013E-01 5.00000E-01
2.36500E+01 8.79413E-02 9.96126E-01 5.00000E-01
2.36750E+01 1.12814E-01 9.93616E-01 5.00000E-01
2.37000E+01 1.37617E-01 9.90486E-01 5.00000E-01
2.37250E+01 1.62333E-01 9.86736E-01 5.00000E-01
2.37500E+01 1.86949E-01 9.82370E-01 5.00000E-01
2.37750E+01 2.11447E-01 9.77390E-01 5.00000E-01
2.38000E+01 2.35813E-01 9.71798E-01 5.00000E-01
2.38250E+01 2.60032E-01 9.65600E-01 5.00000E-01
2.38500E+01 2.84088E-01 9.58798E-01 5.00000E-01
2.38750E+01 3.07967E-01 9.51397E-01 5.00000E-01
2.39000E+01 3.31653E-01 9.43402E-01 5.00000E-01
2.39250E+01 3.55132E-01 9.34816E-01 5.00000E-01
2.39500E+01 3.78389E-01 9.25647E-01 5.00000E-01
2.39750E+01 4.01409E-01 9.15899E-01 5.00000E-01
2.40000E+01 4.24179E-01 9.05578E-01 5.00000E-01
2.40250E+01 4.46683E-01 8.94692E-01 5.00000E-01
2.40500E+01 4.68909E-01 8.83247E-01 5.00000E-01
2.40750E+01 4.90841E-01 8.71249E-01 5.00000E-01
2.41000E+01 5.12467E-01 8.58707E-01 5.00000E-01
2.41250E+01 5.33772E-01 8.45628E-01 5.00000E-01
2.41500E+01 5.54744E-01 8.32021E-01 5.00000E-01
2.41750E+01 5.75369E-01 8.17894E-01 5.00000E-01
2.42000E+01 5.95634E-01 8.03256E-01 5.00000E-01
2.42250E+01 6.15527E-01 7.88115E-01 5.00000E-01
2.42500E+01 6.35036E-01 7.72483E-01 5.00000E-01
2.42750E+01 6.54148E-01 7.56367E-01 5.00000E-01
2.43000E+01 6.72850E-01 7.39779E-01 5.00000E-01
2.43250E+01 6.91133E-01 7.22728E-01 5.00000E-01
2.43500E+01 7.08983E-01 7.05226E-01 5.00000E-01
2.43750E+01 7.26390E-01 6.87283E-01 5.00000E-01
2.44000E+01 7.43344E-01 6.68910E-01 5.00000E-01
2.44250E+01 7.59832E-01 6.50119E-01 5.00000E-01
2.44500E+01 7.75846E-01 6.30922E-01 5.00000E-01
2.44750E+01 7.91375E-01 6.11331E-01 5.00000E-01
2.45000E+01 8.06409E-01 5.91358E-01 5.00000E-01
2.45250E+01 8.20940E-01 5.71015E-01 5.00000E-01
2.45500E+01 8.34957E-01 5.50315E-01 5.00000E-01
2.45750E+01 8.48453E-01 5.29271E-01 5.00000E-01
2.46000E+01 8.61418E-01 5.07897E-01 5.00000E-01
2.46250E+01 8.73845E-01 4.86205E-01 5.00000E-01
2.46500E+01 8.85726E-01 4.64209E-01 5.00000E-01
2.46750E+01 8.97053E-01 4.41923E-01 5.00000E-01
2.47000E+01 9.07820E-01 4.19361E-01 5.00000E-01
2.47250E+01 9.18019E-01 3.96537E-01 5.00000E-01
2.47500E+01 9.27644E-01 3.73465E-01 5.00000E-01
2.47750E+01 9.36690E-01 3.50159E-01 5.00000E-01
2.48000E+01 9.45150E-01 3.26635E-01 5.00000E-01
2.48250E+01 9.53020E-01 3.02907E-01 5.00000E-01
2.48500E+01 9.60294E-01 2.78989E-01 5.00000E-01
2.48750E+01 9.66968E-01 2.54897E-01 5.00000E-01
2.49000E+01 9.73038E-01 2.30646E-01 5.00000E-01
2.49250E+01 9.78499E-01 2.06250E-01 5.00000E-01
2.49500E+01 9.83349E-01 1.81726E-01 5.00000E-01
2.49750E+01 9.87585E-01 1.57088E-01 5.00000E-01
2.50000E+01 9.91203E-01 1.32352E-01 5.00000E-01
