2.50000E-02 1.00000E+00 -2.50000E-02 5.00313E-01
5.00000E-02 9.99375E-01 -5.00000E-02 5.00625E-01
7.50000E-02 9.98125E-01 -7.49844E-02 5.00938E-01
1.00000E-01 9.96250E-01 -9.99375E-02 5.01251E-01
1.25000E-01 9.93752E-01 -1.24844E-01 5.01564E-01
1.50000E-01 9.90631E-01 -1.49688E-01 5.01878E-01
1.75000E-01 9.86889E-01 -1.74453E-01 5.02192E-01
2.00000E-01 9.82527E-01 -1.99126E-01 5.02505E-01
2.25000E-01 9.77549E-01 -2.23689E-01 5.02820E-01
2.50000E-01 9.71957E-01 -2.48127E-01 5.03134E-01
2.75000E-01 9.65754E-01 -2.72426E-01 5.03448E-01
3.00000E-01 9.58943E-01 -2.96570E-01 5.03763E-01
3.25000E-01 9.51529E-01 -3.20544E-01 5.04078E-01
3.50000E-01 9.43515E-01 -3.44332E-01 5.04393E-01
3.75000E-01 9.34907E-01 -3.67920E-01 5.04708E-01
4.00000E-01 9.25709E-01 -3.91293E-01 5.05024E-01
4.25000E-01 9.15927E-01 -4.14435E-01 5.05339E-01
4.50000E-01 9.05566E-01 -4.37333E-01 5.05655E-01
4.75000E-01 8.94632E-01 -4.59973E-01 5.05971E-01
5.00000E-01 8.83133E-01 -4.82338E-01 5.06287E-01
5.25000E-01 8.71075E-01 -5.04417E-01 5.06604E-01
5.50000E-01 8.58464E-01 -5.26194E-01 5.06920E-01
5.75000E-01 8.45309E-01 -5.47655E-01 5.07237E-01
6.00000E-01 8.31618E-01 -5.68788E-01 5.07554E-01
6.25000E-01 8.17398E-01 -5.89578E-01 5.07871E-01
6.50000E-01 8.02659E-01 -6.10013E-01 5.08189E-01
6.75000E-01 7.87409E-01 -6.30080E-01 5.08506E-01
7.00000E-01 7.71657E-01 -6.49765E-01 5.08824E-01
7.25000E-01 7.55412E-01 -6.69056E-01 5.09142E-01
7.50000E-01 7.38686E-01 -6.87942E-01 5.09460E-01
7.75000E-01 7.21487E-01 -7.06409E-01 5.09779E-01
8.00000E-01 7.03827E-01 -7.24446E-01 5.10097E-01
8.25000E-01 6.85716E-01 -7.42042E-01 5.10416E-01
8.50000E-01 6.67165E-01 -7.59185E-01 5.10735E-01
8.75000E-01 6.48185E-01 -7.75864E-01 5.11055E-01
9.00000E-01 6.28789E-01 -7.92068E-01 5.11374E-01
9.25000E-01 6.08987E-01 -8.07788E-01 5.11694E-01
9.50000E-01 5.88792E-01 -8.23013E-01 5.12013E-01
9.75000E-01 5.68217E-01 -8.37733E-01 5.12333E-01
1.00000E+00 5.47274E-01 -8.51938E-01 5.12654E-01
1.02500E+00 5.25975E-01 -8.65620E-01 5.12974E-01
1.05000E+00 5.04335E-01 -8.78769E-01 5.13295E-01
1.07500E+00 4.82366E-01 -8.91378E-01 5.13615E-01
1.10000E+00 4.60081E-01 -9.03437E-01 5.13936E-01
1.12500E+00 4.37495E-01 -9.14939E-01 5.14258E-01
1.15000E+00 4.14622E-01 -9.25876E-01 5.14579E-01
1.17500E+00 3.91475E-01 -9.36242E-01 5.14901E-01
1.20000E+00 3.68069E-01 -9.46029E-01 5.15222E-01
1.22500E+00 3.44418E-01 -9.55230E-01 5.15544E-01
1.25000E+00 3.20537E-01 -9.63841E-01 5.15867E-01
1.27500E+00 2.96441E-01 -9.71854E-01 5.16189E-01
1.30000E+00 2.72145E-01 -9.79265E-01 5.16512E-01
1.32500E+00 2.47663E-01 -9.86069E-01 5.16835E-01
1.35000E+00 2.23012E-01 -9.92261E-01 5.17158E-01
1.37500E+00 1.98205E-01 -9.97836E-01 5.17481E-01
1.40000E+00 1.73259E-01 -1.00279E+00 5.17804E-01
1.42500E+00 1.48189E-01 -1.00712E+00 5.18128E-01
1.45000E+00 1.23011E-01 -1.01083E+00 5.18452E-01
1.47500E+00 9.77407E-02 -1.01390E+00 5.18776E-01
1.50000E+00 7.23931E-02 -1.01635E+00 5.19100E-01
1.52500E+00 4.69845E-02 -1.01816E+00 5.19424E-01
1.55000E+00 2.15306E-02 -1.01933E+00 5.19749E-01
1.57500E+00 -3.95270E-03 -1.01987E+00 5.20074E-01
1.60000E+00 -2.94494E-02 -1.01977E+00 5.20399E-01
1.62500E+00 -5.49437E-02 -1.01903E+00 5.20724E-01
1.65000E+00 -8.04195E-02 -1.01766E+00 5.21050E-01
1.67500E+00 -1.05861E-01 -1.01565E+00 5.21375E-01
1.70000E+00 -1.31252E-01 -1.01300E+00 5.21701E-01
1.72500E+00 -1.56577E-01 -1.00972E+00 5.22027E-01
1.75000E+00 -1.81820E-01 -1.00581E+00 5.22353E-01
1.77500E+00 -2.06966E-01 -1.00126E+00 5.22680E-01
1.80000E+00 -2.31997E-01 -9.96088E-01 5.23007E-01
1.82500E+00 -2.56899E-01 -9.90288E-01 5.23333E-01
1.85000E+00 -2.81656E-01 -9.83865E-01 5.23661E-01
1.87500E+00 -3.06253E-01 -9.76824E-01 5.23988E-01
1.90000E+00 -3.30674E-01 -9.69167E-01 5.24315E-01
1.92500E+00 -3.54903E-01 -9.60901E-01 5.24643E-01
1.95000E+00 -3.78925E-01 -9.52028E-01 5.24971E-01
1.97500E+00 -4.02726E-01 -9.42555E-01 5.25299E-01
2.00000E+00 -4.26290E-01 -9.32487E-01 5.25627E-01
2.02500E+00 -4.49602E-01 -9.21830E-01 5.25956E-01
2.05000E+00 -4.72648E-01 -9.10589E-01 5.26285E-01
2.07500E+00 -4.95413E-01 -8.98773E-01 5.26614E-01
2.10000E+00 -5.17882E-01 -8.86388E-01 5.26943E-01
2.12500E+00 -5.40042E-01 -8.73441E-01 5.27272E-01
2.15000E+00 -5.61878E-01 -8.59940E-01 5.27602E-01
2.17500E+00 -5.83376E-01 -8.45893E-01 5.27931E-01
2.20000E+00 -6.04523E-01 -8.31309E-01 5.28261E-01
2.22500E+00 -6.25306E-01 -8.16195E-01 5.28591E-01
2.25000E+00 -6.45711E-01 -8.00563E-01 5.28922E-01
2.27500E+00 -6.65725E-01 -7.84420E-01 5.29252E-01
2.30000E+00 -6.85336E-01 -7.67777E-01 5.29583E-01
2.32500E+00 -7.04530E-01 -7.50643E-01 5.29914E-01
2.35000E+00 -7.23296E-01 -7.33030E-01 5.30245E-01
2.37500E+00 -7.41622E-01 -7.14948E-01 5.30577E-01
2.40000E+00 -7.59496E-01 -6.96407E-01 5.30908E-01
2.42500E+00 -7.76906E-01 -6.77420E-01 5.31240E-01
2.45000E+00 -7.93841E-01 -6.57997E-01 5.31572E-01
2.47500E+00 -8.10291E-01 -6.38151E-01 5.31904E-01
2.50000E+00 -8.26245E-01 -6.17894E-01 5.32237E-01
2.52500E+00 -8.41692E-01 -5.97238E-01 5.32569E-01
2.55000E+00 -8.56623E-01 -5.76195E-01 5.32902E-01
2.57500E+00 -8.71028E-01 -5.54780E-01 5.33235E-01
2.60000E+00 -8.84898E-01 -5.33004E-01 5.33569E-01
2.62500E+00 -8.98223E-01 -5.10882E-01 5.33902E-01
2.65000E+00 -9.10995E-01 -4.88426E-01 5.34236E-01
2.67500E+00 -9.23205E-01 -4.65651E-01 5.34570E-01
2.70000E+00 -9.34847E-01 -4.42571E-01 5.34904E-01
2.72500E+00 -9.45911E-01 -4.19200E-01 5.35238E-01
2.75000E+00 -9.56391E-01 -3.95552E-01 5.35573E-01
2.77500E+00 -9.66280E-01 -3.71642E-01 5.35907E-01
2.80000E+00 -9.75571E-01 -3.47485E-01 5.36242E-01
2.82500E+00 -9.84258E-01 -3.23096E-01 5.36578E-01
2.85000E+00 -9.92335E-01 -2.98490E-01 5.36913E-01
2.87500E+00 -9.99798E-01 -2.73681E-01 5.37248E-01
2.90000E+00 -1.00664E+00 -2.48686E-01 5.37584E-01
2.92500E+00 -1.01286E+00 -2.23520E-01 5.37920E-01
2.95000E+00 -1.01844E+00 -1.98199E-01 5.38256E-01
2.97500E+00 -1.02340E+00 -1.72738E-01 5.38593E-01
3.00000E+00 -1.02772E+00 -1.47153E-01 5.38929E-01
3.02500E+00 -1.03140E+00 -1.21460E-01 5.39266E-01
3.05000E+00 -1.03443E+00 -9.56750E-02 5.39603E-01
3.07500E+00 -1.03683E+00 -6.98142E-02 5.39941E-01
3.10000E+00 -1.03857E+00 -4.38935E-02 5.40278E-01
3.12500E+00 -1.03967E+00 -1.79292E-02 5.40616E-01
3.15000E+00 -1.04012E+00 8.06246E-03 5.40954E-01
3.17500E+00 -1.03991E+00 3.40654E-02 5.41292E-01
3.20000E+00 -1.03906E+00 6.00632E-02 5.41630E-01
3.22500E+00 -1.03756E+00 8.60398E-02 5.41969E-01
3.25000E+00 -1.03541E+00 1.11979E-01 5.42307E-01
3.27500E+00 -1.03261E+00 1.37864E-01 5.42646E-01
3.30000E+00 -1.02916E+00 1.63679E-01 5.42985E-01
3.32500E+00 -1.02507E+00 1.89409E-01 5.43325E-01
3.35000E+00 -1.02034E+00 2.15035E-01 5.43664E-01
3.37500E+00 -1.01496E+00 2.40544E-01 5.44004E-01
3.40000E+00 -1.00895E+00 2.65918E-01 5.44344E-01
3.42500E+00 -1.00230E+00 2.91142E-01 5.44684E-01
3.45000E+00 -9.95021E-01 3.16199E-01 5.45025E-01
3.47500E+00 -9.87116E-01 3.41075E-01 5.45365E-01
3.50000E+00 -9.78590E-01 3.65752E-01 5.45706E-01
3.52500E+00 -9.69446E-01 3.90217E-01 5.46047E-01
3.55000E+00 -9.59690E-01 4.14453E-01 5.46389E-01
3.57500E+00 -9.49329E-01 4.38446E-01 5.46730E-01
3.60000E+00 -9.38368E-01 4.62179E-01 5.47072E-01
3.62500E+00 -9.26813E-01 4.85638E-01 5.47414E-01
3.65000E+00 -9.14672E-01 5.08808E-01 5.47756E-01
3.67500E+00 -9.01952E-01 5.31675E-01 5.48098E-01
3.70000E+00 -8.88660E-01 5.54224E-01 5.48441E-01
3.72500E+00 -8.74805E-01 5.76440E-01 5.48783E-01
3.75000E+00 -8.60394E-01 5.98311E-01 5.49126E-01
3.77500E+00 -8.45436E-01 6.19820E-01 5.49470E-01
3.80000E+00 -8.29940E-01 6.40956E-01 5.49813E-01
3.82500E+00 -8.13917E-01 6.61705E-01 5.50157E-01
3.85000E+00 -7.97374E-01 6.82053E-01 5.50501E-01
3.87500E+00 -7.80323E-01 7.01987E-01 5.50845E-01
3.90000E+00 -7.62773E-01 7.21495E-01 5.51189E-01
3.92500E+00 -7.44736E-01 7.40565E-01 5.51533E-01
3.95000E+00 -7.26221E-01 7.59183E-01 5.51878E-01
3.97500E+00 -7.07242E-01 7.77338E-01 5.52223E-01
4.00000E+00 -6.87808E-01 7.95019E-01 5.52568E-01
4.02500E+00 -6.67933E-01 8.12215E-01 5.52914E-01
4.05000E+00 -6.47628E-01 8.28913E-01 5.53259E-01
4.07500E+00 -6.26905E-01 8.45104E-01 5.53605E-01
4.10000E+00 -6.05777E-01 8.60776E-01 5.53951E-01
4.12500E+00 -5.84258E-01 8.75921E-01 5.54297E-01
4.15000E+00 -5.62360E-01 8.90527E-01 5.54644E-01
4.17500E+00 -5.40097E-01 9.04586E-01 5.54990E-01
4.20000E+00 -5.17482E-01 9.18089E-01 5.55337E-01
4.22500E+00 -4.94530E-01 9.31026E-01 5.55684E-01
4.25000E+00 -4.71254E-01 9.43389E-01 5.56031E-01
4.27500E+00 -4.47669E-01 9.55170E-01 5.56379E-01
4.30000E+00 -4.23790E-01 9.66362E-01 5.56727E-01
4.32500E+00 -3.99631E-01 9.76957E-01 5.57075E-01
4.35000E+00 -3.75207E-01 9.86947E-01 5.57423E-01
4.37500E+00 -3.50533E-01 9.96328E-01 5.57771E-01
4.40000E+00 -3.25625E-01 1.00509E+00 5.58120E-01
4.42500E+00 -3.00498E-01 1.01323E+00 5.58469E-01
4.45000E+00 -2.75167E-01 1.02074E+00 5.58818E-01
4.47500E+00 -2.49649E-01 1.02762E+00 5.59167E-01
4.50000E+00 -2.23958E-01 1.03386E+00 5.59516E-01
4.52500E+00 -1.98111E-01 1.03946E+00 5.59866E-01
4.55000E+00 -1.72125E-01 1.04442E+00 5.60216E-01
4.57500E+00 -1.46014E-01 1.04872E+00 5.60566E-01
4.60000E+00 -1.19796E-01 1.05237E+00 5.60917E-01
4.62500E+00 -9.34871E-02 1.05536E+00 5.61267E-01
4.65000E+00 -6.71030E-02 1.05770E+00 5.61618E-01
4.67500E+00 -4.06605E-02 1.05938E+00 5.61969E-01
4.70000E+00 -1.41760E-02 1.06040E+00 5.62320E-01
4.72500E+00 1.23339E-02 1.06075E+00 5.62672E-01
4.75000E+00 3.88527E-02 1.06044E+00 5.63023E-01
4.77500E+00 6.53637E-02 1.05947E+00 5.63375E-01
4.80000E+00 9.18505E-02 1.05784E+00 5.63727E-01
4.82500E+00 1.18296E-01 1.05554E+00 5.64080E-01
4.85000E+00 1.44685E-01 1.05258E+00 5.64432E-01
4.87500E+00 1.70999E-01 1.04897E+00 5.64785E-01
4.90000E+00 1.97224E-01 1.04469E+00 5.65138E-01
4.92500E+00 2.23341E-01 1.03976E+00 5.65491E-01
4.95000E+00 2.49335E-01 1.03418E+00 5.65845E-01
4.97500E+00 2.75189E-01 1.02794E+00 5.66198E-01
5.00000E+00 3.00888E-01 1.02106E+00 5.66552E-01
5.02500E+00 3.26414E-01 1.01354E+00 5.66906E-01
5.05000E+00 3.51753E-01 1.00538E+00 5.67261E-01
5.07500E+00 3.76888E-01 9.96587E-01 5.67615E-01
5.10000E+00 4.01802E-01 9.87165E-01 5.67970E-01
5.12500E+00 4.26481E-01 9.77120E-01 5.68325E-01
5.15000E+00 4.50909E-01 9.66458E-01 5.68680E-01
5.17500E+00 4.75071E-01 9.55185E-01 5.69035E-01
5.20000E+00 4.98950E-01 9.43308E-01 5.69391E-01
5.22500E+00 5.22533E-01 9.30835E-01 5.69747E-01
5.25000E+00 5.45804E-01 9.17771E-01 5.70103E-01
5.27500E+00 5.68748E-01 9.04126E-01 5.70459E-01
5.30000E+00 5.91351E-01 8.89907E-01 5.70816E-01
5.32500E+00 6.13599E-01 8.75124E-01 5.71173E-01
5.35000E+00 6.35477E-01 8.59784E-01 5.71530E-01
5.37500E+00 6.56972E-01 8.43897E-01 5.71887E-01
5.40000E+00 6.78069E-01 8.27472E-01 5.72244E-01
5.42500E+00 6.98756E-01 8.10521E-01 5.72602E-01
5.45000E+00 7.19019E-01 7.93052E-01 5.72960E-01
5.47500E+00 7.38845E-01 7.75076E-01 5.73318E-01
5.50000E+00 7.58222E-01 7.56605E-01 5.73676E-01
5.52500E+00 7.77137E-01 7.37650E-01 5.74035E-01
5.55000E+00 7.95579E-01 7.18221E-01 5.74394E-01
5.57500E+00 8.13534E-01 6.98332E-01 5.74753E-01
5.60000E+00 8.30992E-01 6.77993E-01 5.75112E-01
5.62500E+00 8.47942E-01 6.57219E-01 5.75471E-01
5.65000E+00 8.64373E-01 6.36020E-01 5.75831E-01
5.67500E+00 8.80273E-01 6.14411E-01 5.76191E-01
5.70000E+00 8.95634E-01 5.92404E-01 5.76551E-01
5.72500E+00 9.10444E-01 5.70013E-01 5.76911E-01
5.75000E+00 9.24694E-01 5.47252E-01 5.77272E-01
5.77500E+00 9.38375E-01 5.24135E-01 5.77633E-01
5.80000E+00 9.51479E-01 5.00675E-01 5.77994E-01
5.82500E+00 9.63995E-01 4.76888E-01 5.78355E-01
5.85000E+00 9.75918E-01 4.52788E-01 5.78716E-01
5.87500E+00 9.87237E-01 4.28390E-01 5.79078E-01
5.90000E+00 9.97947E-01 4.03710E-01 5.79440E-01
5.92500E+00 1.00804E+00 3.78761E-01 5.79802E-01
5.95000E+00 1.01751E+00 3.53560E-01 5.80164E-01
5.97500E+00 1.02635E+00 3.28122E-01 5.80527E-01
6.00000E+00 1.03455E+00 3.02463E-01 5.80890E-01
6.02500E+00 1.04211E+00 2.76600E-01 5.81253E-01
6.05000E+00 1.04903E+00 2.50547E-01 5.81616E-01
6.07500E+00 1.05529E+00 2.24321E-01 5.81980E-01
6.10000E+00 1.06090E+00 1.97939E-01 5.82343E-01
6.12500E+00 1.06585E+00 1.71416E-01 5.82707E-01
6.15000E+00 1.07013E+00 1.44770E-01 5.83072E-01
6.17500E+00 1.07375E+00 1.18017E-01 5.83436E-01
6.20000E+00 1.07670E+00 9.11731E-02 5.83801E-01
6.22500E+00 1.07898E+00 6.42555E-02 5.84166E-01
6.25000E+00 1.08059E+00 3.72809E-02 5.84531E-01
6.27500E+00 1.08152E+00 1.02662E-02 5.84896E-01
6.30000E+00 1.08178E+00 -1.67718E-02 5.85262E-01
6.32500E+00 1.08136E+00 -4.38162E-02 5.85627E-01
6.35000E+00 1.08026E+00 -7.08502E-02 5.85993E-01
6.37500E+00 1.07849E+00 -9.78567E-02 5.86360E-01
6.40000E+00 1.07604E+00 -1.24819E-01 5.86726E-01
6.42500E+00 1.07292E+00 -1.51720E-01 5.87093E-01
6.45000E+00 1.06913E+00 -1.78543E-01 5.87460E-01
6.47500E+00 1.06467E+00 -2.05272E-01 5.87827E-01
6.50000E+00 1.05954E+00 -2.31888E-01 5.88194E-01
6.52500E+00 1.05374E+00 -2.58377E-01 5.88562E-01
6.55000E+00 1.04728E+00 -2.84720E-01 5.88930E-01
6.57500E+00 1.04016E+00 -3.10902E-01 5.89298E-01
6.60000E+00 1.03239E+00 -3.36906E-01 5.89666E-01
6.62500E+00 1.02397E+00 -3.62716E-01 5.90035E-01
6.65000E+00 1.01490E+00 -3.88315E-01 5.90403E-01
6.67500E+00 1.00519E+00 -4.13687E-01 5.90772E-01
6.70000E+00 9.94848E-01 -4.38817E-01 5.91142E-01
6.72500E+00 9.83878E-01 -4.63688E-01 5.91511E-01
6.75000E+00 9.72286E-01 -4.88285E-01 5.91881E-01
6.77500E+00 9.60078E-01 -5.12592E-01 5.92251E-01
6.80000E+00 9.47264E-01 -5.36594E-01 5.92621E-01
6.82500E+00 9.33849E-01 -5.60276E-01 5.92991E-01
6.85000E+00 9.19842E-01 -5.83622E-01 5.93362E-01
6.87500E+00 9.05251E-01 -6.06618E-01 5.93733E-01
6.90000E+00 8.90086E-01 -6.29250E-01 5.94104E-01
6.92500E+00 8.74355E-01 -6.51502E-01 5.94475E-01
6.95000E+00 8.58067E-01 -6.73361E-01 5.94847E-01
6.97500E+00 8.41233E-01 -6.94812E-01 5.95219E-01
7.00000E+00 8.23863E-01 -7.15843E-01 5.95591E-01
7.02500E+00 8.05967E-01 -7.36440E-01 5.95963E-01
7.05000E+00 7.87556E-01 -7.56589E-01 5.96335E-01
7.07500E+00 7.68641E-01 -7.76278E-01 5.96708E-01
7.10000E+00 7.49234E-01 -7.95494E-01 5.97081E-01
7.12500E+00 7.29347E-01 -8.14225E-01 5.97454E-01
7.15000E+00 7.08991E-01 -8.32458E-01 5.97828E-01
7.17500E+00 6.88180E-01 -8.50183E-01 5.98201E-01
7.20000E+00 6.66925E-01 -8.67388E-01 5.98575E-01
7.22500E+00 6.45240E-01 -8.84061E-01 5.98949E-01
7.25000E+00 6.23139E-01 -9.00192E-01 5.99323E-01
7.27500E+00 6.00634E-01 -9.15770E-01 5.99698E-01
7.30000E+00 5.77740E-01 -9.30786E-01 6.00073E-01
7.32500E+00 5.54470E-01 -9.45229E-01 6.00448E-01
7.35000E+00 5.30839E-01 -9.59091E-01 6.00823E-01
7.37500E+00 5.06862E-01 -9.72362E-01 6.01199E-01
7.40000E+00 4.82553E-01 -9.85034E-01 6.01574E-01
7.42500E+00 4.57927E-01 -9.97098E-01 6.01950E-01
7.45000E+00 4.33000E-01 -1.00855E+00 6.02327E-01
7.47500E+00 4.07786E-01 -1.01937E+00 6.02703E-01
7.50000E+00 3.82302E-01 -1.02957E+00 6.03080E-01
7.52500E+00 3.56563E-01 -1.03912E+00 6.03457E-01
7.55000E+00 3.30585E-01 -1.04804E+00 6.03834E-01
7.57500E+00 3.04384E-01 -1.05630E+00 6.04211E-01
7.60000E+00 2.77976E-01 -1.06391E+00 6.04589E-01
7.62500E+00 2.51378E-01 -1.07086E+00 6.04967E-01
7.65000E+00 2.24607E-01 -1.07715E+00 6.05345E-01
7.67500E+00 1.97678E-01 -1.08276E+00 6.05723E-01
7.70000E+00 1.70609E-01 -1.08770E+00 6.06102E-01
7.72500E+00 1.43417E-01 -1.09197E+00 6.06481E-01
7.75000E+00 1.16117E-01 -1.09555E+00 6.06860E-01
7.77500E+00 8.87287E-02 -1.09846E+00 6.07239E-01
7.80000E+00 6.12673E-02 -1.10067E+00 6.07618E-01
7.82500E+00 3.37504E-02 -1.10221E+00 6.07998E-01
7.85000E+00 6.19527E-03 -1.10305E+00 6.08378E-01
7.87500E+00 -2.13810E-02 -1.10320E+00 6.08758E-01
7.90000E+00 -4.89611E-02 -1.10267E+00 6.09139E-01
7.92500E+00 -7.65278E-02 -1.10145E+00 6.09520E-01
7.95000E+00 -1.04064E-01 -1.09953E+00 6.09901E-01
7.97500E+00 -1.31552E-01 -1.09693E+00 6.10282E-01
8.00000E+00 -1.58976E-01 -1.09364E+00 6.10663E-01
8.02500E+00 -1.86317E-01 -1.08967E+00 6.11045E-01
8.05000E+00 -2.13558E-01 -1.08501E+00 6.11427E-01
8.07500E+00 -2.40684E-01 -1.07967E+00 6.11809E-01
8.10000E+00 -2.67675E-01 -1.07365E+00 6.12191E-01
8.12500E+00 -2.94517E-01 -1.06696E+00 6.12574E-01
8.15000E+00 -3.21191E-01 -1.05960E+00 6.12957E-01
8.17500E+00 -3.47681E-01 -1.05157E+00 6.13340E-01
8.20000E+00 -3.73970E-01 -1.04288E+00 6.13723E-01
8.22500E+00 -4.00042E-01 -1.03353E+00 6.14107E-01
8.25000E+00 -4.25880E-01 -1.02353E+00 6.14491E-01
8.27500E+00 -4.51468E-01 -1.01288E+00 6.14875E-01
8.30000E+00 -4.76790E-01 -1.00159E+00 6.15259E-01
8.32500E+00 -5.01830E-01 -9.89673E-01 6.15644E-01
8.35000E+00 -5.26572E-01 -9.77128E-01 6.16028E-01
8.37500E+00 -5.51000E-01 -9.63963E-01 6.16413E-01
8.40000E+00 -5.75099E-01 -9.50188E-01 6.16799E-01
8.42500E+00 -5.98854E-01 -9.35811E-01 6.17184E-01
8.45000E+00 -6.22249E-01 -9.20840E-01 6.17570E-01
8.47500E+00 -6.45270E-01 -9.05283E-01 6.17956E-01
8.50000E+00 -6.67902E-01 -8.89152E-01 6.18342E-01
8.52500E+00 -6.90131E-01 -8.72454E-01 6.18728E-01
8.55000E+00 -7.11942E-01 -8.55201E-01 6.19115E-01
8.57500E+00 -7.33322E-01 -8.37402E-01 6.19502E-01
8.60000E+00 -7.54257E-01 -8.19069E-01 6.19889E-01
8.62500E+00 -7.74734E-01 -8.00213E-01 6.20277E-01
8.65000E+00 -7.94740E-01 -7.80844E-01 6.20664E-01
8.67500E+00 -8.14261E-01 -7.60976E-01 6.21052E-01
8.70000E+00 -8.33285E-01 -7.40619E-01 6.21440E-01
8.72500E+00 -8.51800E-01 -7.19787E-01 6.21829E-01
8.75000E+00 -8.69795E-01 -6.98492E-01 6.22218E-01
8.77500E+00 -8.87257E-01 -6.76747E-01 6.22606E-01
8.80000E+00 -9.04176E-01 -6.54566E-01 6.22996E-01
8.82500E+00 -9.20540E-01 -6.31962E-01 6.23385E-01
8.85000E+00 -9.36339E-01 -6.08948E-01 6.23775E-01
8.87500E+00 -9.51563E-01 -5.85540E-01 6.24164E-01
8.90000E+00 -9.66202E-01 -5.61750E-01 6.24555E-01
8.92500E+00 -9.80245E-01 -5.37595E-01 6.24945E-01
8.95000E+00 -9.93685E-01 -5.13089E-01 6.25335E-01
8.97500E+00 -1.00651E+00 -4.88247E-01 6.25726E-01
9.00000E+00 -1.01872E+00 -4.63084E-01 6.26117E-01
9.02500E+00 -1.03030E+00 -4.37616E-01 6.26509E-01
9.05000E+00 -1.04124E+00 -4.11859E-01 6.26900E-01
9.07500E+00 -1.05153E+00 -3.85828E-01 6.27292E-01
9.10000E+00 -1.06118E+00 -3.59540E-01 6.27684E-01
9.12500E+00 -1.07017E+00 -3.33010E-01 6.28076E-01
9.15000E+00 -1.07849E+00 -3.06256E-01 6.28469E-01
9.17500E+00 -1.08615E+00 -2.79294E-01 6.28862E-01
9.20000E+00 -1.09313E+00 -2.52140E-01 6.29255E-01
9.22500E+00 -1.09943E+00 -2.24812E-01 6.29648E-01
9.25000E+00 -1.10505E+00 -1.97326E-01 6.30042E-01
9.27500E+00 -1.10999E+00 -1.69700E-01 6.30435E-01
9.30000E+00 -1.11423E+00 -1.41950E-01 6.30829E-01
9.32500E+00 -1.11778E+00 -1.14094E-01 6.31224E-01
9.35000E+00 -1.12063E+00 -8.61497E-02 6.31618E-01
9.37500E+00 -1.12279E+00 -5.81339E-02 6.32013E-01
9.40000E+00 -1.12424E+00 -3.00643E-02 6.32408E-01
9.42500E+00 -1.12499E+00 -1.95835E-03 6.32803E-01
9.45000E+00 -1.12504E+00 2.61664E-02 6.33199E-01
9.47500E+00 -1.12438E+00 5.42924E-02 6.33594E-01
9.50000E+00 -1.12303E+00 8.24020E-02 6.33990E-01
9.52500E+00 -1.12097E+00 1.10478E-01 6.34387E-01
9.55000E+00 -1.11821E+00 1.38502E-01 6.34783E-01
9.57500E+00 -1.11474E+00 1.66457E-01 6.35180E-01
9.60000E+00 -1.11058E+00 1.94326E-01 6.35577E-01
9.62500E+00 -1.10572E+00 2.22090E-01 6.35974E-01
9.65000E+00 -1.10017E+00 2.49733E-01 6.36372E-01
9.67500E+00 -1.09393E+00 2.77237E-01 6.36769E-01
9.70000E+00 -1.08700E+00 3.04586E-01 6.37167E-01
9.72500E+00 -1.07938E+00 3.31761E-01 6.37566E-01
9.75000E+00 -1.07109E+00 3.58745E-01 6.37964E-01
9.77500E+00 -1.06212E+00 3.85522E-01 6.38363E-01
9.80000E+00 -1.05248E+00 4.12075E-01 6.38762E-01
9.82500E+00 -1.04218E+00 4.38387E-01 6.39161E-01
9.85000E+00 -1.03122E+00 4.64442E-01 6.39560E-01
9.87500E+00 -1.01961E+00 4.90222E-01 6.39960E-01
9.90000E+00 -1.00735E+00 5.15713E-01 6.40360E-01
9.92500E+00 -9.94461E-01 5.40896E-01 6.40760E-01
9.95000E+00 -9.80938E-01 5.65758E-01 6.41161E-01
9.97500E+00 -9.66794E-01 5.90281E-01 6.41562E-01
1.00000E+01 -9.52037E-01 6.14451E-01 6.41963E-01
1.00250E+01 -9.36676E-01 6.38252E-01 6.42364E-01
1.00500E+01 -9.20720E-01 6.61669E-01 6.42765E-01
1.00750E+01 -9.04178E-01 6.84687E-01 6.43167E-01
1.01000E+01 -8.87061E-01 7.07292E-01 6.43569E-01
1.01250E+01 -8.69378E-01 7.29468E-01 6.43971E-01
1.01500E+01 -8.51142E-01 7.51203E-01 6.44374E-01
1.01750E+01 -8.32362E-01 7.72481E-01 6.44776E-01
1.02000E+01 -8.13050E-01 7.93290E-01 6.45179E-01
1.02250E+01 -7.93217E-01 8.13616E-01 6.45583E-01
1.02500E+01 -7.72877E-01 8.33447E-01 6.45986E-01
1.02750E+01 -7.52041E-01 8.52769E-01 6.46390E-01
1.03000E+01 -7.30722E-01 8.71570E-01 6.46794E-01
1.03250E+01 -7.08932E-01 8.89838E-01 6.47198E-01
1.03500E+01 -6.86686E-01 9.07561E-01 6.47603E-01
1.03750E+01 -6.63997E-01 9.24728E-01 6.48007E-01
1.04000E+01 -6.40879E-01 9.41328E-01 6.48412E-01
1.04250E+01 -6.17346E-01 9.57350E-01 6.48818E-01
1.04500E+01 -5.93412E-01 9.72784E-01 6.49223E-01
1.04750E+01 -5.69093E-01 9.87619E-01 6.49629E-01
1.05000E+01 -5.44402E-01 1.00185E+00 6.50035E-01
1.05250E+01 -5.19356E-01 1.01546E+00 6.50441E-01
1.05500E+01 -4.93970E-01 1.02844E+00 6.50848E-01
1.05750E+01 -4.68259E-01 1.04079E+00 6.51255E-01
1.06000E+01 -4.42239E-01 1.05250E+00 6.51662E-01
1.06250E+01 -4.15926E-01 1.06355E+00 6.52069E-01
1.06500E+01 -3.89338E-01 1.07395E+00 6.52476E-01
1.06750E+01 -3.62489E-01 1.08368E+00 6.52884E-01
1.07000E+01 -3.35397E-01 1.09275E+00 6.53292E-01
1.07250E+01 -3.08078E-01 1.10113E+00 6.53701E-01
1.07500E+01 -2.80550E-01 1.10883E+00 6.54109E-01
1.07750E+01 -2.52829E-01 1.11585E+00 6.54518E-01
1.08000E+01 -2.24933E-01 1.12217E+00 6.54927E-01
1.08250E+01 -1.96879E-01 1.12779E+00 6.55336E-01
1.08500E+01 -1.68684E-01 1.13271E+00 6.55746E-01
1.08750E+01 -1.40366E-01 1.13693E+00 6.56156E-01
1.09000E+01 -1.11943E-01 1.14044E+00 6.56566E-01
1.09250E+01 -8.34319E-02 1.14324E+00 6.56976E-01
1.09500E+01 -5.48510E-02 1.14532E+00 6.57387E-01
1.09750E+01 -2.62179E-02 1.14669E+00 6.57798E-01
1.10000E+01 2.44949E-03 1.14735E+00 6.58209E-01
1.10250E+01 3.11332E-02 1.14729E+00 6.58620E-01
1.10500E+01 5.98154E-02 1.14651E+00 6.59032E-01
1.10750E+01 8.84782E-02 1.14501E+00 6.59444E-01
1.11000E+01 1.17104E-01 1.14280E+00 6.59856E-01
1.11250E+01 1.45674E-01 1.13988E+00 6.60268E-01
1.11500E+01 1.74171E-01 1.13623E+00 6.60681E-01
1.11750E+01 2.02576E-01 1.13188E+00 6.61094E-01
1.12000E+01 2.30873E-01 1.12681E+00 6.61507E-01
1.12250E+01 2.59044E-01 1.12104E+00 6.61920E-01
1.12500E+01 2.87070E-01 1.11457E+00 6.62334E-01
1.12750E+01 3.14934E-01 1.10739E+00 6.62748E-01
1.13000E+01 3.42619E-01 1.09952E+00 6.63162E-01
1.13250E+01 3.70107E-01 1.09095E+00 6.63577E-01
1.13500E+01 3.97380E-01 1.08170E+00 6.63992E-01
1.13750E+01 4.24423E-01 1.07176E+00 6.64407E-01
1.14000E+01 4.51217E-01 1.06115E+00 6.64822E-01
1.14250E+01 4.77746E-01 1.04987E+00 6.65237E-01
1.14500E+01 5.03993E-01 1.03793E+00 6.65653E-01
1.14750E+01 5.29941E-01 1.02533E+00 6.66069E-01
1.15000E+01 5.55574E-01 1.01208E+00 6.66485E-01
1.15250E+01 5.80876E-01 9.98192E-01 6.66902E-01
1.15500E+01 6.05831E-01 9.83670E-01 6.67319E-01
1.15750E+01 6.30423E-01 9.68524E-01 6.67736E-01
1.16000E+01 6.54636E-01 9.52764E-01 6.68153E-01
1.16250E+01 6.78455E-01 9.36398E-01 6.68571E-01
1.16500E+01 7.01865E-01 9.19436E-01 6.68989E-01
1.16750E+01 7.24851E-01 9.01890E-01 6.69407E-01
1.17000E+01 7.47398E-01 8.83768E-01 6.69825E-01
1.17250E+01 7.69492E-01 8.65083E-01 6.70244E-01
1.17500E+01 7.91119E-01 8.45846E-01 6.70663E-01
1.17750E+01 8.12265E-01 8.26068E-01 6.71082E-01
1.18000E+01 8.32917E-01 8.05762E-01 6.71501E-01
1.18250E+01 8.53061E-01 7.84939E-01 6.71921E-01
1.18500E+01 8.72685E-01 7.63612E-01 6.72341E-01
1.18750E+01 8.91775E-01 7.41795E-01 6.72761E-01
1.19000E+01 9.10320E-01 7.19501E-01 6.73182E-01
1.19250E+01 9.28307E-01 6.96743E-01 6.73602E-01
1.19500E+01 9.45726E-01 6.73535E-01 6.74023E-01
1.19750E+01 9.62564E-01 6.49892E-01 6.74445E-01
1.20000E+01 9.78812E-01 6.25828E-01 6.74866E-01
1.20250E+01 9.94457E-01 6.01357E-01 6.75288E-01
1.20500E+01 1.00949E+00 5.76496E-01 6.75710E-01
1.20750E+01 1.02390E+00 5.51259E-01 6.76132E-01
1.21000E+01 1.03769E+00 5.25661E-01 6.76555E-01
1.21250E+01 1.05083E+00 4.99719E-01 6.76978E-01
1.21500E+01 1.06332E+00 4.73448E-01 6.77401E-01
1.21750E+01 1.07516E+00 4.46865E-01 6.77824E-01
1.22000E+01 1.08633E+00 4.19986E-01 6.78248E-01
1.22250E+01 1.09683E+00 3.92828E-01 6.78672E-01
1.22500E+01 1.10665E+00 3.65408E-01 6.79096E-01
1.22750E+01 1.11578E+00 3.37741E-01 6.79520E-01
1.23000E+01 1.12423E+00 3.09847E-01 6.79945E-01
1.23250E+01 1.13197E+00 2.81741E-01 6.80370E-01
1.23500E+01 1.13902E+00 2.53442E-01 6.80795E-01
1.23750E+01 1.14535E+00 2.24966E-01 6.81221E-01
1.24000E+01 1.15098E+00 1.96333E-01 6.81647E-01
1.24250E+01 1.15588E+00 1.67558E-01 6.82073E-01
1.24500E+01 1.16007E+00 1.38661E-01 6.82499E-01
1.24750E+01 1.16354E+00 1.09659E-01 6.82925E-01
1.25000E+01 1.16628E+00 8.05707E-02 6.83352E-01
1.25250E+01 1.16830E+00 5.14137E-02 6.83779E-01
1.25500E+01 1.16958E+00 2.22063E-02 6.84207E-01
1.25750E+01 1.17014E+00 -7.03328E-03 6.84634E-01
1.26000E+01 1.16996E+00 -3.62867E-02 6.85062E-01
1.26250E+01 1.16905E+00 -6.55357E-02 6.85490E-01
1.26500E+01 1.16742E+00 -9.47620E-02 6.85919E-01
1.26750E+01 1.16505E+00 -1.23947E-01 6.86348E-01
1.27000E+01 1.16195E+00 -1.53074E-01 6.86777E-01
1.27250E+01 1.15812E+00 -1.82122E-01 6.87206E-01
1.27500E+01 1.15357E+00 -2.11075E-01 6.87635E-01
1.27750E+01 1.14829E+00 -2.39914E-01 6.88065E-01
1.28000E+01 1.14229E+00 -2.68622E-01 6.88495E-01
1.28250E+01 1.13558E+00 -2.97179E-01 6.88925E-01
1.28500E+01 1.12815E+00 -3.25568E-01 6.89356E-01
1.28750E+01 1.12001E+00 -3.53772E-01 6.89787E-01
1.29000E+01 1.11116E+00 -3.81772E-01 6.90218E-01
1.29250E+01 1.10162E+00 -4.09551E-01 6.90649E-01
1.29500E+01 1.09138E+00 -4.37092E-01 6.91081E-01
1.29750E+01 1.08045E+00 -4.64376E-01 6.91513E-01
1.30000E+01 1.06884E+00 -4.91388E-01 6.91945E-01
1.30250E+01 1.05656E+00 -5.18109E-01 6.92378E-01
1.30500E+01 1.04361E+00 -5.44523E-01 6.92810E-01
1.30750E+01 1.02999E+00 -5.70613E-01 6.93243E-01
1.31000E+01 1.01573E+00 -5.96363E-01 6.93677E-01
1.31250E+01 1.00082E+00 -6.21756E-01 6.94110E-01
1.31500E+01 9.85276E-01 -6.46777E-01 6.94544E-01
1.31750E+01 9.69106E-01 -6.71409E-01 6.94978E-01
1.32000E+01 9.52321E-01 -6.95636E-01 6.95412E-01
1.32250E+01 9.34930E-01 -7.19444E-01 6.95847E-01
1.32500E+01 9.16944E-01 -7.42817E-01 6.96282E-01
1.32750E+01 8.98373E-01 -7.65741E-01 6.96717E-01
1.33000E+01 8.79230E-01 -7.88200E-01 6.97153E-01
1.33250E+01 8.59525E-01 -8.10181E-01 6.97588E-01
1.33500E+01 8.39270E-01 -8.31669E-01 6.98024E-01
1.33750E+01 8.18479E-01 -8.52651E-01 6.98461E-01
1.34000E+01 7.97162E-01 -8.73113E-01 6.98897E-01
1.34250E+01 7.75335E-01 -8.93042E-01 6.99334E-01
1.34500E+01 7.53008E-01 -9.12425E-01 6.99771E-01
1.34750E+01 7.30198E-01 -9.31251E-01 7.00208E-01
1.35000E+01 7.06917E-01 -9.49506E-01 7.00646E-01
1.35250E+01 6.83179E-01 -9.67178E-01 7.01084E-01
1.35500E+01 6.58999E-01 -9.84258E-01 7.01522E-01
1.35750E+01 6.34393E-01 -1.00073E+00 7.01960E-01
1.36000E+01 6.09375E-01 -1.01659E+00 7.02399E-01
1.36250E+01 5.83960E-01 -1.03183E+00 7.02838E-01
1.36500E+01 5.58164E-01 -1.04643E+00 7.03277E-01
1.36750E+01 5.32004E-01 -1.06038E+00 7.03717E-01
1.37000E+01 5.05494E-01 -1.07368E+00 7.04157E-01
1.37250E+01 4.78652E-01 -1.08632E+00 7.04597E-01
1.37500E+01 4.51494E-01 -1.09828E+00 7.05037E-01
1.37750E+01 4.24037E-01 -1.10957E+00 7.05478E-01
1.38000E+01 3.96298E-01 -1.12017E+00 7.05919E-01
1.38250E+01 3.68293E-01 -1.13008E+00 7.06360E-01
1.38500E+01 3.40041E-01 -1.13929E+00 7.06802E-01
1.38750E+01 3.11559E-01 -1.14779E+00 7.07243E-01
1.39000E+01 2.82865E-01 -1.15558E+00 7.07685E-01
1.39250E+01 2.53975E-01 -1.16265E+00 7.08128E-01
1.39500E+01 2.24909E-01 -1.16900E+00 7.08570E-01
1.39750E+01 1.95684E-01 -1.17462E+00 7.09013E-01
1.40000E+01 1.66318E-01 -1.17951E+00 7.09456E-01
1.40250E+01 1.36831E-01 -1.18367E+00 7.09900E-01
1.40500E+01 1.07239E-01 -1.18709E+00 7.10343E-01
1.40750E+01 7.75616E-02 -1.18977E+00 7.10787E-01
1.41000E+01 4.78173E-02 -1.19171E+00 7.11232E-01
1.41250E+01 1.80245E-02 -1.19291E+00 7.11676E-01
1.41500E+01 -1.17982E-02 -1.19336E+00 7.12121E-01
1.41750E+01 -4.16322E-02 -1.19306E+00 7.12566E-01
1.42000E+01 -7.14587E-02 -1.19202E+00 7.13011E-01
1.42250E+01 -1.01259E-01 -1.19024E+00 7.13457E-01
1.42500E+01 -1.31015E-01 -1.18770E+00 7.13903E-01
1.42750E+01 -1.60708E-01 -1.18443E+00 7.14349E-01
1.43000E+01 -1.90318E-01 -1.18041E+00 7.14795E-01
1.43250E+01 -2.19829E-01 -1.17565E+00 7.15242E-01
1.43500E+01 -2.49220E-01 -1.17016E+00 7.15689E-01
1.43750E+01 -2.78474E-01 -1.16393E+00 7.16137E-01
1.44000E+01 -3.07572E-01 -1.15696E+00 7.16584E-01
1.44250E+01 -3.36496E-01 -1.14928E+00 7.17032E-01
1.44500E+01 -3.65228E-01 -1.14086E+00 7.17480E-01
1.44750E+01 -3.93750E-01 -1.13173E+00 7.17929E-01
1.45000E+01 -4.22043E-01 -1.12189E+00 7.18377E-01
1.45250E+01 -4.50090E-01 -1.11134E+00 7.18826E-01
1.45500E+01 -4.77874E-01 -1.10009E+00 7.19276E-01
1.45750E+01 -5.05376E-01 -1.08814E+00 7.19725E-01
1.46000E+01 -5.32579E-01 -1.07550E+00 7.20175E-01
1.46250E+01 -5.59467E-01 -1.06219E+00 7.20625E-01
1.46500E+01 -5.86022E-01 -1.04820E+00 7.21075E-01
1.46750E+01 -6.12227E-01 -1.03355E+00 7.21526E-01
1.47000E+01 -6.38066E-01 -1.01825E+00 7.21977E-01
1.47250E+01 -6.63522E-01 -1.00230E+00 7.22428E-01
1.47500E+01 -6.88579E-01 -9.85707E-01 7.22880E-01
1.47750E+01 -7.13222E-01 -9.68493E-01 7.23332E-01
1.48000E+01 -7.37434E-01 -9.50662E-01 7.23784E-01
1.48250E+01 -7.61201E-01 -9.32226E-01 7.24236E-01
1.48500E+01 -7.84506E-01 -9.13196E-01 7.24689E-01
1.48750E+01 -8.07336E-01 -8.93584E-01 7.25142E-01
1.49000E+01 -8.29676E-01 -8.73400E-01 7.25595E-01
1.49250E+01 -8.51511E-01 -8.52658E-01 7.26048E-01
1.49500E+01 -8.72827E-01 -8.31370E-01 7.26502E-01
1.49750E+01 -8.93611E-01 -8.09550E-01 7.26956E-01
1.50000E+01 -9.13850E-01 -7.87209E-01 7.27410E-01
1.50250E+01 -9.33530E-01 -7.64363E-01 7.27865E-01
1.50500E+01 -9.52640E-01 -7.41025E-01 7.28320E-01
1.50750E+01 -9.71165E-01 -7.17209E-01 7.28775E-01
1.51000E+01 -9.89095E-01 -6.92930E-01 7.29231E-01
1.51250E+01 -1.00642E+00 -6.68202E-01 7.29686E-01
1.51500E+01 -1.02312E+00 -6.43042E-01 7.30143E-01
1.51750E+01 -1.03920E+00 -6.17464E-01 7.30599E-01
1.52000E+01 -1.05464E+00 -5.91484E-01 7.31056E-01
1.52250E+01 -1.06942E+00 -5.65118E-01 7.31512E-01
1.52500E+01 -1.08355E+00 -5.38382E-01 7.31970E-01
1.52750E+01 -1.09701E+00 -5.11294E-01 7.32427E-01
1.53000E+01 -1.10979E+00 -4.83868E-01 7.32885E-01
1.53250E+01 -1.12189E+00 -4.56124E-01 7.33343E-01
1.53500E+01 -1.13329E+00 -4.28076E-01 7.33801E-01
1.53750E+01 -1.14399E+00 -3.99744E-01 7.34260E-01
1.54000E+01 -1.15399E+00 -3.71144E-01 7.34719E-01
1.54250E+01 -1.16327E+00 -3.42294E-01 7.35178E-01
1.54500E+01 -1.17182E+00 -3.13213E-01 7.35637E-01
1.54750E+01 -1.17965E+00 -2.83917E-01 7.36097E-01
1.55000E+01 -1.18675E+00 -2.54426E-01 7.36557E-01
1.55250E+01 -1.19311E+00 -2.24757E-01 7.37018E-01
1.55500E+01 -1.19873E+00 -1.94929E-01 7.37478E-01
1.55750E+01 -1.20361E+00 -1.64961E-01 7.37939E-01
1.56000E+01 -1.20773E+00 -1.34871E-01 7.38400E-01
1.56250E+01 -1.21110E+00 -1.04677E-01 7.38862E-01
1.56500E+01 -1.21372E+00 -7.43998E-02 7.39324E-01
1.56750E+01 -1.21558E+00 -4.40568E-02 7.39786E-01
1.57000E+01 -1.21668E+00 -1.36674E-02 7.40248E-01
1.57250E+01 -1.21702E+00 1.67496E-02 7.40711E-01
1.57500E+01 -1.21660E+00 4.71751E-02 7.41174E-01
1.57750E+01 -1.21542E+00 7.75902E-02 7.41637E-01
1.58000E+01 -1.21348E+00 1.07976E-01 7.42101E-01
1.58250E+01 -1.21078E+00 1.38313E-01 7.42564E-01
1.58500E+01 -1.20733E+00 1.68582E-01 7.43028E-01
1.58750E+01 -1.20311E+00 1.98766E-01 7.43493E-01
1.59000E+01 -1.19814E+00 2.28843E-01 7.43958E-01
1.59250E+01 -1.19242E+00 2.58797E-01 7.44422E-01
1.59500E+01 -1.18595E+00 2.88608E-01 7.44888E-01
1.59750E+01 -1.17874E+00 3.18256E-01 7.45353E-01
1.60000E+01 -1.17078E+00 3.47725E-01 7.45819E-01
1.60250E+01 -1.16209E+00 3.76994E-01 7.46285E-01
1.60500E+01 -1.15266E+00 4.06046E-01 7.46752E-01
1.60750E+01 -1.14251E+00 4.34863E-01 7.47218E-01
1.61000E+01 -1.13164E+00 4.63426E-01 7.47685E-01
1.61250E+01 -1.12005E+00 4.91717E-01 7.48153E-01
1.61500E+01 -1.10776E+00 5.19718E-01 7.48620E-01
1.61750E+01 -1.09477E+00 5.47412E-01 7.49088E-01
1.62000E+01 -1.08108E+00 5.74781E-01 7.49556E-01
1.62250E+01 -1.06671E+00 6.01808E-01 7.50025E-01
1.62500E+01 -1.05167E+00 6.28476E-01 7.50494E-01
1.62750E+01 -1.03596E+00 6.54768E-01 7.50963E-01
1.63000E+01 -1.01959E+00 6.80667E-01 7.51432E-01
1.63250E+01 -1.00257E+00 7.06156E-01 7.51902E-01
1.63500E+01 -9.84916E-01 7.31221E-01 7.52372E-01
1.63750E+01 -9.66636E-01 7.55844E-01 7.52842E-01
1.64000E+01 -9.47739E-01 7.80009E-01 7.53312E-01
1.64250E+01 -9.28239E-01 8.03703E-01 7.53783E-01
1.64500E+01 -9.08147E-01 8.26909E-01 7.54254E-01
1.64750E+01 -8.87474E-01 8.49613E-01 7.54726E-01
1.65000E+01 -8.66234E-01 8.71799E-01 7.55197E-01
1.65250E+01 -8.44439E-01 8.93455E-01 7.55669E-01
1.65500E+01 -8.22102E-01 9.14566E-01 7.56142E-01
1.65750E+01 -7.99238E-01 9.35119E-01 7.56614E-01
1.66000E+01 -7.75860E-01 9.55100E-01 7.57087E-01
1.66250E+01 -7.51983E-01 9.74496E-01 7.57560E-01
1.66500E+01 -7.27620E-01 9.93296E-01 7.58034E-01
1.66750E+01 -7.02788E-01 1.01149E+00 7.58508E-01
1.67000E+01 -6.77501E-01 1.02906E+00 7.58982E-01
1.67250E+01 -6.51774E-01 1.04599E+00 7.59456E-01
1.67500E+01 -6.25624E-01 1.06229E+00 7.59931E-01
1.67750E+01 -5.99067E-01 1.07793E+00 7.60406E-01
1.68000E+01 -5.72119E-01 1.09291E+00 7.60881E-01
1.68250E+01 -5.44796E-01 1.10721E+00 7.61356E-01
1.68500E+01 -5.17116E-01 1.12083E+00 7.61832E-01
1.68750E+01 -4.89095E-01 1.13376E+00 7.62308E-01
1.69000E+01 -4.60752E-01 1.14598E+00 7.62785E-01
1.69250E+01 -4.32102E-01 1.15750E+00 7.63262E-01
1.69500E+01 -4.03164E-01 1.16830E+00 7.63739E-01
1.69750E+01 -3.73957E-01 1.17838E+00 7.64216E-01
1.70000E+01 -3.44497E-01 1.18773E+00 7.64694E-01
1.70250E+01 -3.14804E-01 1.19635E+00 7.65172E-01
1.70500E+01 -2.84895E-01 1.20422E+00 7.65650E-01
1.70750E+01 -2.54790E-01 1.21134E+00 7.66128E-01
1.71000E+01 -2.24506E-01 1.21771E+00 7.66607E-01
1.71250E+01 -1.94064E-01 1.22332E+00 7.67086E-01
1.71500E+01 -1.63481E-01 1.22817E+00 7.67566E-01
1.71750E+01 -1.32776E-01 1.23226E+00 7.68045E-01
1.72000E+01 -1.01970E-01 1.23558E+00 7.68526E-01
1.72250E+01 -7.10806E-02 1.23813E+00 7.69006E-01
1.72500E+01 -4.01274E-02 1.23990E+00 7.69486E-01
1.72750E+01 -9.12977E-03 1.24091E+00 7.69967E-01
1.73000E+01 2.18929E-02 1.24114E+00 7.70449E-01
1.73250E+01 5.29213E-02 1.24059E+00 7.70930E-01
1.73500E+01 8.39360E-02 1.23927E+00 7.71412E-01
1.73750E+01 1.14918E-01 1.23717E+00 7.71894E-01
1.74000E+01 1.45847E-01 1.23429E+00 7.72377E-01
1.74250E+01 1.76704E-01 1.23065E+00 7.72859E-01
1.74500E+01 2.07470E-01 1.22623E+00 7.73342E-01
1.74750E+01 2.38126E-01 1.22104E+00 7.73826E-01
1.75000E+01 2.68652E-01 1.21509E+00 7.74309E-01
1.75250E+01 2.99029E-01 1.20837E+00 7.74793E-01
1.75500E+01 3.29239E-01 1.20090E+00 7.75278E-01
1.75750E+01 3.59261E-01 1.19267E+00 7.75762E-01
1.76000E+01 3.89078E-01 1.18369E+00 7.76247E-01
1.76250E+01 4.18670E-01 1.17396E+00 7.76732E-01
1.76500E+01 4.48019E-01 1.16349E+00 7.77218E-01
1.76750E+01 4.77106E-01 1.15229E+00 7.77703E-01
1.77000E+01 5.05914E-01 1.14036E+00 7.78189E-01
1.77250E+01 5.34423E-01 1.12772E+00 7.78676E-01
1.77500E+01 5.62616E-01 1.11436E+00 7.79162E-01
1.77750E+01 5.90475E-01 1.10029E+00 7.79649E-01
1.78000E+01 6.17982E-01 1.08553E+00 7.80137E-01
1.78250E+01 6.45120E-01 1.07008E+00 7.80624E-01
1.78500E+01 6.71872E-01 1.05395E+00 7.81112E-01
1.78750E+01 6.98221E-01 1.03715E+00 7.81600E-01
1.79000E+01 7.24150E-01 1.01970E+00 7.82089E-01
1.79250E+01 7.49642E-01 1.00159E+00 7.82578E-01
1.79500E+01 7.74682E-01 9.82854E-01 7.83067E-01
1.79750E+01 7.99253E-01 9.63487E-01 7.83556E-01
1.80000E+01 8.23340E-01 9.43505E-01 7.84046E-01
1.80250E+01 8.46928E-01 9.22922E-01 7.84536E-01
1.80500E+01 8.70001E-01 9.01749E-01 7.85026E-01
1.80750E+01 8.92545E-01 8.79999E-01 7.85517E-01
1.81000E+01 9.14545E-01 8.57685E-01 7.86008E-01
1.81250E+01 9.35987E-01 8.34821E-01 7.86499E-01
1.81500E+01 9.56857E-01 8.11422E-01 7.86991E-01
1.81750E+01 9.77143E-01 7.87500E-01 7.87483E-01
1.82000E+01 9.96831E-01 7.63072E-01 7.87975E-01
1.82250E+01 1.01591E+00 7.38151E-01 7.88467E-01
1.82500E+01 1.03436E+00 7.12753E-01 7.88960E-01
1.82750E+01 1.05218E+00 6.86894E-01 7.89453E-01
1.83000E+01 1.06935E+00 6.60590E-01 7.89946E-01
1.83250E+01 1.08587E+00 6.33856E-01 7.90440E-01
1.83500E+01 1.10171E+00 6.06709E-01 7.90934E-01
1.83750E+01 1.11688E+00 5.79166E-01 7.91429E-01
1.84000E+01 1.13136E+00 5.51244E-01 7.91923E-01
1.84250E+01 1.14514E+00 5.22960E-01 7.92418E-01
1.84500E+01 1.15822E+00 4.94332E-01 7.92913E-01
1.84750E+01 1.17057E+00 4.65376E-01 7.93409E-01
1.85000E+01 1.18221E+00 4.36112E-01 7.93905E-01
1.85250E+01 1.19311E+00 4.06557E-01 7.94401E-01
1.85500E+01 1.20327E+00 3.76729E-01 7.94898E-01
1.85750E+01 1.21269E+00 3.46647E-01 7.95394E-01
1.86000E+01 1.22136E+00 3.16330E-01 7.95891E-01
1.86250E+01 1.22927E+00 2.85796E-01 7.96389E-01
1.86500E+01 1.23641E+00 2.55064E-01 7.96887E-01
1.86750E+01 1.24279E+00 2.24154E-01 7.97385E-01
1.87000E+01 1.24839E+00 1.93084E-01 7.97883E-01
1.87250E+01 1.25322E+00 1.61874E-01 7.98382E-01
1.87500E+01 1.25727E+00 1.30544E-01 7.98881E-01
1.87750E+01 1.26053E+00 9.91122E-02 7.99380E-01
1.88000E+01 1.26301E+00 6.75989E-02 7.99880E-01
1.88250E+01 1.26470E+00 3.60237E-02 8.00380E-01
1.88500E+01 1.26560E+00 4.40624E-03 8.00880E-01
1.88750E+01 1.26571E+00 -2.72337E-02 8.01380E-01
1.89000E+01 1.26503E+00 -5.88765E-02 8.01881E-01
1.89250E+01 1.26356E+00 -9.05022E-02 8.02382E-01
1.89500E+01 1.26129E+00 -1.22091E-01 8.02884E-01
1.89750E+01 1.25824E+00 -1.53623E-01 8.03386E-01
1.90000E+01 1.25440E+00 -1.85079E-01 8.03888E-01
1.90250E+01 1.24977E+00 -2.16439E-01 8.04390E-01
1.90500E+01 1.24436E+00 -2.47684E-01 8.04893E-01
1.90750E+01 1.23817E+00 -2.78793E-01 8.05396E-01
1.91000E+01 1.23120E+00 -3.09747E-01 8.05899E-01
1.91250E+01 1.22346E+00 -3.40527E-01 8.06403E-01
1.91500E+01 1.21494E+00 -3.71114E-01 8.06907E-01
1.91750E+01 1.20567E+00 -4.01487E-01 8.07411E-01
1.92000E+01 1.19563E+00 -4.31629E-01 8.07916E-01
1.92250E+01 1.18484E+00 -4.61520E-01 8.08421E-01
1.92500E+01 1.17330E+00 -4.91141E-01 8.08926E-01
1.92750E+01 1.16102E+00 -5.20473E-01 8.09432E-01
1.93000E+01 1.14801E+00 -5.49499E-01 8.09938E-01
1.93250E+01 1.13427E+00 -5.78199E-01 8.10444E-01
1.93500E+01 1.11982E+00 -6.06556E-01 8.10950E-01
1.93750E+01 1.10465E+00 -6.34551E-01 8.11457E-01
1.94000E+01 1.08879E+00 -6.62167E-01 8.11964E-01
1.94250E+01 1.07224E+00 -6.89387E-01 8.12472E-01
1.94500E+01 1.05500E+00 -7.16193E-01 8.12980E-01
1.94750E+01 1.03710E+00 -7.42568E-01 8.13488E-01
1.95000E+01 1.01853E+00 -7.68495E-01 8.13996E-01
1.95250E+01 9.99320E-01 -7.93959E-01 8.14505E-01
1.95500E+01 9.79471E-01 -8.18942E-01 8.15014E-01
1.95750E+01 9.58997E-01 -8.43429E-01 8.15523E-01
1.96000E+01 9.37911E-01 -8.67403E-01 8.16033E-01
1.96250E+01 9.16226E-01 -8.90851E-01 8.16543E-01
1.96500E+01 8.93955E-01 -9.13757E-01 8.17054E-01
1.96750E+01 8.71111E-01 -9.36106E-01 8.17564E-01
1.97000E+01 8.47708E-01 -9.57884E-01 8.18075E-01
1.97250E+01 8.23761E-01 -9.79076E-01 8.18586E-01
1.97500E+01 7.99284E-01 -9.99670E-01 8.19098E-01
1.97750E+01 7.74293E-01 -1.01965E+00 8.19610E-01
1.98000E+01 7.48801E-01 -1.03901E+00 8.20122E-01
1.98250E+01 7.22826E-01 -1.05773E+00 8.20635E-01
1.98500E+01 6.96383E-01 -1.07580E+00 8.21148E-01
1.98750E+01 6.69488E-01 -1.09321E+00 8.21661E-01
1.99000E+01 6.42158E-01 -1.10995E+00 8.22175E-01
1.99250E+01 6.14409E-01 -1.12600E+00 8.22688E-01
1.99500E+01 5.86259E-01 -1.14136E+00 8.23203E-01
1.99750E+01 5.57725E-01 -1.15602E+00 8.23717E-01
2.00000E+01 5.28824E-01 -1.16996E+00 8.24232E-01
2.00250E+01 4.99575E-01 -1.18318E+00 8.24747E-01
2.00500E+01 4.69996E-01 -1.19567E+00 8.25263E-01
2.00750E+01 4.40104E-01 -1.20742E+00 8.25778E-01
2.01000E+01 4.09919E-01 -1.21842E+00 8.26294E-01
2.01250E+01 3.79458E-01 -1.22867E+00 8.26811E-01
2.01500E+01 3.48741E-01 -1.23816E+00 8.27328E-01
2.01750E+01 3.17787E-01 -1.24688E+00 8.27845E-01
2.02000E+01 2.86615E-01 -1.25482E+00 8.28362E-01
2.02250E+01 2.55245E-01 -1.26199E+00 8.28880E-01
2.02500E+01 2.23695E-01 -1.26837E+00 8.29398E-01
2.02750E+01 1.91986E-01 -1.27396E+00 8.29916E-01
2.03000E+01 1.60137E-01 -1.27876E+00 8.30435E-01
2.03250E+01 1.28168E-01 -1.28276E+00 8.30954E-01
2.03500E+01 9.60989E-02 -1.28597E+00 8.31473E-01
2.03750E+01 6.39497E-02 -1.28837E+00 8.31993E-01
2.04000E+01 3.17405E-02 -1.28997E+00 8.32513E-01
2.04250E+01 -5.08739E-04 -1.29076E+00 8.33033E-01
2.04500E+01 -3.27778E-02 -1.29075E+00 8.33554E-01
2.04750E+01 -6.50465E-02 -1.28993E+00 8.34075E-01
2.05000E+01 -9.72948E-02 -1.28830E+00 8.34596E-01
2.05250E+01 -1.29502E-01 -1.28587E+00 8.35118E-01
2.05500E+01 -1.61649E-01 -1.28263E+00 8.35640E-01
2.05750E+01 -1.93715E-01 -1.27859E+00 8.36162E-01
2.06000E+01 -2.25680E-01 -1.27375E+00 8.36685E-01
2.06250E+01 -2.57524E-01 -1.26811E+00 8.37208E-01
2.06500E+01 -2.89226E-01 -1.26167E+00 8.37731E-01
2.06750E+01 -3.20768E-01 -1.25444E+00 8.38254E-01
2.07000E+01 -3.52129E-01 -1.24642E+00 8.38778E-01
2.07250E+01 -3.83289E-01 -1.23762E+00 8.39303E-01
2.07500E+01 -4.14230E-01 -1.22803E+00 8.39827E-01
2.07750E+01 -4.44931E-01 -1.21768E+00 8.40352E-01
2.08000E+01 -4.75373E-01 -1.20656E+00 8.40877E-01
2.08250E+01 -5.05537E-01 -1.19467E+00 8.41403E-01
2.08500E+01 -5.35403E-01 -1.18203E+00 8.41929E-01
2.08750E+01 -5.64954E-01 -1.16865E+00 8.42455E-01
2.09000E+01 -5.94170E-01 -1.15452E+00 8.42981E-01
2.09250E+01 -6.23033E-01 -1.13967E+00 8.43508E-01
2.09500E+01 -6.51525E-01 -1.12409E+00 8.44035E-01
2.09750E+01 -6.79627E-01 -1.10781E+00 8.44563E-01
2.10000E+01 -7.07323E-01 -1.09081E+00 8.45091E-01
2.10250E+01 -7.34593E-01 -1.07313E+00 8.45619E-01
2.10500E+01 -7.61421E-01 -1.05477E+00 8.46148E-01
2.10750E+01 -7.87790E-01 -1.03573E+00 8.46676E-01
2.11000E+01 -8.13684E-01 -1.01604E+00 8.47206E-01
2.11250E+01 -8.39085E-01 -9.95694E-01 8.47735E-01
2.11500E+01 -8.63977E-01 -9.74717E-01 8.48265E-01
2.11750E+01 -8.88345E-01 -9.53118E-01 8.48795E-01
2.12000E+01 -9.12173E-01 -9.30909E-01 8.49326E-01
2.12250E+01 -9.35446E-01 -9.08105E-01 8.49856E-01
2.12500E+01 -9.58148E-01 -8.84719E-01 8.50388E-01
2.12750E+01 -9.80266E-01 -8.60765E-01 8.50919E-01
2.13000E+01 -1.00179E+00 -8.36258E-01 8.51451E-01
2.13250E+01 -1.02269E+00 -8.11214E-01 8.51983E-01
2.13500E+01 -1.04297E+00 -7.85646E-01 8.52515E-01
2.13750E+01 -1.06261E+00 -7.59572E-01 8.53048E-01
2.14000E+01 -1.08160E+00 -7.33007E-01 8.53581E-01
2.14250E+01 -1.09993E+00 -7.05967E-01 8.54115E-01
2.14500E+01 -1.11758E+00 -6.78469E-01 8.54649E-01
2.14750E+01 -1.13454E+00 -6.50529E-01 8.55183E-01
2.15000E+01 -1.15080E+00 -6.22166E-01 8.55717E-01
2.15250E+01 -1.16636E+00 -5.93396E-01 8.56252E-01
2.15500E+01 -1.18119E+00 -5.64237E-01 8.56787E-01
2.15750E+01 -1.19530E+00 -5.34707E-01 8.57323E-01
2.16000E+01 -1.20866E+00 -5.04825E-01 8.57859E-01
2.16250E+01 -1.22129E+00 -4.74608E-01 8.58395E-01
2.16500E+01 -1.23315E+00 -4.44076E-01 8.58931E-01
2.16750E+01 -1.24425E+00 -4.13247E-01 8.59468E-01
2.17000E+01 -1.25458E+00 -3.82141E-01 8.60005E-01
2.17250E+01 -1.26414E+00 -3.50776E-01 8.60543E-01
2.17500E+01 -1.27291E+00 -3.19173E-01 8.61081E-01
2.17750E+01 -1.28089E+00 -2.87350E-01 8.61619E-01
2.18000E+01 -1.28807E+00 -2.55328E-01 8.62157E-01
2.18250E+01 -1.29445E+00 -2.23126E-01 8.62696E-01
2.18500E+01 -1.30003E+00 -1.90765E-01 8.63235E-01
2.18750E+01 -1.30480E+00 -1.58264E-01 8.63775E-01
2.19000E+01 -1.30876E+00 -1.25644E-01 8.64315E-01
2.19250E+01 -1.31190E+00 -9.29252E-02 8.64855E-01
2.19500E+01 -1.31422E+00 -6.01278E-02 8.65396E-01
2.19750E+01 -1.31572E+00 -2.72723E-02 8.65936E-01
2.20000E+01 -1.31641E+00 5.62084E-03 8.66478E-01
2.20250E+01 -1.31627E+00 3.85310E-02 8.67019E-01
2.20500E+01 -1.31530E+00 7.14376E-02 8.67561E-01
2.20750E+01 -1.31352E+00 1.04320E-01 8.68103E-01
2.21000E+01 -1.31091E+00 1.37158E-01 8.68646E-01
2.21250E+01 -1.30748E+00 1.69931E-01 8.69189E-01
2.21500E+01 -1.30323E+00 2.02618E-01 8.69732E-01
2.21750E+01 -1.29817E+00 2.35198E-01 8.70276E-01
2.22000E+01 -1.29229E+00 2.67653E-01 8.70820E-01
2.22250E+01 -1.28559E+00 2.99960E-01 8.71364E-01
2.22500E+01 -1.27809E+00 3.32100E-01 8.71908E-01
2.22750E+01 -1.26979E+00 3.64052E-01 8.72453E-01
2.23000E+01 -1.26069E+00 3.95797E-01 8.72999E-01
2.23250E+01 -1.25080E+00 4.27314E-01 8.73544E-01
2.23500E+01 -1.24011E+00 4.58584E-01 8.74090E-01
2.23750E+01 -1.22865E+00 4.89587E-01 8.74636E-01
2.24000E+01 -1.21641E+00 5.20303E-01 8.75183E-01
2.24250E+01 -1.20340E+00 5.50713E-01 8.75730E-01
2.24500E+01 -1.18963E+00 5.80798E-01 8.76277E-01
2.24750E+01 -1.17511E+00 6.10539E-01 8.76825E-01
2.25000E+01 -1.15985E+00 6.39917E-01 8.77373E-01
2.25250E+01 -1.14385E+00 6.68913E-01 8.77922E-01
2.25500E+01 -1.12713E+00 6.97510E-01 8.78470E-01
2.25750E+01 -1.10969E+00 7.25688E-01 8.79019E-01
2.26000E+01 -1.09155E+00 7.53430E-01 8.79569E-01
2.26250E+01 -1.07271E+00 7.80719E-01 8.80118E-01
2.26500E+01 -1.05320E+00 8.07537E-01 8.80668E-01
2.26750E+01 -1.03301E+00 8.33867E-01 8.81219E-01
2.27000E+01 -1.01216E+00 8.59692E-01 8.81770E-01
2.27250E+01 -9.90668E-01 8.84996E-01 8.82321E-01
2.27500E+01 -9.68544E-01 9.09762E-01 8.82872E-01
2.27750E+01 -9.45800E-01 9.33976E-01 8.83424E-01
2.28000E+01 -9.22450E-01 9.57621E-01 8.83976E-01
2.28250E+01 -8.98510E-01 9.80682E-01 8.84529E-01
2.28500E+01 -8.73993E-01 1.00315E+00 8.85081E-01
2.28750E+01 -8.48914E-01 1.02499E+00 8.85635E-01
2.29000E+01 -8.23289E-01 1.04622E+00 8.86188E-01
2.29250E+01 -7.97134E-01 1.06680E+00 8.86742E-01
2.29500E+01 -7.70464E-01 1.08673E+00 8.87296E-01
2.29750E+01 -7.43295E-01 1.10599E+00 8.87851E-01
2.30000E+01 -7.15646E-01 1.12457E+00 8.88406E-01
2.30250E+01 -6.87531E-01 1.14246E+00 8.88961E-01
2.30500E+01 -6.58970E-01 1.15965E+00 8.89517E-01
2.30750E+01 -6.29978E-01 1.17613E+00 8.90072E-01
2.31000E+01 -6.00575E-01 1.19188E+00 8.90629E-01
2.31250E+01 -5.70778E-01 1.20689E+00 8.91185E-01
2.31500E+01 -5.40606E-01 1.22116E+00 8.91742E-01
2.31750E+01 -5.10077E-01 1.23467E+00 8.92300E-01
2.32000E+01 -4.79210E-01 1.24743E+00 8.92857E-01
2.32250E+01 -4.48025E-01 1.25941E+00 8.93415E-01
2.32500E+01 -4.16540E-01 1.27061E+00 8.93974E-01
2.32750E+01 -3.84774E-01 1.28102E+00 8.94533E-01
2.33000E+01 -3.52749E-01 1.29064E+00 8.95092E-01
2.33250E+01 -3.20483E-01 1.29946E+00 8.95651E-01
2.33500E+01 -2.87996E-01 1.30747E+00 8.96211E-01
2.33750E+01 -2.55310E-01 1.31467E+00 8.96771E-01
2.34000E+01 -2.22443E-01 1.32105E+00 8.97332E-01
2.34250E+01 -1.89416E-01 1.32661E+00 8.97892E-01
2.34500E+01 -1.56251E-01 1.33135E+00 8.98454E-01
2.34750E+01 -1.22967E-01 1.33526E+00 8.99015E-01
2.35000E+01 -8.95860E-02 1.33833E+00 8.99577E-01
2.35250E+01 -5.61277E-02 1.34057E+00 9.00139E-01
2.35500E+01 -2.26135E-02 1.34197E+00 9.00702E-01
2.35750E+01 1.09359E-02 1.34254E+00 9.01265E-01
2.36000E+01 4.44993E-02 1.34227E+00 9.01828E-01
2.36250E+01 7.80560E-02 1.34115E+00 9.02392E-01
2.36500E+01 1.11585E-01 1.33920E+00 9.02956E-01
2.36750E+01 1.45065E-01 1.33641E+00 9.03520E-01
2.37000E+01 1.78475E-01 1.33279E+00 9.04085E-01
2.37250E+01 2.11795E-01 1.32832E+00 9.04650E-01
2.37500E+01 2.45003E-01 1.32303E+00 9.05215E-01
2.37750E+01 2.78079E-01 1.31690E+00 9.05781E-01
2.38000E+01 3.11001E-01 1.30995E+00 9.06347E-01
2.38250E+01 3.43750E-01 1.30218E+00 9.06913E-01
2.38500E+01 3.76304E-01 1.29358E+00 9.07480E-01
2.38750E+01 4.08644E-01 1.28417E+00 9.08047E-01
2.39000E+01 4.40748E-01 1.27396E+00 9.08615E-01
2.39250E+01 4.72597E-01 1.26294E+00 9.09183E-01
2.39500E+01 5.04171E-01 1.25113E+00 9.09751E-01
2.39750E+01 5.35449E-01 1.23852E+00 9.10320E-01
2.40000E+01 5.66412E-01 1.22513E+00 9.10889E-01
2.40250E+01 5.97040E-01 1.21097E+00 9.11458E-01
2.40500E+01 6.27315E-01 1.19605E+00 9.12028E-01
2.40750E+01 6.57216E-01 1.18037E+00 9.12598E-01
2.41000E+01 6.86725E-01 1.16394E+00 9.13168E-01
2.41250E+01 7.15823E-01 1.14677E+00 9.13739E-01
2.41500E+01 7.44492E-01 1.12887E+00 9.14310E-01
2.41750E+01 7.72714E-01 1.11026E+00 9.14881E-01
2.42000E+01 8.00471E-01 1.09094E+00 9.15453E-01
2.42250E+01 8.27744E-01 1.07093E+00 9.16025E-01
2.42500E+01 8.54517E-01 1.05024E+00 9.16598E-01
2.42750E+01 8.80773E-01 1.02887E+00 9.17171E-01
2.43000E+01 9.06495E-01 1.00685E+00 9.17744E-01
2.43250E+01 9.31667E-01 9.84191E-01 9.18317E-01
2.43500E+01 9.56271E-01 9.60900E-01 9.18891E-01
2.43750E+01 9.80294E-01 9.36993E-01 9.19466E-01
2.44000E+01 1.00372E+00 9.12485E-01 9.20040E-01
2.44250E+01 1.02653E+00 8.87392E-01 9.20615E-01
2.44500E+01 1.04872E+00 8.61729E-01 9.21191E-01
2.44750E+01 1.07026E+00 8.35511E-01 9.21767E-01
2.45000E+01 1.09115E+00 8.08755E-01 9.22343E-01
2.45250E+01 1.11137E+00 7.81476E-01 9.22919E-01
2.45500E+01 1.13090E+00 7.53692E-01 9.23496E-01
2.45750E+01 1.14974E+00 7.25419E-01 9.24073E-01
2.46000E+01 1.16788E+00 6.96676E-01 9.24651E-01
2.46250E+01 1.18530E+00 6.67479E-01 9.25229E-01
2.46500E+01 1.20198E+00 6.37846E-01 9.25807E-01
2.46750E+01 1.21793E+00 6.07797E-01 9.26385E-01
2.47000E+01 1.23313E+00 5.77349E-01 9.26964E-01
2.47250E+01 1.24756E+00 5.46520E-01 9.27544E-01
2.47500E+01 1.26122E+00 5.15331E-01 9.28124E-01
2.47750E+01 1.27411E+00 4.83801E-01 9.28704E-01
2.48000E+01 1.28620E+00 4.51948E-01 9.29284E-01
2.48250E+01 1.29750E+00 4.19793E-01 9.29865E-01
2.48500E+01 1.30799E+00 3.87356E-01 9.30446E-01
2.48750E+01 1.31768E+00 3.54656E-01 9.31028E-01
2.49000E+01 1.32654E+00 3.21714E-01 9.31609E-01
2.49250E+01 1.33459E+00 2.88550E-01 9.32192E-01
2.49500E+01 1.34180E+00 2.55186E-01 9.32774E-01
2.49750E+01 1.34818E+00 2.21641E-01 9.33357E-01
2.50000E+01 1.35372E+00 1.87936E-01 9.33941E-01
