0.00000e+00 1.18761e+00
2.00000e-03 1.18761e+00
4.00000e-03 1.18759e+00
6.00000e-03 1.18757e+00
8.00000e-03 1.18753e+00
1.00000e-02 1.18748e+00
1.20000e-02 1.18743e+00
1.40000e-02 1.18736e+00
1.60000e-02 1.18728e+00
1.80000e-02 1.18719e+00
2.00000e-02 1.18710e+00
2.20000e-02 1.18699e+00
2.40000e-02 1.18687e+00
2.60000e-02 1.18674e+00
2.80000e-02 1.18660e+00
3.00000e-02 1.18645e+00
3.20000e-02 1.18629e+00
3.40000e-02 1.18612e+00
3.60000e-02 1.18594e+00
3.80000e-02 1.18575e+00
4.00000e-02 1.18554e+00
4.20000e-02 1.18533e+00
4.40000e-02 1.18511e+00
4.60000e-02 1.18488e+00
4.80000e-02 1.18464e+00
5.00000e-02 1.18438e+00
5.20000e-02 1.18412e+00
5.40000e-02 1.18385e+00
5.60000e-02 1.18356e+00
5.80000e-02 1.18327e+00
6.00000e-02 1.18296e+00
6.20000e-02 1.18265e+00
6.40000e-02 1.18232e+00
6.60000e-02 1.18199e+00
6.80000e-02 1.18164e+00
7.00000e-02 1.18129e+00
7.20000e-02 1.18092e+00
7.40000e-02 1.18055e+00
7.60000e-02 1.18016e+00
7.80000e-02 1.17976e+00
8.00000e-02 1.17936e+00
8.20000e-02 1.17894e+00
8.40000e-02 1.17851e+00
8.60000e-02 1.17808e+00
8.80000e-02 1.17763e+00
9.00000e-02 1.17717e+00
9.20000e-02 1.17670e+00
9.40000e-02 1.17623e+00
9.60000e-02 1.17574e+00
9.80000e-02 1.17524e+00
1.00000e-01 1.17473e+00
1.02000e-01 1.17422e+00
1.04000e-01 1.17369e+00
1.06000e-01 1.17315e+00
1.08000e-01 1.17260e+00
1.10000e-01 1.17204e+00
1.12000e-01 1.17147e+00
1.14000e-01 1.17090e+00
1.16000e-01 1.17031e+00
1.18000e-01 1.16971e+00
1.20000e-01 1.16910e+00
1.22000e-01 1.16848e+00
1.24000e-01 1.16786e+00
1.26000e-01 1.16722e+00
1.28000e-01 1.16657e+00
1.30000e-01 1.16591e+00
1.32000e-01 1.16524e+00
1.34000e-01 1.16457e+00
1.36000e-01 1.16388e+00
1.38000e-01 1.16318e+00
1.40000e-01 1.16247e+00
1.42000e-01 1.16176e+00
1.44000e-01 1.16103e+00
1.46000e-01 1.16029e+00
1.48000e-01 1.15955e+00
1.50000e-01 1.15879e+00
1.52000e-01 1.15803e+00
1.54000e-01 1.15725e+00
1.56000e-01 1.15646e+00
1.58000e-01 1.15567e+00
1.60000e-01 1.15486e+00
1.62000e-01 1.15405e+00
1.64000e-01 1.15323e+00
1.66000e-01 1.15239e+00
1.68000e-01 1.15155e+00
1.70000e-01 1.15070e+00
1.72000e-01 1.14983e+00
1.74000e-01 1.14896e+00
1.76000e-01 1.14808e+00
1.78000e-01 1.14719e+00
1.80000e-01 1.14629e+00
1.82000e-01 1.14538e+00
1.84000e-01 1.14446e+00
1.86000e-01 1.14353e+00
1.88000e-01 1.14259e+00
1.90000e-01 1.14164e+00
1.92000e-01 1.14069e+00
1.94000e-01 1.13972e+00
1.96000e-01 1.13874e+00
1.98000e-01 1.13776e+00
2.00000e-01 1.13676e+00
2.02000e-01 1.13576e+00
2.04000e-01 1.13475e+00
2.06000e-01 1.13372e+00
2.08000e-01 1.13269e+00
2.10000e-01 1.13165e+00
2.12000e-01 1.13060e+00
2.14000e-01 1.12954e+00
2.16000e-01 1.12847e+00
2.18000e-01 1.12740e+00
2.20000e-01 1.12631e+00
2.22000e-01 1.12521e+00
2.24000e-01 1.12411e+00
2.26000e-01 1.12300e+00
2.28000e-01 1.12187e+00
2.30000e-01 1.12074e+00
2.32000e-01 1.11960e+00
2.34000e-01 1.11845e+00
2.36000e-01 1.11729e+00
2.38000e-01 1.11612e+00
2.40000e-01 1.11495e+00
2.42000e-01 1.11376e+00
2.44000e-01 1.11257e+00
2.46000e-01 1.11137e+00
2.48000e-01 1.11016e+00
2.50000e-01 1.10893e+00
2.52000e-01 1.10771e+00
2.54000e-01 1.10647e+00
2.56000e-01 1.10522e+00
2.58000e-01 1.10397e+00
2.60000e-01 1.10270e+00
2.62000e-01 1.10143e+00
2.64000e-01 1.10015e+00
2.66000e-01 1.09886e+00
2.68000e-01 1.09756e+00
2.70000e-01 1.09626e+00
2.72000e-01 1.09494e+00
2.74000e-01 1.09362e+00
2.76000e-01 1.09229e+00
2.78000e-01 1.09095e+00
2.80000e-01 1.08960e+00
2.82000e-01 1.08824e+00
2.84000e-01 1.08688e+00
2.86000e-01 1.08550e+00
2.88000e-01 1.08412e+00
2.90000e-01 1.08273e+00
2.92000e-01 1.08134e+00
2.94000e-01 1.07993e+00
2.96000e-01 1.07852e+00
2.98000e-01 1.07709e+00
3.00000e-01 1.07566e+00
3.02000e-01 1.07422e+00
3.04000e-01 1.07278e+00
3.06000e-01 1.07132e+00
3.08000e-01 1.06986e+00
3.10000e-01 1.06839e+00
3.12000e-01 1.06691e+00
3.14000e-01 1.06543e+00
3.16000e-01 1.06393e+00
3.18000e-01 1.06243e+00
3.20000e-01 1.06092e+00
3.22000e-01 1.05941e+00
3.24000e-01 1.05788e+00
3.26000e-01 1.05635e+00
3.28000e-01 1.05481e+00
3.30000e-01 1.05326e+00
3.32000e-01 1.05171e+00
3.34000e-01 1.05014e+00
3.36000e-01 1.04857e+00
3.38000e-01 1.04699e+00
3.40000e-01 1.04541e+00
3.42000e-01 1.04382e+00
3.44000e-01 1.04222e+00
3.46000e-01 1.04061e+00
3.48000e-01 1.03899e+00
3.50000e-01 1.03737e+00
3.52000e-01 1.03574e+00
3.54000e-01 1.03411e+00
3.56000e-01 1.03246e+00
3.58000e-01 1.03081e+00
3.60000e-01 1.02915e+00
3.62000e-01 1.02749e+00
3.64000e-01 1.02581e+00
3.66000e-01 1.02414e+00
3.68000e-01 1.02245e+00
3.70000e-01 1.02076e+00
3.72000e-01 1.01906e+00
3.74000e-01 1.01735e+00
3.76000e-01 1.01563e+00
3.78000e-01 1.01391e+00
3.80000e-01 1.01219e+00
3.82000e-01 1.01045e+00
3.84000e-01 1.00871e+00
3.86000e-01 1.00696e+00
3.88000e-01 1.00521e+00
3.90000e-01 1.00345e+00
3.92000e-01 1.00168e+00
3.94000e-01 9.99906e-01
3.96000e-01 9.98125e-01
3.98000e-01 9.96338e-01
4.00000e-01 9.94544e-01
4.02000e-01 9.92744e-01
4.04000e-01 9.90938e-01
4.06000e-01 9.89125e-01
4.08000e-01 9.87306e-01
4.10000e-01 9.85481e-01
4.12000e-01 9.83649e-01
4.14000e-01 9.81812e-01
4.16000e-01 9.79968e-01
4.18000e-01 9.78118e-01
4.20000e-01 9.76262e-01
4.22000e-01 9.74400e-01
4.24000e-01 9.72532e-01
4.26000e-01 9.70658e-01
4.28000e-01 9.68778e-01
4.30000e-01 9.66892e-01
4.32000e-01 9.65000e-01
4.34000e-01 9.63102e-01
4.36000e-01 9.61199e-01
4.38000e-01 9.59290e-01
4.40000e-01 9.57375e-01
4.42000e-01 9.55454e-01
4.44000e-01 9.53528e-01
4.46000e-01 9.51597e-01
4.48000e-01 9.49659e-01
4.50000e-01 9.47716e-01
4.52000e-01 9.45768e-01
4.54000e-01 9.43814e-01
4.56000e-01 9.41855e-01
4.58000e-01 9.39891e-01
4.60000e-01 9.37921e-01
4.62000e-01 9.35946e-01
4.64000e-01 9.33965e-01
4.66000e-01 9.31980e-01
4.68000e-01 9.29989e-01
4.70000e-01 9.27993e-01
4.72000e-01 9.25992e-01
4.74000e-01 9.23986e-01
4.76000e-01 9.21975e-01
4.78000e-01 9.19959e-01
4.80000e-01 9.17938e-01
4.82000e-01 9.15912e-01
4.84000e-01 9.13881e-01
4.86000e-01 9.11845e-01
4.88000e-01 9.09805e-01
4.90000e-01 9.07760e-01
4.92000e-01 9.05710e-01
4.94000e-01 9.03655e-01
4.96000e-01 9.01596e-01
4.98000e-01 8.99532e-01
5.00000e-01 8.97464e-01
5.02000e-01 8.95391e-01
5.04000e-01 8.93314e-01
5.06000e-01 8.91232e-01
5.08000e-01 8.89146e-01
5.10000e-01 8.87056e-01
5.12000e-01 8.84961e-01
5.14000e-01 8.82862e-01
5.16000e-01 8.80759e-01
5.18000e-01 8.78652e-01
5.20000e-01 8.76540e-01
5.22000e-01 8.74424e-01
5.24000e-01 8.72305e-01
5.26000e-01 8.70181e-01
5.28000e-01 8.68053e-01
5.30000e-01 8.65921e-01
5.32000e-01 8.63786e-01
5.34000e-01 8.61646e-01
5.36000e-01 8.59503e-01
5.38000e-01 8.57356e-01
5.40000e-01 8.55205e-01
5.42000e-01 8.53051e-01
5.44000e-01 8.50892e-01
5.46000e-01 8.48731e-01
5.48000e-01 8.46565e-01
5.50000e-01 8.44396e-01
5.52000e-01 8.42224e-01
5.54000e-01 8.40048e-01
5.56000e-01 8.37869e-01
5.58000e-01 8.35686e-01
5.60000e-01 8.33500e-01
5.62000e-01 8.31311e-01
5.64000e-01 8.29118e-01
5.66000e-01 8.26923e-01
5.68000e-01 8.24724e-01
5.70000e-01 8.22522e-01
5.72000e-01 8.20317e-01
5.74000e-01 8.18108e-01
5.76000e-01 8.15897e-01
5.78000e-01 8.13683e-01
5.80000e-01 8.11466e-01
5.82000e-01 8.09246e-01
5.84000e-01 8.07023e-01
5.86000e-01 8.04798e-01
5.88000e-01 8.02570e-01
5.90000e-01 8.00339e-01
5.92000e-01 7.98105e-01
5.94000e-01 7.95868e-01
5.96000e-01 7.93630e-01
5.98000e-01 7.91388e-01
6.00000e-01 7.89144e-01
6.02000e-01 7.86898e-01
6.04000e-01 7.84649e-01
6.06000e-01 7.82397e-01
6.08000e-01 7.80144e-01
6.10000e-01 7.77888e-01
6.12000e-01 7.75630e-01
6.14000e-01 7.73369e-01
6.16000e-01 7.71107e-01
6.18000e-01 7.68842e-01
6.20000e-01 7.66575e-01
6.22000e-01 7.64306e-01
6.24000e-01 7.62036e-01
6.26000e-01 7.59763e-01
6.28000e-01 7.57488e-01
6.30000e-01 7.55211e-01
6.32000e-01 7.52933e-01
6.34000e-01 7.50653e-01
6.36000e-01 7.48370e-01
6.38000e-01 7.46087e-01
6.40000e-01 7.43801e-01
6.42000e-01 7.41514e-01
6.44000e-01 7.39225e-01
6.46000e-01 7.36935e-01
6.48000e-01 7.34643e-01
6.50000e-01 7.32350e-01
6.52000e-01 7.30055e-01
6.54000e-01 7.27759e-01
6.56000e-01 7.25462e-01
6.58000e-01 7.23163e-01
6.60000e-01 7.20863e-01
6.62000e-01 7.18562e-01
6.64000e-01 7.16259e-01
6.66000e-01 7.13956e-01
6.68000e-01 7.11651e-01
6.70000e-01 7.09345e-01
6.72000e-01 7.07039e-01
6.74000e-01 7.04731e-01
6.76000e-01 7.02422e-01
6.78000e-01 7.00112e-01
6.80000e-01 6.97802e-01
6.82000e-01 6.95491e-01
6.84000e-01 6.93179e-01
6.86000e-01 6.90866e-01
6.88000e-01 6.88552e-01
6.90000e-01 6.86238e-01
6.92000e-01 6.83923e-01
6.94000e-01 6.81608e-01
6.96000e-01 6.79292e-01
6.98000e-01 6.76976e-01
7.00000e-01 6.74659e-01
7.02000e-01 6.72341e-01
7.04000e-01 6.70024e-01
7.06000e-01 6.67706e-01
7.08000e-01 6.65387e-01
7.10000e-01 6.63069e-01
7.12000e-01 6.60750e-01
7.14000e-01 6.58431e-01
7.16000e-01 6.56112e-01
7.18000e-01 6.53793e-01
7.20000e-01 6.51474e-01
7.22000e-01 6.49154e-01
7.24000e-01 6.46835e-01
7.26000e-01 6.44516e-01
7.28000e-01 6.42197e-01
7.30000e-01 6.39878e-01
7.32000e-01 6.37559e-01
7.34000e-01 6.35241e-01
7.36000e-01 6.32922e-01
7.38000e-01 6.30604e-01
7.40000e-01 6.28287e-01
7.42000e-01 6.25970e-01
7.44000e-01 6.23653e-01
7.46000e-01 6.21336e-01
7.48000e-01 6.19020e-01
7.50000e-01 6.16705e-01
7.52000e-01 6.14390e-01
7.54000e-01 6.12076e-01
7.56000e-01 6.09763e-01
7.58000e-01 6.07450e-01
7.60000e-01 6.05138e-01
7.62000e-01 6.02826e-01
7.64000e-01 6.00516e-01
7.66000e-01 5.98206e-01
7.68000e-01 5.95897e-01
7.70000e-01 5.93589e-01
7.72000e-01 5.91282e-01
7.74000e-01 5.88976e-01
7.76000e-01 5.86671e-01
7.78000e-01 5.84368e-01
7.80000e-01 5.82065e-01
7.82000e-01 5.79763e-01
7.84000e-01 5.77463e-01
7.86000e-01 5.75164e-01
7.88000e-01 5.72866e-01
7.90000e-01 5.70569e-01
7.92000e-01 5.68274e-01
7.94000e-01 5.65980e-01
7.96000e-01 5.63687e-01
7.98000e-01 5.61396e-01
8.00000e-01 5.59106e-01
8.02000e-01 5.56818e-01
8.04000e-01 5.54531e-01
8.06000e-01 5.52246e-01
8.08000e-01 5.49963e-01
8.10000e-01 5.47681e-01
8.12000e-01 5.45401e-01
8.14000e-01 5.43123e-01
8.16000e-01 5.40847e-01
8.18000e-01 5.38572e-01
8.20000e-01 5.36299e-01
8.22000e-01 5.34028e-01
8.24000e-01 5.31759e-01
8.26000e-01 5.29492e-01
8.28000e-01 5.27227e-01
8.30000e-01 5.24963e-01
8.32000e-01 5.22702e-01
8.34000e-01 5.20443e-01
8.36000e-01 5.18186e-01
8.38000e-01 5.15932e-01
8.40000e-01 5.13679e-01
8.42000e-01 5.11429e-01
8.44000e-01 5.09181e-01
8.46000e-01 5.06935e-01
8.48000e-01 5.04692e-01
8.50000e-01 5.02451e-01
8.52000e-01 5.00212e-01
8.54000e-01 4.97976e-01
8.56000e-01 4.95742e-01
8.58000e-01 4.93511e-01
8.60000e-01 4.91282e-01
8.62000e-01 4.89056e-01
8.64000e-01 4.86832e-01
8.66000e-01 4.84611e-01
8.68000e-01 4.82393e-01
8.70000e-01 4.80177e-01
8.72000e-01 4.77965e-01
8.74000e-01 4.75755e-01
8.76000e-01 4.73547e-01
8.78000e-01 4.71343e-01
8.80000e-01 4.69141e-01
8.82000e-01 4.66943e-01
8.84000e-01 4.64747e-01
8.86000e-01 4.62554e-01
8.88000e-01 4.60364e-01
8.90000e-01 4.58178e-01
8.92000e-01 4.55994e-01
8.94000e-01 4.53813e-01
8.96000e-01 4.51636e-01
8.98000e-01 4.49461e-01
9.00000e-01 4.47290e-01
9.02000e-01 4.45122e-01
9.04000e-01 4.42958e-01
9.06000e-01 4.40796e-01
9.08000e-01 4.38638e-01
9.10000e-01 4.36483e-01
9.12000e-01 4.34332e-01
9.14000e-01 4.32184e-01
9.16000e-01 4.30039e-01
9.18000e-01 4.27898e-01
9.20000e-01 4.25760e-01
9.22000e-01 4.23626e-01
9.24000e-01 4.21495e-01
9.26000e-01 4.19368e-01
9.28000e-01 4.17245e-01
9.30000e-01 4.15125e-01
9.32000e-01 4.13009e-01
9.34000e-01 4.10896e-01
9.36000e-01 4.08788e-01
9.38000e-01 4.06683e-01
9.40000e-01 4.04581e-01
9.42000e-01 4.02484e-01
9.44000e-01 4.00390e-01
9.46000e-01 3.98301e-01
9.48000e-01 3.96215e-01
9.50000e-01 3.94133e-01
9.52000e-01 3.92055e-01
9.54000e-01 3.89981e-01
9.56000e-01 3.87911e-01
9.58000e-01 3.85845e-01
9.60000e-01 3.83783e-01
9.62000e-01 3.81725e-01
9.64000e-01 3.79671e-01
9.66000e-01 3.77622e-01
9.68000e-01 3.75576e-01
9.70000e-01 3.73535e-01
9.72000e-01 3.71498e-01
9.74000e-01 3.69465e-01
9.76000e-01 3.67437e-01
9.78000e-01 3.65412e-01
9.80000e-01 3.63392e-01
9.82000e-01 3.61377e-01
9.84000e-01 3.59365e-01
9.86000e-01 3.57358e-01
9.88000e-01 3.55356e-01
9.90000e-01 3.53358e-01
9.92000e-01 3.51364e-01
9.94000e-01 3.49375e-01
9.96000e-01 3.47391e-01
9.98000e-01 3.45411e-01
1.00000e+00 3.43435e-01
1.00200e+00 3.41469e-01
1.00400e+00 3.39517e-01
1.00600e+00 3.37579e-01
1.00800e+00 3.35654e-01
1.01000e+00 3.33743e-01
1.01200e+00 3.31845e-01
1.01400e+00 3.29961e-01
1.01600e+00 3.28090e-01
1.01800e+00 3.26232e-01
1.02000e+00 3.24388e-01
1.02200e+00 3.22556e-01
1.02400e+00 3.20737e-01
1.02600e+00 3.18930e-01
1.02800e+00 3.17136e-01
1.03000e+00 3.15355e-01
1.03200e+00 3.13586e-01
1.03400e+00 3.11830e-01
1.03600e+00 3.10085e-01
1.03800e+00 3.08353e-01
1.04000e+00 3.06632e-01
1.04200e+00 3.04923e-01
1.04400e+00 3.03226e-01
1.04600e+00 3.01541e-01
1.04800e+00 2.99868e-01
1.05000e+00 2.98205e-01
1.05200e+00 2.96555e-01
1.05400e+00 2.94915e-01
1.05600e+00 2.93287e-01
1.05800e+00 2.91669e-01
1.06000e+00 2.90063e-01
1.06200e+00 2.88467e-01
1.06400e+00 2.86883e-01
1.06600e+00 2.85309e-01
1.06800e+00 2.83746e-01
1.07000e+00 2.82193e-01
1.07200e+00 2.80651e-01
1.07400e+00 2.79119e-01
1.07600e+00 2.77597e-01
1.07800e+00 2.76086e-01
1.08000e+00 2.74585e-01
1.08200e+00 2.73093e-01
1.08400e+00 2.71612e-01
1.08600e+00 2.70141e-01
1.08800e+00 2.68679e-01
1.09000e+00 2.67227e-01
1.09200e+00 2.65785e-01
1.09400e+00 2.64352e-01
1.09600e+00 2.62929e-01
1.09800e+00 2.61515e-01
1.10000e+00 2.60110e-01
1.10200e+00 2.58715e-01
1.10400e+00 2.57329e-01
1.10600e+00 2.55952e-01
1.10800e+00 2.54584e-01
1.11000e+00 2.53225e-01
1.11200e+00 2.51875e-01
1.11400e+00 2.50534e-01
1.11600e+00 2.49201e-01
1.11800e+00 2.47878e-01
1.12000e+00 2.46562e-01
1.12200e+00 2.45256e-01
1.12400e+00 2.43958e-01
1.12600e+00 2.42668e-01
1.12800e+00 2.41386e-01
1.13000e+00 2.40113e-01
1.13200e+00 2.38848e-01
1.13400e+00 2.37591e-01
1.13600e+00 2.36343e-01
1.13800e+00 2.35102e-01
1.14000e+00 2.33869e-01
1.14200e+00 2.32644e-01
1.14400e+00 2.31427e-01
1.14600e+00 2.30218e-01
1.14800e+00 2.29016e-01
1.15000e+00 2.27823e-01
1.15200e+00 2.26636e-01
1.15400e+00 2.25458e-01
1.15600e+00 2.24286e-01
1.15800e+00 2.23122e-01
1.16000e+00 2.21966e-01
1.16200e+00 2.20817e-01
1.16400e+00 2.19675e-01
1.16600e+00 2.18540e-01
1.16800e+00 2.17412e-01
1.17000e+00 2.16292e-01
1.17200e+00 2.15178e-01
1.17400e+00 2.14072e-01
1.17600e+00 2.12972e-01
1.17800e+00 2.11880e-01
1.18000e+00 2.10794e-01
1.18200e+00 2.09715e-01
1.18400e+00 2.08642e-01
1.18600e+00 2.07577e-01
1.18800e+00 2.06518e-01
1.19000e+00 2.05465e-01
1.19200e+00 2.04419e-01
1.19400e+00 2.03379e-01
1.19600e+00 2.02346e-01
1.19800e+00 2.01320e-01
1.20000e+00 2.00299e-01
1.20200e+00 1.99285e-01
1.20400e+00 1.98277e-01
1.20600e+00 1.97275e-01
1.20800e+00 1.96280e-01
1.21000e+00 1.95290e-01
1.21200e+00 1.94307e-01
1.21400e+00 1.93329e-01
1.21600e+00 1.92358e-01
1.21800e+00 1.91392e-01
1.22000e+00 1.90433e-01
1.22200e+00 1.89479e-01
1.22400e+00 1.88531e-01
1.22600e+00 1.87589e-01
1.22800e+00 1.86652e-01
1.23000e+00 1.85721e-01
1.23200e+00 1.84796e-01
1.23400e+00 1.83876e-01
1.23600e+00 1.82962e-01
1.23800e+00 1.82053e-01
1.24000e+00 1.81150e-01
1.24200e+00 1.80252e-01
1.24400e+00 1.79359e-01
1.24600e+00 1.78472e-01
1.24800e+00 1.77590e-01
1.25000e+00 1.76714e-01
1.25200e+00 1.75843e-01
1.25400e+00 1.74976e-01
1.25600e+00 1.74115e-01
1.25800e+00 1.73260e-01
1.26000e+00 1.72409e-01
1.26200e+00 1.71563e-01
1.26400e+00 1.70722e-01
1.26600e+00 1.69887e-01
1.26800e+00 1.69056e-01
1.27000e+00 1.68230e-01
1.27200e+00 1.67409e-01
1.27400e+00 1.66593e-01
1.27600e+00 1.65781e-01
1.27800e+00 1.64974e-01
1.28000e+00 1.64172e-01
1.28200e+00 1.63375e-01
1.28400e+00 1.62583e-01
1.28600e+00 1.61795e-01
1.28800e+00 1.61011e-01
1.29000e+00 1.60233e-01
1.29200e+00 1.59458e-01
1.29400e+00 1.58689e-01
1.29600e+00 1.57923e-01
1.29800e+00 1.57162e-01
1.30000e+00 1.56406e-01
1.30200e+00 1.55654e-01
1.30400e+00 1.54906e-01
1.30600e+00 1.54163e-01
1.30800e+00 1.53424e-01
1.31000e+00 1.52689e-01
1.31200e+00 1.51958e-01
1.31400e+00 1.51232e-01
1.31600e+00 1.50509e-01
1.31800e+00 1.49791e-01
1.32000e+00 1.49077e-01
1.32200e+00 1.48367e-01
1.32400e+00 1.47662e-01
1.32600e+00 1.46960e-01
1.32800e+00 1.46262e-01
1.33000e+00 1.45568e-01
1.33200e+00 1.44878e-01
1.33400e+00 1.44192e-01
1.33600e+00 1.43510e-01
1.33800e+00 1.42832e-01
1.34000e+00 1.42157e-01
1.34200e+00 1.41487e-01
1.34400e+00 1.40820e-01
1.34600e+00 1.40157e-01
1.34800e+00 1.39498e-01
1.35000e+00 1.38842e-01
1.35200e+00 1.38190e-01
1.35400e+00 1.37542e-01
1.35600e+00 1.36898e-01
1.35800e+00 1.36257e-01
1.36000e+00 1.35619e-01
1.36200e+00 1.34985e-01
1.36400e+00 1.34355e-01
1.36600e+00 1.33728e-01
1.36800e+00 1.33105e-01
1.37000e+00 1.32485e-01
1.37200e+00 1.31869e-01
1.37400e+00 1.31256e-01
1.37600e+00 1.30647e-01
1.37800e+00 1.30040e-01
1.38000e+00 1.29438e-01
1.38200e+00 1.28838e-01
1.38400e+00 1.28242e-01
1.38600e+00 1.27649e-01
1.38800e+00 1.27060e-01
1.39000e+00 1.26473e-01
1.39200e+00 1.25890e-01
1.39400e+00 1.25310e-01
1.39600e+00 1.24734e-01
1.39800e+00 1.24160e-01
1.40000e+00 1.23590e-01
1.40200e+00 1.23022e-01
1.40400e+00 1.22458e-01
1.40600e+00 1.21897e-01
1.40800e+00 1.21339e-01
1.41000e+00 1.20784e-01
1.41200e+00 1.20232e-01
1.41400e+00 1.19683e-01
1.41600e+00 1.19137e-01
1.41800e+00 1.18594e-01
1.42000e+00 1.18054e-01
1.42200e+00 1.17517e-01
1.42400e+00 1.16983e-01
1.42600e+00 1.16451e-01
1.42800e+00 1.15923e-01
1.43000e+00 1.15397e-01
1.43200e+00 1.14875e-01
1.43400e+00 1.14355e-01
1.43600e+00 1.13837e-01
1.43800e+00 1.13323e-01
1.44000e+00 1.12811e-01
1.44200e+00 1.12302e-01
1.44400e+00 1.11796e-01
1.44600e+00 1.11293e-01
1.44800e+00 1.10792e-01
1.45000e+00 1.10294e-01
1.45200e+00 1.09798e-01
1.45400e+00 1.09306e-01
1.45600e+00 1.08815e-01
1.45800e+00 1.08328e-01
1.46000e+00 1.07843e-01
1.46200e+00 1.07361e-01
1.46400e+00 1.06881e-01
1.46600e+00 1.06403e-01
1.46800e+00 1.05929e-01
1.47000e+00 1.05456e-01
1.47200e+00 1.04987e-01
1.47400e+00 1.04519e-01
1.47600e+00 1.04054e-01
1.47800e+00 1.03592e-01
1.48000e+00 1.03132e-01
1.48200e+00 1.02674e-01
1.48400e+00 1.02219e-01
1.48600e+00 1.01767e-01
1.48800e+00 1.01316e-01
1.49000e+00 1.00868e-01
1.49200e+00 1.00423e-01
1.49400e+00 9.99792e-02
1.49600e+00 9.95381e-02
1.49800e+00 9.90994e-02
1.50000e+00 9.86630e-02
1.50200e+00 9.82288e-02
1.50400e+00 9.77969e-02
1.50600e+00 9.73672e-02
1.50800e+00 9.69397e-02
1.51000e+00 9.65145e-02
1.51200e+00 9.60915e-02
1.51400e+00 9.56706e-02
1.51600e+00 9.52520e-02
1.51800e+00 9.48355e-02
1.52000e+00 9.44211e-02
1.52200e+00 9.40089e-02
1.52400e+00 9.35988e-02
1.52600e+00 9.31908e-02
1.52800e+00 9.27849e-02
1.53000e+00 9.23811e-02
1.53200e+00 9.19794e-02
1.53400e+00 9.15797e-02
1.53600e+00 9.11821e-02
1.53800e+00 9.07865e-02
1.54000e+00 9.03929e-02
1.54200e+00 9.00014e-02
1.54400e+00 8.96118e-02
1.54600e+00 8.92243e-02
1.54800e+00 8.88386e-02
1.55000e+00 8.84550e-02
1.55200e+00 8.80733e-02
1.55400e+00 8.76936e-02
1.55600e+00 8.73157e-02
1.55800e+00 8.69398e-02
1.56000e+00 8.65658e-02
1.56200e+00 8.61937e-02
1.56400e+00 8.58235e-02
1.56600e+00 8.54551e-02
1.56800e+00 8.50886e-02
1.57000e+00 8.47239e-02
1.57200e+00 8.43611e-02
1.57400e+00 8.40001e-02
1.57600e+00 8.36410e-02
1.57800e+00 8.32836e-02
1.58000e+00 8.29280e-02
1.58200e+00 8.25742e-02
1.58400e+00 8.22222e-02
1.58600e+00 8.18719e-02
1.58800e+00 8.15234e-02
1.59000e+00 8.11766e-02
1.59200e+00 8.08316e-02
1.59400e+00 8.04882e-02
1.59600e+00 8.01466e-02
1.59800e+00 7.98067e-02
1.60000e+00 7.94685e-02
1.60200e+00 7.91320e-02
1.60400e+00 7.87971e-02
1.60600e+00 7.84639e-02
1.60800e+00 7.81323e-02
1.61000e+00 7.78024e-02
1.61200e+00 7.74741e-02
1.61400e+00 7.71475e-02
1.61600e+00 7.68224e-02
1.61800e+00 7.64990e-02
1.62000e+00 7.61771e-02
1.62200e+00 7.58569e-02
1.62400e+00 7.55382e-02
1.62600e+00 7.52211e-02
1.62800e+00 7.49055e-02
1.63000e+00 7.45915e-02
1.63200e+00 7.42790e-02
1.63400e+00 7.39681e-02
1.63600e+00 7.36587e-02
1.63800e+00 7.33508e-02
1.64000e+00 7.30444e-02
1.64200e+00 7.27394e-02
1.64400e+00 7.24360e-02
1.64600e+00 7.21341e-02
1.64800e+00 7.18336e-02
1.65000e+00 7.15346e-02
1.65200e+00 7.12371e-02
1.65400e+00 7.09410e-02
1.65600e+00 7.06463e-02
1.65800e+00 7.03531e-02
1.66000e+00 7.00612e-02
1.66200e+00 6.97708e-02
1.66400e+00 6.94818e-02
1.66600e+00 6.91942e-02
1.66800e+00 6.89080e-02
1.67000e+00 6.86232e-02
1.67200e+00 6.83397e-02
1.67400e+00 6.80576e-02
1.67600e+00 6.77769e-02
1.67800e+00 6.74975e-02
1.68000e+00 6.72195e-02
1.68200e+00 6.69428e-02
1.68400e+00 6.66674e-02
1.68600e+00 6.63933e-02
1.68800e+00 6.61206e-02
1.69000e+00 6.58491e-02
1.69200e+00 6.55790e-02
1.69400e+00 6.53101e-02
1.69600e+00 6.50426e-02
1.69800e+00 6.47763e-02
1.70000e+00 6.45113e-02
1.70200e+00 6.42475e-02
1.70400e+00 6.39850e-02
1.70600e+00 6.37237e-02
1.70800e+00 6.34637e-02
1.71000e+00 6.32049e-02
1.71200e+00 6.29474e-02
1.71400e+00 6.26910e-02
1.71600e+00 6.24359e-02
1.71800e+00 6.21820e-02
1.72000e+00 6.19293e-02
1.72200e+00 6.16778e-02
1.72400e+00 6.14274e-02
1.72600e+00 6.11783e-02
1.72800e+00 6.09303e-02
1.73000e+00 6.06835e-02
1.73200e+00 6.04379e-02
1.73400e+00 6.01934e-02
1.73600e+00 5.99500e-02
1.73800e+00 5.97078e-02
1.74000e+00 5.94667e-02
1.74200e+00 5.92268e-02
1.74400e+00 5.89880e-02
1.74600e+00 5.87503e-02
1.74800e+00 5.85137e-02
1.75000e+00 5.82782e-02
1.75200e+00 5.80439e-02
1.75400e+00 5.78106e-02
1.75600e+00 5.75784e-02
1.75800e+00 5.73473e-02
1.76000e+00 5.71172e-02
1.76200e+00 5.68882e-02
1.76400e+00 5.66603e-02
1.76600e+00 5.64335e-02
1.76800e+00 5.62077e-02
1.77000e+00 5.59829e-02
1.77200e+00 5.57592e-02
1.77400e+00 5.55366e-02
1.77600e+00 5.53149e-02
1.77800e+00 5.50943e-02
1.78000e+00 5.48747e-02
1.78200e+00 5.46561e-02
1.78400e+00 5.44385e-02
1.78600e+00 5.42219e-02
1.78800e+00 5.40064e-02
1.79000e+00 5.37918e-02
1.79200e+00 5.35782e-02
1.79400e+00 5.33655e-02
1.79600e+00 5.31539e-02
1.79800e+00 5.29432e-02
1.80000e+00 5.27335e-02
1.80200e+00 5.25248e-02
1.80400e+00 5.23170e-02
1.80600e+00 5.21101e-02
1.80800e+00 5.19042e-02
1.81000e+00 5.16993e-02
1.81200e+00 5.14952e-02
1.81400e+00 5.12922e-02
1.81600e+00 5.10900e-02
1.81800e+00 5.08887e-02
1.82000e+00 5.06884e-02
1.82200e+00 5.04890e-02
1.82400e+00 5.02905e-02
1.82600e+00 5.00928e-02
1.82800e+00 4.98961e-02
1.83000e+00 4.97003e-02
1.83200e+00 4.95054e-02
1.83400e+00 4.93113e-02
1.83600e+00 4.91181e-02
1.83800e+00 4.89258e-02
1.84000e+00 4.87344e-02
1.84200e+00 4.85438e-02
1.84400e+00 4.83541e-02
1.84600e+00 4.81652e-02
1.84800e+00 4.79772e-02
1.85000e+00 4.77900e-02
1.85200e+00 4.76037e-02
1.85400e+00 4.74182e-02
1.85600e+00 4.72336e-02
1.85800e+00 4.70498e-02
1.86000e+00 4.68667e-02
1.86200e+00 4.66846e-02
1.86400e+00 4.65032e-02
1.86600e+00 4.63226e-02
1.86800e+00 4.61429e-02
1.87000e+00 4.59640e-02
1.87200e+00 4.57858e-02
1.87400e+00 4.56085e-02
1.87600e+00 4.54319e-02
1.87800e+00 4.52561e-02
1.88000e+00 4.50811e-02
1.88200e+00 4.49069e-02
1.88400e+00 4.47335e-02
1.88600e+00 4.45608e-02
1.88800e+00 4.43889e-02
1.89000e+00 4.42177e-02
1.89200e+00 4.40474e-02
1.89400e+00 4.38777e-02
1.89600e+00 4.37089e-02
1.89800e+00 4.35407e-02
1.90000e+00 4.33733e-02
1.90200e+00 4.32067e-02
1.90400e+00 4.30408e-02
1.90600e+00 4.28756e-02
1.90800e+00 4.27111e-02
1.91000e+00 4.25474e-02
1.91200e+00 4.23844e-02
1.91400e+00 4.22221e-02
1.91600e+00 4.20605e-02
1.91800e+00 4.18997e-02
1.92000e+00 4.17395e-02
1.92200e+00 4.15800e-02
1.92400e+00 4.14213e-02
1.92600e+00 4.12632e-02
1.92800e+00 4.11058e-02
1.93000e+00 4.09492e-02
1.93200e+00 4.07932e-02
1.93400e+00 4.06378e-02
1.93600e+00 4.04832e-02
1.93800e+00 4.03292e-02
1.94000e+00 4.01759e-02
1.94200e+00 4.00233e-02
1.94400e+00 3.98713e-02
1.94600e+00 3.97200e-02
1.94800e+00 3.95694e-02
1.95000e+00 3.94194e-02
1.95200e+00 3.92701e-02
1.95400e+00 3.91214e-02
1.95600e+00 3.89733e-02
1.95800e+00 3.88259e-02
1.96000e+00 3.86792e-02
1.96200e+00 3.85330e-02
1.96400e+00 3.83875e-02
1.96600e+00 3.82426e-02
1.96800e+00 3.80984e-02
1.97000e+00 3.79548e-02
1.97200e+00 3.78118e-02
1.97400e+00 3.76694e-02
1.97600e+00 3.75276e-02
1.97800e+00 3.73864e-02
1.98000e+00 3.72459e-02
1.98200e+00 3.71059e-02
1.98400e+00 3.69666e-02
1.98600e+00 3.68278e-02
1.98800e+00 3.66897e-02
1.99000e+00 3.65521e-02
1.99200e+00 3.64151e-02
1.99400e+00 3.62787e-02
1.99600e+00 3.61429e-02
1.99800e+00 3.60077e-02
2.00000e+00 3.58731e-02
2.00200e+00 3.57390e-02
2.00400e+00 3.56055e-02
2.00600e+00 3.54726e-02
2.00800e+00 3.53402e-02
2.01000e+00 3.52084e-02
2.01200e+00 3.50771e-02
2.01400e+00 3.49465e-02
2.01600e+00 3.48163e-02
2.01800e+00 3.46868e-02
2.02000e+00 3.45577e-02
2.02200e+00 3.44293e-02
2.02400e+00 3.43013e-02
2.02600e+00 3.41739e-02
2.02800e+00 3.40471e-02
2.03000e+00 3.39208e-02
2.03200e+00 3.37950e-02
2.03400e+00 3.36698e-02
2.03600e+00 3.35450e-02
2.03800e+00 3.34208e-02
2.04000e+00 3.32972e-02
2.04200e+00 3.31740e-02
2.04400e+00 3.30514e-02
2.04600e+00 3.29293e-02
2.04800e+00 3.28077e-02
2.05000e+00 3.26866e-02
2.05200e+00 3.25660e-02
2.05400e+00 3.24460e-02
2.05600e+00 3.23264e-02
2.05800e+00 3.22073e-02
2.06000e+00 3.20888e-02
2.06200e+00 3.19707e-02
2.06400e+00 3.18531e-02
2.06600e+00 3.17360e-02
2.06800e+00 3.16194e-02
2.07000e+00 3.15033e-02
2.07200e+00 3.13877e-02
2.07400e+00 3.12726e-02
2.07600e+00 3.11579e-02
2.07800e+00 3.10437e-02
2.08000e+00 3.09300e-02
2.08200e+00 3.08168e-02
2.08400e+00 3.07040e-02
2.08600e+00 3.05918e-02
2.08800e+00 3.04799e-02
2.09000e+00 3.03686e-02
2.09200e+00 3.02577e-02
2.09400e+00 3.01472e-02
2.09600e+00 3.00373e-02
2.09800e+00 2.99277e-02
2.10000e+00 2.98187e-02
2.10200e+00 2.97100e-02
2.10400e+00 2.96019e-02
2.10600e+00 2.94942e-02
2.10800e+00 2.93869e-02
2.11000e+00 2.92800e-02
2.11200e+00 2.91736e-02
2.11400e+00 2.90677e-02
2.11600e+00 2.89622e-02
2.11800e+00 2.88571e-02
2.12000e+00 2.87524e-02
2.12200e+00 2.86482e-02
2.12400e+00 2.85444e-02
2.12600e+00 2.84411e-02
2.12800e+00 2.83381e-02
2.13000e+00 2.82356e-02
2.13200e+00 2.81335e-02
2.13400e+00 2.80318e-02
2.13600e+00 2.79306e-02
2.13800e+00 2.78297e-02
2.14000e+00 2.77293e-02
2.14200e+00 2.76293e-02
2.14400e+00 2.75296e-02
2.14600e+00 2.74304e-02
2.14800e+00 2.73316e-02
2.15000e+00 2.72332e-02
2.15200e+00 2.71352e-02
2.15400e+00 2.70376e-02
2.15600e+00 2.69404e-02
2.15800e+00 2.68436e-02
2.16000e+00 2.67472e-02
2.16200e+00 2.66512e-02
2.16400e+00 2.65555e-02
2.16600e+00 2.64603e-02
2.16800e+00 2.63654e-02
2.17000e+00 2.62710e-02
2.17200e+00 2.61769e-02
2.17400e+00 2.60832e-02
2.17600e+00 2.59898e-02
2.17800e+00 2.58969e-02
2.18000e+00 2.58043e-02
2.18200e+00 2.57121e-02
2.18400e+00 2.56203e-02
2.18600e+00 2.55288e-02
2.18800e+00 2.54377e-02
2.19000e+00 2.53470e-02
2.19200e+00 2.52567e-02
2.19400e+00 2.51667e-02
2.19600e+00 2.50771e-02
2.19800e+00 2.49878e-02
2.20000e+00 2.48989e-02
2.20200e+00 2.48103e-02
2.20400e+00 2.47221e-02
2.20600e+00 2.46343e-02
2.20800e+00 2.45468e-02
2.21000e+00 2.44597e-02
2.21200e+00 2.43729e-02
2.21400e+00 2.42864e-02
2.21600e+00 2.42003e-02
2.21800e+00 2.41146e-02
2.22000e+00 2.40292e-02
2.22200e+00 2.39441e-02
2.22400e+00 2.38594e-02
2.22600e+00 2.37750e-02
2.22800e+00 2.36909e-02
2.23000e+00 2.36072e-02
2.23200e+00 2.35238e-02
2.23400e+00 2.34408e-02
2.23600e+00 2.33581e-02
2.23800e+00 2.32757e-02
2.24000e+00 2.31936e-02
2.24200e+00 2.31119e-02
2.24400e+00 2.30305e-02
2.24600e+00 2.29494e-02
2.24800e+00 2.28686e-02
2.25000e+00 2.27882e-02
2.25200e+00 2.27080e-02
2.25400e+00 2.26282e-02
2.25600e+00 2.25487e-02
2.25800e+00 2.24695e-02
2.26000e+00 2.23907e-02
2.26200e+00 2.23121e-02
2.26400e+00 2.22339e-02
2.26600e+00 2.21559e-02
2.26800e+00 2.20783e-02
2.27000e+00 2.20010e-02
2.27200e+00 2.19240e-02
2.27400e+00 2.18473e-02
2.27600e+00 2.17708e-02
2.27800e+00 2.16947e-02
2.28000e+00 2.16189e-02
2.28200e+00 2.15434e-02
2.28400e+00 2.14682e-02
2.28600e+00 2.13933e-02
2.28800e+00 2.13186e-02
2.29000e+00 2.12443e-02
2.29200e+00 2.11703e-02
2.29400e+00 2.10965e-02
2.29600e+00 2.10231e-02
2.29800e+00 2.09499e-02
2.30000e+00 2.08770e-02
2.30200e+00 2.08044e-02
2.30400e+00 2.07321e-02
2.30600e+00 2.06600e-02
2.30800e+00 2.05883e-02
2.31000e+00 2.05168e-02
2.31200e+00 2.04456e-02
2.31400e+00 2.03747e-02
2.31600e+00 2.03040e-02
2.31800e+00 2.02337e-02
2.32000e+00 2.01636e-02
2.32200e+00 2.00937e-02
2.32400e+00 2.00242e-02
2.32600e+00 1.99549e-02
2.32800e+00 1.98859e-02
2.33000e+00 1.98171e-02
2.33200e+00 1.97487e-02
2.33400e+00 1.96805e-02
2.33600e+00 1.96125e-02
2.33800e+00 1.95448e-02
2.34000e+00 1.94774e-02
2.34200e+00 1.94102e-02
2.34400e+00 1.93433e-02
2.34600e+00 1.92767e-02
2.34800e+00 1.92103e-02
2.35000e+00 1.91442e-02
2.35200e+00 1.90783e-02
2.35400e+00 1.90127e-02
2.35600e+00 1.89473e-02
2.35800e+00 1.88822e-02
2.36000e+00 1.88174e-02
2.36200e+00 1.87527e-02
2.36400e+00 1.86884e-02
2.36600e+00 1.86243e-02
2.36800e+00 1.85604e-02
2.37000e+00 1.84968e-02
2.37200e+00 1.84334e-02
2.37400e+00 1.83702e-02
2.37600e+00 1.83073e-02
2.37800e+00 1.82447e-02
2.38000e+00 1.81823e-02
2.38200e+00 1.81201e-02
2.38400e+00 1.80582e-02
2.38600e+00 1.79965e-02
2.38800e+00 1.79350e-02
2.39000e+00 1.78738e-02
2.39200e+00 1.78128e-02
2.39400e+00 1.77520e-02
2.39600e+00 1.76915e-02
2.39800e+00 1.76312e-02
2.40000e+00 1.75711e-02
2.40200e+00 1.75113e-02
2.40400e+00 1.74517e-02
2.40600e+00 1.73923e-02
2.40800e+00 1.73331e-02
2.41000e+00 1.72742e-02
2.41200e+00 1.72155e-02
2.41400e+00 1.71570e-02
2.41600e+00 1.70987e-02
2.41800e+00 1.70407e-02
2.42000e+00 1.69829e-02
2.42200e+00 1.69253e-02
2.42400e+00 1.68679e-02
2.42600e+00 1.68107e-02
2.42800e+00 1.67537e-02
2.43000e+00 1.66970e-02
2.43200e+00 1.66405e-02
2.43400e+00 1.65842e-02
2.43600e+00 1.65281e-02
2.43800e+00 1.64722e-02
2.44000e+00 1.64165e-02
2.44200e+00 1.63611e-02
2.44400e+00 1.63058e-02
2.44600e+00 1.62508e-02
2.44800e+00 1.61959e-02
2.45000e+00 1.61413e-02
2.45200e+00 1.60869e-02
2.45400e+00 1.60327e-02
2.45600e+00 1.59787e-02
2.45800e+00 1.59248e-02
2.46000e+00 1.58712e-02
2.46200e+00 1.58178e-02
2.46400e+00 1.57646e-02
2.46600e+00 1.57116e-02
2.46800e+00 1.56588e-02
2.47000e+00 1.56062e-02
2.47200e+00 1.55538e-02
2.47400e+00 1.55016e-02
2.47600e+00 1.54495e-02
2.47800e+00 1.53977e-02
2.48000e+00 1.53461e-02
2.48200e+00 1.52946e-02
2.48400e+00 1.52434e-02
2.48600e+00 1.51923e-02
2.48800e+00 1.51415e-02
2.49000e+00 1.50908e-02
2.49200e+00 1.50403e-02
2.49400e+00 1.49900e-02
2.49600e+00 1.49399e-02
2.49800e+00 1.48900e-02
2.50000e+00 1.48402e-02
2.50200e+00 1.47907e-02
2.50400e+00 1.47413e-02
2.50600e+00 1.46921e-02
2.50800e+00 1.46431e-02
2.51000e+00 1.45943e-02
2.51200e+00 1.45456e-02
2.51400e+00 1.44972e-02
2.51600e+00 1.44489e-02
2.51800e+00 1.44008e-02
2.52000e+00 1.43529e-02
2.52200e+00 1.43051e-02
2.52400e+00 1.42576e-02
2.52600e+00 1.42102e-02
2.52800e+00 1.41629e-02
2.53000e+00 1.41159e-02
2.53200e+00 1.40690e-02
2.53400e+00 1.40223e-02
2.53600e+00 1.39758e-02
2.53800e+00 1.39295e-02
2.54000e+00 1.38833e-02
2.54200e+00 1.38373e-02
2.54400e+00 1.37914e-02
2.54600e+00 1.37458e-02
2.54800e+00 1.37003e-02
2.55000e+00 1.36549e-02
2.55200e+00 1.36097e-02
2.55400e+00 1.35647e-02
2.55600e+00 1.35199e-02
2.55800e+00 1.34752e-02
2.56000e+00 1.34307e-02
2.56200e+00 1.33864e-02
2.56400e+00 1.33422e-02
2.56600e+00 1.32982e-02
2.56800e+00 1.32543e-02
2.57000e+00 1.32106e-02
2.57200e+00 1.31671e-02
2.57400e+00 1.31237e-02
2.57600e+00 1.30805e-02
2.57800e+00 1.30374e-02
2.58000e+00 1.29945e-02
2.58200e+00 1.29517e-02
2.58400e+00 1.29092e-02
2.58600e+00 1.28667e-02
2.58800e+00 1.28244e-02
2.59000e+00 1.27823e-02
2.59200e+00 1.27403e-02
2.59400e+00 1.26985e-02
2.59600e+00 1.26568e-02
2.59800e+00 1.26153e-02
2.60000e+00 1.25740e-02
2.60200e+00 1.25327e-02
2.60400e+00 1.24917e-02
2.60600e+00 1.24508e-02
2.60800e+00 1.24100e-02
2.61000e+00 1.23694e-02
2.61200e+00 1.23289e-02
2.61400e+00 1.22886e-02
2.61600e+00 1.22484e-02
2.61800e+00 1.22083e-02
2.62000e+00 1.21685e-02
2.62200e+00 1.21287e-02
2.62400e+00 1.20891e-02
2.62600e+00 1.20497e-02
2.62800e+00 1.20103e-02
2.63000e+00 1.19712e-02
2.63200e+00 1.19321e-02
2.63400e+00 1.18932e-02
2.63600e+00 1.18545e-02
2.63800e+00 1.18159e-02
2.64000e+00 1.17774e-02
2.64200e+00 1.17391e-02
2.64400e+00 1.17009e-02
2.64600e+00 1.16628e-02
2.64800e+00 1.16249e-02
2.65000e+00 1.15871e-02
2.65200e+00 1.15495e-02
2.65400e+00 1.15120e-02
2.65600e+00 1.14746e-02
2.65800e+00 1.14374e-02
2.66000e+00 1.14002e-02
2.66200e+00 1.13633e-02
2.66400e+00 1.13264e-02
2.66600e+00 1.12897e-02
2.66800e+00 1.12531e-02
2.67000e+00 1.12167e-02
2.67200e+00 1.11804e-02
2.67400e+00 1.11442e-02
2.67600e+00 1.11081e-02
2.67800e+00 1.10722e-02
2.68000e+00 1.10364e-02
2.68200e+00 1.10007e-02
2.68400e+00 1.09652e-02
2.68600e+00 1.09298e-02
2.68800e+00 1.08945e-02
2.69000e+00 1.08593e-02
2.69200e+00 1.08243e-02
2.69400e+00 1.07894e-02
2.69600e+00 1.07546e-02
2.69800e+00 1.07199e-02
2.70000e+00 1.06854e-02
2.70200e+00 1.06509e-02
2.70400e+00 1.06166e-02
2.70600e+00 1.05825e-02
2.70800e+00 1.05484e-02
2.71000e+00 1.05145e-02
2.71200e+00 1.04807e-02
2.71400e+00 1.04470e-02
2.71600e+00 1.04134e-02
2.71800e+00 1.03800e-02
2.72000e+00 1.03466e-02
2.72200e+00 1.03134e-02
2.72400e+00 1.02803e-02
2.72600e+00 1.02473e-02
2.72800e+00 1.02145e-02
2.73000e+00 1.01817e-02
2.73200e+00 1.01491e-02
2.73400e+00 1.01166e-02
2.73600e+00 1.00842e-02
2.73800e+00 1.00519e-02
2.74000e+00 1.00197e-02
2.74200e+00 9.98765e-03
2.74400e+00 9.95570e-03
2.74600e+00 9.92387e-03
2.74800e+00 9.89215e-03
2.75000e+00 9.86054e-03
2.75200e+00 9.82904e-03
2.75400e+00 9.79765e-03
2.75600e+00 9.76638e-03
2.75800e+00 9.73521e-03
2.76000e+00 9.70416e-03
2.76200e+00 9.67321e-03
2.76400e+00 9.64237e-03
2.76600e+00 9.61164e-03
2.76800e+00 9.58102e-03
2.77000e+00 9.55050e-03
2.77200e+00 9.52009e-03
2.77400e+00 9.48979e-03
2.77600e+00 9.45960e-03
2.77800e+00 9.42951e-03
2.78000e+00 9.39953e-03
2.78200e+00 9.36965e-03
2.78400e+00 9.33987e-03
2.78600e+00 9.31021e-03
2.78800e+00 9.28064e-03
2.79000e+00 9.25118e-03
2.79200e+00 9.22182e-03
2.79400e+00 9.19256e-03
2.79600e+00 9.16341e-03
2.79800e+00 9.13435e-03
2.80000e+00 9.10540e-03
2.80200e+00 9.07655e-03
2.80400e+00 9.04780e-03
2.80600e+00 9.01915e-03
2.80800e+00 8.99061e-03
2.81000e+00 8.96216e-03
2.81200e+00 8.93380e-03
2.81400e+00 8.90555e-03
2.81600e+00 8.87740e-03
2.81800e+00 8.84934e-03
2.82000e+00 8.82138e-03
2.82200e+00 8.79352e-03
2.82400e+00 8.76576e-03
2.82600e+00 8.73809e-03
2.82800e+00 8.71052e-03
2.83000e+00 8.68304e-03
2.83200e+00 8.65566e-03
2.83400e+00 8.62837e-03
2.83600e+00 8.60118e-03
2.83800e+00 8.57409e-03
2.84000e+00 8.54708e-03
2.84200e+00 8.52017e-03
2.84400e+00 8.49336e-03
2.84600e+00 8.46663e-03
2.84800e+00 8.44000e-03
2.85000e+00 8.41346e-03
2.85200e+00 8.38701e-03
2.85400e+00 8.36066e-03
2.85600e+00 8.33439e-03
2.85800e+00 8.30822e-03
2.86000e+00 8.28213e-03
2.86200e+00 8.25614e-03
2.86400e+00 8.23023e-03
2.86600e+00 8.20442e-03
2.86800e+00 8.17869e-03
2.87000e+00 8.15305e-03
2.87200e+00 8.12750e-03
2.87400e+00 8.10204e-03
2.87600e+00 8.07667e-03
2.87800e+00 8.05138e-03
2.88000e+00 8.02618e-03
2.88200e+00 8.00107e-03
2.88400e+00 7.97604e-03
2.88600e+00 7.95110e-03
2.88800e+00 7.92624e-03
2.89000e+00 7.90147e-03
2.89200e+00 7.87679e-03
2.89400e+00 7.85219e-03
2.89600e+00 7.82767e-03
2.89800e+00 7.80324e-03
2.90000e+00 7.77889e-03
2.90200e+00 7.75462e-03
2.90400e+00 7.73044e-03
2.90600e+00 7.70634e-03
2.90800e+00 7.68232e-03
2.91000e+00 7.65839e-03
2.91200e+00 7.63454e-03
2.91400e+00 7.61076e-03
2.91600e+00 7.58707e-03
2.91800e+00 7.56346e-03
2.92000e+00 7.53993e-03
2.92200e+00 7.51649e-03
2.92400e+00 7.49312e-03
2.92600e+00 7.46983e-03
2.92800e+00 7.44662e-03
2.93000e+00 7.42349e-03
2.93200e+00 7.40043e-03
2.93400e+00 7.37746e-03
2.93600e+00 7.35456e-03
2.93800e+00 7.33175e-03
2.94000e+00 7.30901e-03
2.94200e+00 7.28634e-03
2.94400e+00 7.26376e-03
2.94600e+00 7.24125e-03
2.94800e+00 7.21881e-03
2.95000e+00 7.19646e-03
2.95200e+00 7.17418e-03
2.95400e+00 7.15197e-03
2.95600e+00 7.12984e-03
2.95800e+00 7.10779e-03
2.96000e+00 7.08581e-03
2.96200e+00 7.06390e-03
2.96400e+00 7.04207e-03
2.96600e+00 7.02031e-03
2.96800e+00 6.99862e-03
2.97000e+00 6.97701e-03
2.97200e+00 6.95548e-03
2.97400e+00 6.93401e-03
2.97600e+00 6.91262e-03
2.97800e+00 6.89130e-03
2.98000e+00 6.87005e-03
2.98200e+00 6.84887e-03
2.98400e+00 6.82777e-03
2.98600e+00 6.80673e-03
2.98800e+00 6.78577e-03
2.99000e+00 6.76487e-03
2.99200e+00 6.74405e-03
2.99400e+00 6.72330e-03
2.99600e+00 6.70262e-03
2.99800e+00 6.68200e-03
3.00000e+00 6.66146e-03
3.00200e+00 6.64099e-03
3.00400e+00 6.62058e-03
3.00600e+00 6.60024e-03
3.00800e+00 6.57997e-03
3.01000e+00 6.55977e-03
3.01200e+00 6.53964e-03
3.01400e+00 6.51957e-03
3.01600e+00 6.49958e-03
3.01800e+00 6.47964e-03
3.02000e+00 6.45978e-03
3.02200e+00 6.43998e-03
3.02400e+00 6.42025e-03
3.02600e+00 6.40059e-03
3.02800e+00 6.38099e-03
3.03000e+00 6.36145e-03
3.03200e+00 6.34198e-03
3.03400e+00 6.32258e-03
3.03600e+00 6.30324e-03
3.03800e+00 6.28397e-03
3.04000e+00 6.26476e-03
3.04200e+00 6.24561e-03
3.04400e+00 6.22653e-03
3.04600e+00 6.20751e-03
3.04800e+00 6.18855e-03
3.05000e+00 6.16966e-03
3.05200e+00 6.15083e-03
3.05400e+00 6.13207e-03
3.05600e+00 6.11337e-03
3.05800e+00 6.09472e-03
3.06000e+00 6.07614e-03
3.06200e+00 6.05763e-03
3.06400e+00 6.03917e-03
3.06600e+00 6.02078e-03
3.06800e+00 6.00244e-03
3.07000e+00 5.98417e-03
3.07200e+00 5.96596e-03
3.07400e+00 5.94781e-03
3.07600e+00 5.92972e-03
3.07800e+00 5.91169e-03
3.08000e+00 5.89372e-03
3.08200e+00 5.87580e-03
3.08400e+00 5.85795e-03
3.08600e+00 5.84016e-03
3.08800e+00 5.82243e-03
3.09000e+00 5.80475e-03
3.09200e+00 5.78713e-03
3.09400e+00 5.76957e-03
3.09600e+00 5.75207e-03
3.09800e+00 5.73463e-03
3.10000e+00 5.71725e-03
3.10200e+00 5.69992e-03
3.10400e+00 5.68265e-03
3.10600e+00 5.66544e-03
3.10800e+00 5.64828e-03
3.11000e+00 5.63118e-03
3.11200e+00 5.61414e-03
3.11400e+00 5.59715e-03
3.11600e+00 5.58022e-03
3.11800e+00 5.56334e-03
3.12000e+00 5.54652e-03
3.12200e+00 5.52976e-03
3.12400e+00 5.51305e-03
3.12600e+00 5.49640e-03
3.12800e+00 5.47980e-03
3.13000e+00 5.46325e-03
3.13200e+00 5.44676e-03
3.13400e+00 5.43032e-03
3.13600e+00 5.41394e-03
3.13800e+00 5.39761e-03
3.14000e+00 5.38134e-03
3.14200e+00 5.36512e-03
3.14400e+00 5.34895e-03
3.14600e+00 5.33283e-03
3.14800e+00 5.31677e-03
3.15000e+00 5.30076e-03
3.15200e+00 5.28481e-03
3.15400e+00 5.26890e-03
3.15600e+00 5.25305e-03
3.15800e+00 5.23725e-03
3.16000e+00 5.22150e-03
3.16200e+00 5.20580e-03
3.16400e+00 5.19015e-03
3.16600e+00 5.17456e-03
3.16800e+00 5.15902e-03
3.17000e+00 5.14352e-03
3.17200e+00 5.12808e-03
3.17400e+00 5.11269e-03
3.17600e+00 5.09735e-03
3.17800e+00 5.08205e-03
3.18000e+00 5.06681e-03
3.18200e+00 5.05162e-03
3.18400e+00 5.03648e-03
3.18600e+00 5.02138e-03
3.18800e+00 5.00634e-03
3.19000e+00 4.99134e-03
3.19200e+00 4.97640e-03
3.19400e+00 4.96150e-03
3.19600e+00 4.94665e-03
3.19800e+00 4.93185e-03
3.20000e+00 4.91710e-03
3.20200e+00 4.90239e-03
3.20400e+00 4.88773e-03
3.20600e+00 4.87312e-03
3.20800e+00 4.85856e-03
3.21000e+00 4.84405e-03
3.21200e+00 4.82958e-03
3.21400e+00 4.81516e-03
3.21600e+00 4.80079e-03
3.21800e+00 4.78646e-03
3.22000e+00 4.77218e-03
3.22200e+00 4.75794e-03
3.22400e+00 4.74375e-03
3.22600e+00 4.72961e-03
3.22800e+00 4.71552e-03
3.23000e+00 4.70146e-03
3.23200e+00 4.68746e-03
3.23400e+00 4.67350e-03
3.23600e+00 4.65958e-03
3.23800e+00 4.64571e-03
3.24000e+00 4.63189e-03
3.24200e+00 4.61811e-03
3.24400e+00 4.60437e-03
3.24600e+00 4.59068e-03
3.24800e+00 4.57703e-03
3.25000e+00 4.56343e-03
3.25200e+00 4.54987e-03
3.25400e+00 4.53635e-03
3.25600e+00 4.52288e-03
3.25800e+00 4.50945e-03
3.26000e+00 4.49606e-03
3.26200e+00 4.48272e-03
3.26400e+00 4.46942e-03
3.26600e+00 4.45616e-03
3.26800e+00 4.44295e-03
3.27000e+00 4.42978e-03
3.27200e+00 4.41665e-03
3.27400e+00 4.40356e-03
3.27600e+00 4.39052e-03
3.27800e+00 4.37751e-03
3.28000e+00 4.36455e-03
3.28200e+00 4.35163e-03
3.28400e+00 4.33875e-03
3.28600e+00 4.32592e-03
3.28800e+00 4.31312e-03
3.29000e+00 4.30037e-03
3.29200e+00 4.28765e-03
3.29400e+00 4.27498e-03
3.29600e+00 4.26235e-03
3.29800e+00 4.24975e-03
3.30000e+00 4.23720e-03
3.30200e+00 4.22469e-03
3.30400e+00 4.21222e-03
3.30600e+00 4.19979e-03
3.30800e+00 4.18739e-03
3.31000e+00 4.17504e-03
3.31200e+00 4.16273e-03
3.31400e+00 4.15046e-03
3.31600e+00 4.13822e-03
3.31800e+00 4.12603e-03
3.32000e+00 4.11387e-03
3.32200e+00 4.10175e-03
3.32400e+00 4.08967e-03
3.32600e+00 4.07763e-03
3.32800e+00 4.06563e-03
3.33000e+00 4.05367e-03
3.33200e+00 4.04174e-03
3.33400e+00 4.02985e-03
3.33600e+00 4.01800e-03
3.33800e+00 4.00619e-03
3.34000e+00 3.99442e-03
3.34200e+00 3.98268e-03
3.34400e+00 3.97098e-03
3.34600e+00 3.95932e-03
3.34800e+00 3.94769e-03
3.35000e+00 3.93610e-03
3.35200e+00 3.92455e-03
3.35400e+00 3.91304e-03
3.35600e+00 3.90156e-03
3.35800e+00 3.89012e-03
3.36000e+00 3.87871e-03
3.36200e+00 3.86734e-03
3.36400e+00 3.85601e-03
3.36600e+00 3.84471e-03
3.36800e+00 3.83345e-03
3.37000e+00 3.82222e-03
3.37200e+00 3.81103e-03
3.37400e+00 3.79988e-03
3.37600e+00 3.78876e-03
3.37800e+00 3.77767e-03
3.38000e+00 3.76662e-03
3.38200e+00 3.75561e-03
3.38400e+00 3.74463e-03
3.38600e+00 3.73369e-03
3.38800e+00 3.72277e-03
3.39000e+00 3.71190e-03
3.39200e+00 3.70106e-03
3.39400e+00 3.69025e-03
3.39600e+00 3.67948e-03
3.39800e+00 3.66874e-03
3.40000e+00 3.65803e-03
3.40200e+00 3.64736e-03
3.40400e+00 3.63672e-03
3.40600e+00 3.62612e-03
3.40800e+00 3.61555e-03
3.41000e+00 3.60501e-03
3.41200e+00 3.59451e-03
3.41400e+00 3.58403e-03
3.41600e+00 3.57360e-03
3.41800e+00 3.56319e-03
3.42000e+00 3.55282e-03
3.42200e+00 3.54248e-03
3.42400e+00 3.53217e-03
3.42600e+00 3.52189e-03
3.42800e+00 3.51165e-03
3.43000e+00 3.50144e-03
3.43200e+00 3.49126e-03
3.43400e+00 3.48111e-03
3.43600e+00 3.47100e-03
3.43800e+00 3.46092e-03
3.44000e+00 3.45086e-03
3.44200e+00 3.44084e-03
3.44400e+00 3.43086e-03
3.44600e+00 3.42090e-03
3.44800e+00 3.41097e-03
3.45000e+00 3.40108e-03
3.45200e+00 3.39121e-03
3.45400e+00 3.38138e-03
3.45600e+00 3.37158e-03
3.45800e+00 3.36180e-03
3.46000e+00 3.35206e-03
3.46200e+00 3.34235e-03
3.46400e+00 3.33267e-03
3.46600e+00 3.32302e-03
3.46800e+00 3.31340e-03
3.47000e+00 3.30381e-03
3.47200e+00 3.29425e-03
3.47400e+00 3.28472e-03
3.47600e+00 3.27522e-03
3.47800e+00 3.26575e-03
3.48000e+00 3.25631e-03
3.48200e+00 3.24690e-03
3.48400e+00 3.23751e-03
3.48600e+00 3.22816e-03
3.48800e+00 3.21884e-03
3.49000e+00 3.20954e-03
3.49200e+00 3.20028e-03
3.49400e+00 3.19104e-03
3.49600e+00 3.18183e-03
3.49800e+00 3.17265e-03
3.50000e+00 3.16350e-03
3.50200e+00 3.15438e-03
3.50400e+00 3.14528e-03
3.50600e+00 3.13621e-03
3.50800e+00 3.12718e-03
3.51000e+00 3.11817e-03
3.51200e+00 3.10918e-03
3.51400e+00 3.10023e-03
3.51600e+00 3.09130e-03
3.51800e+00 3.08241e-03
3.52000e+00 3.07353e-03
3.52200e+00 3.06469e-03
3.52400e+00 3.05587e-03
3.52600e+00 3.04709e-03
3.52800e+00 3.03832e-03
3.53000e+00 3.02959e-03
3.53200e+00 3.02088e-03
3.53400e+00 3.01220e-03
3.53600e+00 3.00355e-03
3.53800e+00 2.99492e-03
3.54000e+00 2.98632e-03
3.54200e+00 2.97775e-03
3.54400e+00 2.96920e-03
3.54600e+00 2.96068e-03
3.54800e+00 2.95219e-03
3.55000e+00 2.94372e-03
3.55200e+00 2.93528e-03
3.55400e+00 2.92686e-03
3.55600e+00 2.91847e-03
3.55800e+00 2.91011e-03
3.56000e+00 2.90177e-03
3.56200e+00 2.89346e-03
3.56400e+00 2.88517e-03
3.56600e+00 2.87691e-03
3.56800e+00 2.86867e-03
3.57000e+00 2.86046e-03
3.57200e+00 2.85228e-03
3.57400e+00 2.84412e-03
3.57600e+00 2.83598e-03
3.57800e+00 2.82787e-03
3.58000e+00 2.81979e-03
3.58200e+00 2.81173e-03
3.58400e+00 2.80369e-03
3.58600e+00 2.79568e-03
3.58800e+00 2.78770e-03
3.59000e+00 2.77973e-03
3.59200e+00 2.77180e-03
3.59400e+00 2.76389e-03
3.59600e+00 2.75600e-03
3.59800e+00 2.74813e-03
3.60000e+00 2.74029e-03
3.60200e+00 2.73248e-03
3.60400e+00 2.72469e-03
3.60600e+00 2.71692e-03
3.60800e+00 2.70917e-03
3.61000e+00 2.70145e-03
3.61200e+00 2.69376e-03
3.61400e+00 2.68608e-03
3.61600e+00 2.67843e-03
3.61800e+00 2.67081e-03
3.62000e+00 2.66321e-03
3.62200e+00 2.65563e-03
3.62400e+00 2.64807e-03
3.62600e+00 2.64054e-03
3.62800e+00 2.63303e-03
3.63000e+00 2.62554e-03
3.63200e+00 2.61807e-03
3.63400e+00 2.61063e-03
3.63600e+00 2.60321e-03
3.63800e+00 2.59582e-03
3.64000e+00 2.58844e-03
3.64200e+00 2.58109e-03
3.64400e+00 2.57376e-03
3.64600e+00 2.56646e-03
3.64800e+00 2.55917e-03
3.65000e+00 2.55191e-03
3.65200e+00 2.54467e-03
3.65400e+00 2.53745e-03
3.65600e+00 2.53026e-03
3.65800e+00 2.52308e-03
3.66000e+00 2.51593e-03
3.66200e+00 2.50880e-03
3.66400e+00 2.50169e-03
3.66600e+00 2.49461e-03
3.66800e+00 2.48754e-03
3.67000e+00 2.48050e-03
3.67200e+00 2.47348e-03
3.67400e+00 2.46647e-03
3.67600e+00 2.45949e-03
3.67800e+00 2.45254e-03
3.68000e+00 2.44560e-03
3.68200e+00 2.43868e-03
3.68400e+00 2.43179e-03
3.68600e+00 2.42491e-03
3.68800e+00 2.41806e-03
3.69000e+00 2.41123e-03
3.69200e+00 2.40441e-03
3.69400e+00 2.39762e-03
3.69600e+00 2.39085e-03
3.69800e+00 2.38410e-03
3.70000e+00 2.37737e-03
3.70200e+00 2.37066e-03
3.70400e+00 2.36397e-03
3.70600e+00 2.35730e-03
3.70800e+00 2.35065e-03
3.71000e+00 2.34403e-03
3.71200e+00 2.33742e-03
3.71400e+00 2.33083e-03
3.71600e+00 2.32426e-03
3.71800e+00 2.31771e-03
3.72000e+00 2.31118e-03
3.72200e+00 2.30467e-03
3.72400e+00 2.29818e-03
3.72600e+00 2.29171e-03
3.72800e+00 2.28526e-03
3.73000e+00 2.27883e-03
3.73200e+00 2.27242e-03
3.73400e+00 2.26603e-03
3.73600e+00 2.25965e-03
3.73800e+00 2.25330e-03
3.74000e+00 2.24697e-03
3.74200e+00 2.24065e-03
3.74400e+00 2.23435e-03
3.74600e+00 2.22808e-03
3.74800e+00 2.22182e-03
3.75000e+00 2.21558e-03
3.75200e+00 2.20936e-03
3.75400e+00 2.20315e-03
3.75600e+00 2.19697e-03
3.75800e+00 2.19081e-03
3.76000e+00 2.18466e-03
3.76200e+00 2.17853e-03
3.76400e+00 2.17242e-03
3.76600e+00 2.16633e-03
3.76800e+00 2.16026e-03
3.77000e+00 2.15420e-03
3.77200e+00 2.14817e-03
3.77400e+00 2.14215e-03
3.77600e+00 2.13615e-03
3.77800e+00 2.13017e-03
3.78000e+00 2.12420e-03
3.78200e+00 2.11825e-03
3.78400e+00 2.11233e-03
3.78600e+00 2.10641e-03
3.78800e+00 2.10052e-03
3.79000e+00 2.09465e-03
3.79200e+00 2.08879e-03
3.79400e+00 2.08295e-03
3.79600e+00 2.07712e-03
3.79800e+00 2.07132e-03
3.80000e+00 2.06553e-03
3.80200e+00 2.05976e-03
3.80400e+00 2.05401e-03
3.80600e+00 2.04827e-03
3.80800e+00 2.04255e-03
3.81000e+00 2.03685e-03
3.81200e+00 2.03116e-03
3.81400e+00 2.02550e-03
3.81600e+00 2.01984e-03
3.81800e+00 2.01421e-03
3.82000e+00 2.00859e-03
3.82200e+00 2.00299e-03
3.82400e+00 1.99741e-03
3.82600e+00 1.99184e-03
3.82800e+00 1.98629e-03
3.83000e+00 1.98076e-03
3.83200e+00 1.97524e-03
3.83400e+00 1.96974e-03
3.83600e+00 1.96425e-03
3.83800e+00 1.95878e-03
3.84000e+00 1.95333e-03
3.84200e+00 1.94789e-03
3.84400e+00 1.94247e-03
3.84600e+00 1.93707e-03
3.84800e+00 1.93168e-03
3.85000e+00 1.92631e-03
3.85200e+00 1.92096e-03
3.85400e+00 1.91562e-03
3.85600e+00 1.91029e-03
3.85800e+00 1.90498e-03
3.86000e+00 1.89969e-03
3.86200e+00 1.89442e-03
3.86400e+00 1.88915e-03
3.86600e+00 1.88391e-03
3.86800e+00 1.87868e-03
3.87000e+00 1.87347e-03
3.87200e+00 1.86827e-03
3.87400e+00 1.86308e-03
3.87600e+00 1.85792e-03
3.87800e+00 1.85276e-03
3.88000e+00 1.84763e-03
3.88200e+00 1.84250e-03
3.88400e+00 1.83740e-03
3.88600e+00 1.83231e-03
3.88800e+00 1.82723e-03
3.89000e+00 1.82217e-03
3.89200e+00 1.81712e-03
3.89400e+00 1.81209e-03
3.89600e+00 1.80707e-03
3.89800e+00 1.80207e-03
3.90000e+00 1.79708e-03
3.90200e+00 1.79211e-03
3.90400e+00 1.78715e-03
3.90600e+00 1.78221e-03
3.90800e+00 1.77728e-03
3.91000e+00 1.77237e-03
3.91200e+00 1.76747e-03
3.91400e+00 1.76258e-03
3.91600e+00 1.75771e-03
3.91800e+00 1.75286e-03
3.92000e+00 1.74801e-03
3.92200e+00 1.74319e-03
3.92400e+00 1.73837e-03
3.92600e+00 1.73357e-03
3.92800e+00 1.72879e-03
3.93000e+00 1.72402e-03
3.93200e+00 1.71926e-03
3.93400e+00 1.71452e-03
3.93600e+00 1.70979e-03
3.93800e+00 1.70507e-03
3.94000e+00 1.70037e-03
3.94200e+00 1.69569e-03
3.94400e+00 1.69101e-03
3.94600e+00 1.68635e-03
3.94800e+00 1.68171e-03
3.95000e+00 1.67707e-03
3.95200e+00 1.67245e-03
3.95400e+00 1.66785e-03
3.95600e+00 1.66326e-03
3.95800e+00 1.65868e-03
3.96000e+00 1.65412e-03
3.96200e+00 1.64956e-03
3.96400e+00 1.64503e-03
3.96600e+00 1.64050e-03
3.96800e+00 1.63599e-03
3.97000e+00 1.63149e-03
3.97200e+00 1.62701e-03
3.97400e+00 1.62254e-03
3.97600e+00 1.61808e-03
3.97800e+00 1.61363e-03
3.98000e+00 1.60920e-03
3.98200e+00 1.60478e-03
3.98400e+00 1.60037e-03
3.98600e+00 1.59598e-03
3.98800e+00 1.59160e-03
3.99000e+00 1.58723e-03
3.99200e+00 1.58287e-03
3.99400e+00 1.57853e-03
3.99600e+00 1.57420e-03
3.99800e+00 1.56989e-03
4.00000e+00 1.56558e-03
4.00200e+00 1.56129e-03
4.00400e+00 1.55701e-03
4.00600e+00 1.55274e-03
4.00800e+00 1.54849e-03
4.01000e+00 1.54425e-03
4.01200e+00 1.54002e-03
4.01400e+00 1.53580e-03
4.01600e+00 1.53159e-03
4.01800e+00 1.52740e-03
4.02000e+00 1.52322e-03
4.02200e+00 1.51905e-03
4.02400e+00 1.51490e-03
4.02600e+00 1.51075e-03
4.02800e+00 1.50662e-03
4.03000e+00 1.50250e-03
4.03200e+00 1.49839e-03
4.03400e+00 1.49430e-03
4.03600e+00 1.49021e-03
4.03800e+00 1.48614e-03
4.04000e+00 1.48208e-03
4.04200e+00 1.47803e-03
4.04400e+00 1.47400e-03
4.04600e+00 1.46997e-03
4.04800e+00 1.46596e-03
4.05000e+00 1.46196e-03
4.05200e+00 1.45797e-03
4.05400e+00 1.45399e-03
4.05600e+00 1.45002e-03
4.05800e+00 1.44607e-03
4.06000e+00 1.44212e-03
4.06200e+00 1.43819e-03
4.06400e+00 1.43427e-03
4.06600e+00 1.43036e-03
4.06800e+00 1.42646e-03
4.07000e+00 1.42258e-03
4.07200e+00 1.41870e-03
4.07400e+00 1.41484e-03
4.07600e+00 1.41098e-03
4.07800e+00 1.40714e-03
4.08000e+00 1.40331e-03
4.08200e+00 1.39949e-03
4.08400e+00 1.39568e-03
4.08600e+00 1.39189e-03
4.08800e+00 1.38810e-03
4.09000e+00 1.38432e-03
4.09200e+00 1.38056e-03
4.09400e+00 1.37680e-03
4.09600e+00 1.37306e-03
4.09800e+00 1.36933e-03
4.10000e+00 1.36561e-03
4.10200e+00 1.36190e-03
4.10400e+00 1.35820e-03
4.10600e+00 1.35451e-03
4.10800e+00 1.35083e-03
4.11000e+00 1.34716e-03
4.11200e+00 1.34351e-03
4.11400e+00 1.33986e-03
4.11600e+00 1.33622e-03
4.11800e+00 1.33260e-03
4.12000e+00 1.32898e-03
4.12200e+00 1.32538e-03
4.12400e+00 1.32178e-03
4.12600e+00 1.31820e-03
4.12800e+00 1.31463e-03
4.13000e+00 1.31106e-03
4.13200e+00 1.30751e-03
4.13400e+00 1.30397e-03
4.13600e+00 1.30043e-03
4.13800e+00 1.29691e-03
4.14000e+00 1.29340e-03
4.14200e+00 1.28990e-03
4.14400e+00 1.28640e-03
4.14600e+00 1.28292e-03
4.14800e+00 1.27945e-03
4.15000e+00 1.27599e-03
4.15200e+00 1.27254e-03
4.15400e+00 1.26909e-03
4.15600e+00 1.26566e-03
4.15800e+00 1.26224e-03
4.16000e+00 1.25883e-03
4.16200e+00 1.25542e-03
4.16400e+00 1.25203e-03
4.16600e+00 1.24865e-03
4.16800e+00 1.24528e-03
4.17000e+00 1.24191e-03
4.17200e+00 1.23856e-03
4.17400e+00 1.23521e-03
4.17600e+00 1.23188e-03
4.17800e+00 1.22855e-03
4.18000e+00 1.22524e-03
4.18200e+00 1.22193e-03
4.18400e+00 1.21863e-03
4.18600e+00 1.21535e-03
4.18800e+00 1.21207e-03
4.19000e+00 1.20880e-03
4.19200e+00 1.20554e-03
4.19400e+00 1.20229e-03
4.19600e+00 1.19905e-03
4.19800e+00 1.19582e-03
4.20000e+00 1.19260e-03
4.20200e+00 1.18938e-03
4.20400e+00 1.18618e-03
4.20600e+00 1.18299e-03
4.20800e+00 1.17980e-03
4.21000e+00 1.17662e-03
4.21200e+00 1.17346e-03
4.21400e+00 1.17030e-03
4.21600e+00 1.16715e-03
4.21800e+00 1.16401e-03
4.22000e+00 1.16088e-03
4.22200e+00 1.15776e-03
4.22400e+00 1.15464e-03
4.22600e+00 1.15154e-03
4.22800e+00 1.14844e-03
4.23000e+00 1.14536e-03
4.23200e+00 1.14228e-03
4.23400e+00 1.13921e-03
4.23600e+00 1.13615e-03
4.23800e+00 1.13310e-03
4.24000e+00 1.13006e-03
4.24200e+00 1.12702e-03
4.24400e+00 1.12400e-03
4.24600e+00 1.12098e-03
4.24800e+00 1.11797e-03
4.25000e+00 1.11497e-03
4.25200e+00 1.11198e-03
4.25400e+00 1.10900e-03
4.25600e+00 1.10602e-03
4.25800e+00 1.10306e-03
4.26000e+00 1.10010e-03
4.26200e+00 1.09715e-03
4.26400e+00 1.09421e-03
4.26600e+00 1.09128e-03
4.26800e+00 1.08835e-03
4.27000e+00 1.08544e-03
4.27200e+00 1.08253e-03
4.27400e+00 1.07963e-03
4.27600e+00 1.07674e-03
4.27800e+00 1.07386e-03
4.28000e+00 1.07098e-03
4.28200e+00 1.06812e-03
4.28400e+00 1.06526e-03
4.28600e+00 1.06241e-03
4.28800e+00 1.05957e-03
4.29000e+00 1.05674e-03
4.29200e+00 1.05391e-03
4.29400e+00 1.05109e-03
4.29600e+00 1.04828e-03
4.29800e+00 1.04548e-03
4.30000e+00 1.04269e-03
4.30200e+00 1.03990e-03
4.30400e+00 1.03712e-03
4.30600e+00 1.03435e-03
4.30800e+00 1.03159e-03
4.31000e+00 1.02884e-03
4.31200e+00 1.02609e-03
4.31400e+00 1.02335e-03
4.31600e+00 1.02062e-03
4.31800e+00 1.01790e-03
4.32000e+00 1.01518e-03
4.32200e+00 1.01247e-03
4.32400e+00 1.00977e-03
4.32600e+00 1.00708e-03
4.32800e+00 1.00439e-03
4.33000e+00 1.00172e-03
4.33200e+00 9.99045e-04
4.33400e+00 9.96383e-04
4.33600e+00 9.93728e-04
4.33800e+00 9.91080e-04
4.34000e+00 9.88440e-04
4.34200e+00 9.85808e-04
4.34400e+00 9.83183e-04
4.34600e+00 9.80565e-04
4.34800e+00 9.77955e-04
4.35000e+00 9.75352e-04
4.35200e+00 9.72756e-04
4.35400e+00 9.70168e-04
4.35600e+00 9.67587e-04
4.35800e+00 9.65013e-04
4.36000e+00 9.62447e-04
4.36200e+00 9.59887e-04
4.36400e+00 9.57335e-04
4.36600e+00 9.54790e-04
4.36800e+00 9.52253e-04
4.37000e+00 9.49722e-04
4.37200e+00 9.47199e-04
4.37400e+00 9.44682e-04
4.37600e+00 9.42173e-04
4.37800e+00 9.39671e-04
4.38000e+00 9.37176e-04
4.38200e+00 9.34688e-04
4.38400e+00 9.32206e-04
4.38600e+00 9.29732e-04
4.38800e+00 9.27265e-04
4.39000e+00 9.24805e-04
4.39200e+00 9.22351e-04
4.39400e+00 9.19905e-04
4.39600e+00 9.17465e-04
4.39800e+00 9.15032e-04
4.40000e+00 9.12607e-04
4.40200e+00 9.10187e-04
4.40400e+00 9.07775e-04
4.40600e+00 9.05369e-04
4.40800e+00 9.02971e-04
4.41000e+00 9.00579e-04
4.41200e+00 8.98193e-04
4.41400e+00 8.95814e-04
4.41600e+00 8.93442e-04
4.41800e+00 8.91077e-04
4.42000e+00 8.88718e-04
4.42200e+00 8.86366e-04
4.42400e+00 8.84020e-04
4.42600e+00 8.81681e-04
4.42800e+00 8.79349e-04
4.43000e+00 8.77023e-04
4.43200e+00 8.74704e-04
4.43400e+00 8.72391e-04
4.43600e+00 8.70084e-04
4.43800e+00 8.67784e-04
4.44000e+00 8.65491e-04
4.44200e+00 8.63203e-04
4.44400e+00 8.60923e-04
4.44600e+00 8.58648e-04
4.44800e+00 8.56380e-04
4.45000e+00 8.54118e-04
4.45200e+00 8.51863e-04
4.45400e+00 8.49614e-04
4.45600e+00 8.47371e-04
4.45800e+00 8.45135e-04
4.46000e+00 8.42904e-04
4.46200e+00 8.40680e-04
4.46400e+00 8.38462e-04
4.46600e+00 8.36251e-04
4.46800e+00 8.34045e-04
4.47000e+00 8.31846e-04
4.47200e+00 8.29652e-04
4.47400e+00 8.27465e-04
4.47600e+00 8.25284e-04
4.47800e+00 8.23109e-04
4.48000e+00 8.20940e-04
4.48200e+00 8.18777e-04
4.48400e+00 8.16621e-04
4.48600e+00 8.14470e-04
4.48800e+00 8.12325e-04
4.49000e+00 8.10186e-04
4.49200e+00 8.08053e-04
4.49400e+00 8.05926e-04
4.49600e+00 8.03805e-04
4.49800e+00 8.01690e-04
4.50000e+00 7.99581e-04
4.50200e+00 7.97477e-04
4.50400e+00 7.95380e-04
4.50600e+00 7.93288e-04
4.50800e+00 7.91202e-04
4.51000e+00 7.89122e-04
4.51200e+00 7.87047e-04
4.51400e+00 7.84979e-04
4.51600e+00 7.82916e-04
4.51800e+00 7.80859e-04
4.52000e+00 7.78807e-04
4.52200e+00 7.76762e-04
4.52400e+00 7.74722e-04
4.52600e+00 7.72687e-04
4.52800e+00 7.70659e-04
4.53000e+00 7.68635e-04
4.53200e+00 7.66618e-04
4.53400e+00 7.64606e-04
4.53600e+00 7.62600e-04
4.53800e+00 7.60599e-04
4.54000e+00 7.58604e-04
4.54200e+00 7.56614e-04
4.54400e+00 7.54630e-04
4.54600e+00 7.52651e-04
4.54800e+00 7.50678e-04
4.55000e+00 7.48710e-04
4.55200e+00 7.46748e-04
4.55400e+00 7.44791e-04
4.55600e+00 7.42839e-04
4.55800e+00 7.40893e-04
4.56000e+00 7.38953e-04
4.56200e+00 7.37017e-04
4.56400e+00 7.35087e-04
4.56600e+00 7.33163e-04
4.56800e+00 7.31243e-04
4.57000e+00 7.29329e-04
4.57200e+00 7.27421e-04
4.57400e+00 7.25517e-04
4.57600e+00 7.23619e-04
4.57800e+00 7.21726e-04
4.58000e+00 7.19838e-04
4.58200e+00 7.17956e-04
4.58400e+00 7.16079e-04
4.58600e+00 7.14206e-04
4.58800e+00 7.12339e-04
4.59000e+00 7.10478e-04
4.59200e+00 7.08621e-04
4.59400e+00 7.06769e-04
4.59600e+00 7.04923e-04
4.59800e+00 7.03082e-04
4.60000e+00 7.01245e-04
4.60200e+00 6.99414e-04
4.60400e+00 6.97588e-04
4.60600e+00 6.95767e-04
4.60800e+00 6.93951e-04
4.61000e+00 6.92139e-04
4.61200e+00 6.90333e-04
4.61400e+00 6.88532e-04
4.61600e+00 6.86736e-04
4.61800e+00 6.84945e-04
4.62000e+00 6.83158e-04
4.62200e+00 6.81377e-04
4.62400e+00 6.79600e-04
4.62600e+00 6.77829e-04
4.62800e+00 6.76062e-04
4.63000e+00 6.74300e-04
4.63200e+00 6.72543e-04
4.63400e+00 6.70791e-04
4.63600e+00 6.69043e-04
4.63800e+00 6.67301e-04
4.64000e+00 6.65563e-04
4.64200e+00 6.63830e-04
4.64400e+00 6.62101e-04
4.64600e+00 6.60378e-04
4.64800e+00 6.58659e-04
4.65000e+00 6.56945e-04
4.65200e+00 6.55235e-04
4.65400e+00 6.53531e-04
4.65600e+00 6.51831e-04
4.65800e+00 6.50135e-04
4.66000e+00 6.48445e-04
4.66200e+00 6.46758e-04
4.66400e+00 6.45077e-04
4.66600e+00 6.43400e-04
4.66800e+00 6.41728e-04
4.67000e+00 6.40060e-04
4.67200e+00 6.38397e-04
4.67400e+00 6.36738e-04
4.67600e+00 6.35084e-04
4.67800e+00 6.33435e-04
4.68000e+00 6.31790e-04
4.68200e+00 6.30149e-04
4.68400e+00 6.28513e-04
4.68600e+00 6.26882e-04
4.68800e+00 6.25255e-04
4.69000e+00 6.23632e-04
4.69200e+00 6.22014e-04
4.69400e+00 6.20400e-04
4.69600e+00 6.18791e-04
4.69800e+00 6.17186e-04
4.70000e+00 6.15585e-04
4.70200e+00 6.13989e-04
4.70400e+00 6.12397e-04
4.70600e+00 6.10810e-04
4.70800e+00 6.09227e-04
4.71000e+00 6.07648e-04
4.71200e+00 6.06073e-04
4.71400e+00 6.04503e-04
4.71600e+00 6.02937e-04
4.71800e+00 6.01376e-04
4.72000e+00 5.99818e-04
4.72200e+00 5.98265e-04
4.72400e+00 5.96716e-04
4.72600e+00 5.95172e-04
4.72800e+00 5.93631e-04
4.73000e+00 5.92095e-04
4.73200e+00 5.90563e-04
4.73400e+00 5.89035e-04
4.73600e+00 5.87511e-04
4.73800e+00 5.85991e-04
4.74000e+00 5.84476e-04
4.74200e+00 5.82965e-04
4.74400e+00 5.81457e-04
4.74600e+00 5.79954e-04
4.74800e+00 5.78455e-04
4.75000e+00 5.76960e-04
4.75200e+00 5.75469e-04
4.75400e+00 5.73983e-04
4.75600e+00 5.72500e-04
4.75800e+00 5.71021e-04
4.76000e+00 5.69546e-04
4.76200e+00 5.68076e-04
4.76400e+00 5.66609e-04
4.76600e+00 5.65146e-04
4.76800e+00 5.63687e-04
4.77000e+00 5.62233e-04
4.77200e+00 5.60782e-04
4.77400e+00 5.59335e-04
4.77600e+00 5.57892e-04
4.77800e+00 5.56453e-04
4.78000e+00 5.55018e-04
4.78200e+00 5.53587e-04
4.78400e+00 5.52159e-04
4.78600e+00 5.50736e-04
4.78800e+00 5.49316e-04
4.79000e+00 5.47900e-04
4.79200e+00 5.46488e-04
4.79400e+00 5.45080e-04
4.79600e+00 5.43676e-04
4.79800e+00 5.42275e-04
4.80000e+00 5.40879e-04
4.80200e+00 5.39486e-04
4.80400e+00 5.38097e-04
4.80600e+00 5.36711e-04
4.80800e+00 5.35330e-04
4.81000e+00 5.33952e-04
4.81200e+00 5.32578e-04
4.81400e+00 5.31207e-04
4.81600e+00 5.29840e-04
4.81800e+00 5.28477e-04
4.82000e+00 5.27118e-04
4.82200e+00 5.25762e-04
4.82400e+00 5.24410e-04
4.82600e+00 5.23062e-04
4.82800e+00 5.21717e-04
4.83000e+00 5.20376e-04
4.83200e+00 5.19039e-04
4.83400e+00 5.17705e-04
4.83600e+00 5.16375e-04
4.83800e+00 5.15048e-04
4.84000e+00 5.13725e-04
4.84200e+00 5.12406e-04
4.84400e+00 5.11090e-04
4.84600e+00 5.09778e-04
4.84800e+00 5.08469e-04
4.85000e+00 5.07164e-04
4.85200e+00 5.05862e-04
4.85400e+00 5.04564e-04
4.85600e+00 5.03269e-04
4.85800e+00 5.01978e-04
4.86000e+00 5.00690e-04
4.86200e+00 4.99406e-04
4.86400e+00 4.98125e-04
4.86600e+00 4.96847e-04
4.86800e+00 4.95574e-04
4.87000e+00 4.94303e-04
4.87200e+00 4.93036e-04
4.87400e+00 4.91772e-04
4.87600e+00 4.90512e-04
4.87800e+00 4.89255e-04
4.88000e+00 4.88002e-04
4.88200e+00 4.86752e-04
4.88400e+00 4.85505e-04
4.88600e+00 4.84262e-04
4.88800e+00 4.83022e-04
4.89000e+00 4.81785e-04
4.89200e+00 4.80552e-04
4.89400e+00 4.79321e-04
4.89600e+00 4.78095e-04
4.89800e+00 4.76871e-04
4.90000e+00 4.75651e-04
4.90200e+00 4.74434e-04
4.90400e+00 4.73221e-04
4.90600e+00 4.72010e-04
4.90800e+00 4.70803e-04
4.91000e+00 4.69599e-04
4.91200e+00 4.68399e-04
4.91400e+00 4.67201e-04
4.91600e+00 4.66007e-04
4.91800e+00 4.64816e-04
4.92000e+00 4.63629e-04
4.92200e+00 4.62444e-04
4.92400e+00 4.61263e-04
4.92600e+00 4.60084e-04
4.92800e+00 4.58909e-04
4.93000e+00 4.57737e-04
4.93200e+00 4.56569e-04
4.93400e+00 4.55403e-04
4.93600e+00 4.54240e-04
4.93800e+00 4.53081e-04
4.94000e+00 4.51925e-04
4.94200e+00 4.50772e-04
4.94400e+00 4.49621e-04
4.94600e+00 4.48474e-04
4.94800e+00 4.47331e-04
4.95000e+00 4.46190e-04
4.95200e+00 4.45052e-04
4.95400e+00 4.43917e-04
4.95600e+00 4.42785e-04
4.95800e+00 4.41657e-04
4.96000e+00 4.40531e-04
4.96200e+00 4.39408e-04
4.96400e+00 4.38289e-04
4.96600e+00 4.37172e-04
4.96800e+00 4.36058e-04
4.97000e+00 4.34947e-04
4.97200e+00 4.33840e-04
4.97400e+00 4.32735e-04
4.97600e+00 4.31633e-04
4.97800e+00 4.30534e-04
4.98000e+00 4.29438e-04
4.98200e+00 4.28345e-04
4.98400e+00 4.27255e-04
4.98600e+00 4.26168e-04
4.98800e+00 4.25084e-04
4.99000e+00 4.24002e-04
4.99200e+00 4.22924e-04
4.99400e+00 4.21848e-04
4.99600e+00 4.20775e-04
4.99800e+00 4.19705e-04
5.00000e+00 4.18638e-04
5.00200e+00 4.17574e-04
5.00400e+00 4.16513e-04
5.00600e+00 4.15454e-04
5.00800e+00 4.14399e-04
5.01000e+00 4.13346e-04
5.01200e+00 4.12296e-04
5.01400e+00 4.11248e-04
5.01600e+00 4.10204e-04
5.01800e+00 4.09162e-04
5.02000e+00 4.08123e-04
5.02200e+00 4.07087e-04
5.02400e+00 4.06054e-04
5.02600e+00 4.05023e-04
5.02800e+00 4.03995e-04
5.03000e+00 4.02970e-04
5.03200e+00 4.01947e-04
5.03400e+00 4.00928e-04
5.03600e+00 3.99911e-04
5.03800e+00 3.98896e-04
5.04000e+00 3.97885e-04
5.04200e+00 3.96876e-04
5.04400e+00 3.95870e-04
5.04600e+00 3.94866e-04
5.04800e+00 3.93865e-04
5.05000e+00 3.92867e-04
5.05200e+00 3.91871e-04
5.05400e+00 3.90878e-04
5.05600e+00 3.89888e-04
5.05800e+00 3.88900e-04
5.06000e+00 3.87915e-04
5.06200e+00 3.86933e-04
5.06400e+00 3.85953e-04
5.06600e+00 3.84976e-04
5.06800e+00 3.84001e-04
5.07000e+00 3.83029e-04
5.07200e+00 3.82060e-04
5.07400e+00 3.81093e-04
5.07600e+00 3.80129e-04
5.07800e+00 3.79167e-04
5.08000e+00 3.78208e-04
5.08200e+00 3.77251e-04
5.08400e+00 3.76297e-04
5.08600e+00 3.75345e-04
5.08800e+00 3.74396e-04
5.09000e+00 3.73450e-04
5.09200e+00 3.72506e-04
5.09400e+00 3.71564e-04
5.09600e+00 3.70625e-04
5.09800e+00 3.69688e-04
5.10000e+00 3.68754e-04
5.10200e+00 3.67823e-04
5.10400e+00 3.66893e-04
5.10600e+00 3.65967e-04
5.10800e+00 3.65043e-04
5.11000e+00 3.64121e-04
5.11200e+00 3.63201e-04
5.11400e+00 3.62284e-04
5.11600e+00 3.61370e-04
5.11800e+00 3.60458e-04
5.12000e+00 3.59548e-04
5.12200e+00 3.58641e-04
5.12400e+00 3.57736e-04
5.12600e+00 3.56834e-04
5.12800e+00 3.55934e-04
5.13000e+00 3.55036e-04
5.13200e+00 3.54140e-04
5.13400e+00 3.53248e-04
5.13600e+00 3.52357e-04
5.13800e+00 3.51469e-04
5.14000e+00 3.50583e-04
5.14200e+00 3.49699e-04
5.14400e+00 3.48818e-04
5.14600e+00 3.47939e-04
5.14800e+00 3.47062e-04
5.15000e+00 3.46188e-04
5.15200e+00 3.45316e-04
5.15400e+00 3.44446e-04
5.15600e+00 3.43579e-04
5.15800e+00 3.42714e-04
5.16000e+00 3.41851e-04
5.16200e+00 3.40991e-04
5.16400e+00 3.40132e-04
5.16600e+00 3.39276e-04
5.16800e+00 3.38423e-04
5.17000e+00 3.37571e-04
5.17200e+00 3.36722e-04
5.17400e+00 3.35875e-04
5.17600e+00 3.35030e-04
5.17800e+00 3.34187e-04
5.18000e+00 3.33347e-04
5.18200e+00 3.32509e-04
5.18400e+00 3.31673e-04
5.18600e+00 3.30839e-04
5.18800e+00 3.30008e-04
5.19000e+00 3.29178e-04
5.19200e+00 3.28351e-04
5.19400e+00 3.27526e-04
5.19600e+00 3.26703e-04
5.19800e+00 3.25883e-04
5.20000e+00 3.25064e-04
5.20200e+00 3.24248e-04
5.20400e+00 3.23434e-04
5.20600e+00 3.22622e-04
5.20800e+00 3.21812e-04
5.21000e+00 3.21004e-04
5.21200e+00 3.20198e-04
5.21400e+00 3.19395e-04
5.21600e+00 3.18593e-04
5.21800e+00 3.17794e-04
5.22000e+00 3.16996e-04
5.22200e+00 3.16201e-04
5.22400e+00 3.15408e-04
5.22600e+00 3.14617e-04
5.22800e+00 3.13828e-04
5.23000e+00 3.13041e-04
5.23200e+00 3.12257e-04
5.23400e+00 3.11474e-04
5.23600e+00 3.10693e-04
5.23800e+00 3.09915e-04
5.24000e+00 3.09138e-04
5.24200e+00 3.08364e-04
5.24400e+00 3.07591e-04
5.24600e+00 3.06821e-04
5.24800e+00 3.06052e-04
5.25000e+00 3.05286e-04
5.25200e+00 3.04521e-04
5.25400e+00 3.03759e-04
5.25600e+00 3.02998e-04
5.25800e+00 3.02240e-04
5.26000e+00 3.01483e-04
5.26200e+00 3.00729e-04
5.26400e+00 2.99976e-04
5.26600e+00 2.99226e-04
5.26800e+00 2.98477e-04
5.27000e+00 2.97731e-04
5.27200e+00 2.96986e-04
5.27400e+00 2.96243e-04
5.27600e+00 2.95502e-04
5.27800e+00 2.94764e-04
5.28000e+00 2.94027e-04
5.28200e+00 2.93292e-04
5.28400e+00 2.92559e-04
5.28600e+00 2.91827e-04
5.28800e+00 2.91098e-04
5.29000e+00 2.90371e-04
5.29200e+00 2.89645e-04
5.29400e+00 2.88922e-04
5.29600e+00 2.88200e-04
5.29800e+00 2.87480e-04
5.30000e+00 2.86763e-04
5.30200e+00 2.86047e-04
5.30400e+00 2.85332e-04
5.30600e+00 2.84620e-04
5.30800e+00 2.83910e-04
5.31000e+00 2.83201e-04
5.31200e+00 2.82494e-04
5.31400e+00 2.81789e-04
5.31600e+00 2.81086e-04
5.31800e+00 2.80385e-04
5.32000e+00 2.79686e-04
5.32200e+00 2.78988e-04
5.32400e+00 2.78293e-04
5.32600e+00 2.77599e-04
5.32800e+00 2.76907e-04
5.33000e+00 2.76216e-04
5.33200e+00 2.75528e-04
5.33400e+00 2.74841e-04
5.33600e+00 2.74156e-04
5.33800e+00 2.73473e-04
5.34000e+00 2.72792e-04
5.34200e+00 2.72112e-04
5.34400e+00 2.71434e-04
5.34600e+00 2.70758e-04
5.34800e+00 2.70084e-04
5.35000e+00 2.69411e-04
5.35200e+00 2.68740e-04
5.35400e+00 2.68071e-04
5.35600e+00 2.67404e-04
5.35800e+00 2.66739e-04
5.36000e+00 2.66075e-04
5.36200e+00 2.65413e-04
5.36400e+00 2.64752e-04
5.36600e+00 2.64093e-04
5.36800e+00 2.63437e-04
5.37000e+00 2.62781e-04
5.37200e+00 2.62128e-04
5.37400e+00 2.61476e-04
5.37600e+00 2.60826e-04
5.37800e+00 2.60177e-04
5.38000e+00 2.59530e-04
5.38200e+00 2.58885e-04
5.38400e+00 2.58242e-04
5.38600e+00 2.57600e-04
5.38800e+00 2.56960e-04
5.39000e+00 2.56322e-04
5.39200e+00 2.55685e-04
5.39400e+00 2.55050e-04
5.39600e+00 2.54416e-04
5.39800e+00 2.53784e-04
5.40000e+00 2.53154e-04
5.40200e+00 2.52526e-04
5.40400e+00 2.51899e-04
5.40600e+00 2.51273e-04
5.40800e+00 2.50650e-04
5.41000e+00 2.50028e-04
5.41200e+00 2.49407e-04
5.41400e+00 2.48788e-04
5.41600e+00 2.48171e-04
5.41800e+00 2.47555e-04
5.42000e+00 2.46941e-04
5.42200e+00 2.46329e-04
5.42400e+00 2.45718e-04
5.42600e+00 2.45109e-04
5.42800e+00 2.44501e-04
5.43000e+00 2.43895e-04
5.43200e+00 2.43290e-04
5.43400e+00 2.42687e-04
5.43600e+00 2.42086e-04
5.43800e+00 2.41486e-04
5.44000e+00 2.40887e-04
5.44200e+00 2.40291e-04
5.44400e+00 2.39695e-04
5.44600e+00 2.39102e-04
5.44800e+00 2.38509e-04
5.45000e+00 2.37919e-04
5.45200e+00 2.37330e-04
5.45400e+00 2.36742e-04
5.45600e+00 2.36156e-04
5.45800e+00 2.35571e-04
5.46000e+00 2.34988e-04
5.46200e+00 2.34407e-04
5.46400e+00 2.33827e-04
5.46600e+00 2.33248e-04
5.46800e+00 2.32671e-04
5.47000e+00 2.32095e-04
5.47200e+00 2.31521e-04
5.47400e+00 2.30949e-04
5.47600e+00 2.30378e-04
5.47800e+00 2.29808e-04
5.48000e+00 2.29240e-04
5.48200e+00 2.28673e-04
5.48400e+00 2.28108e-04
5.48600e+00 2.27544e-04
5.48800e+00 2.26982e-04
5.49000e+00 2.26421e-04
5.49200e+00 2.25861e-04
5.49400e+00 2.25303e-04
5.49600e+00 2.24747e-04
5.49800e+00 2.24192e-04
5.50000e+00 2.23638e-04
5.50200e+00 2.23086e-04
5.50400e+00 2.22535e-04
5.50600e+00 2.21985e-04
5.50800e+00 2.21437e-04
5.51000e+00 2.20891e-04
5.51200e+00 2.20346e-04
5.51400e+00 2.19802e-04
5.51600e+00 2.19259e-04
5.51800e+00 2.18718e-04
5.52000e+00 2.18179e-04
5.52200e+00 2.17640e-04
5.52400e+00 2.17104e-04
5.52600e+00 2.16568e-04
5.52800e+00 2.16034e-04
5.53000e+00 2.15501e-04
5.53200e+00 2.14970e-04
5.53400e+00 2.14440e-04
5.53600e+00 2.13911e-04
5.53800e+00 2.13384e-04
5.54000e+00 2.12858e-04
5.54200e+00 2.12334e-04
5.54400e+00 2.11811e-04
5.54600e+00 2.11289e-04
5.54800e+00 2.10768e-04
5.55000e+00 2.10249e-04
5.55200e+00 2.09731e-04
5.55400e+00 2.09215e-04
5.55600e+00 2.08700e-04
5.55800e+00 2.08186e-04
5.56000e+00 2.07673e-04
5.56200e+00 2.07162e-04
5.56400e+00 2.06652e-04
5.56600e+00 2.06143e-04
5.56800e+00 2.05636e-04
5.57000e+00 2.05130e-04
5.57200e+00 2.04625e-04
5.57400e+00 2.04122e-04
5.57600e+00 2.03620e-04
5.57800e+00 2.03119e-04
5.58000e+00 2.02619e-04
5.58200e+00 2.02121e-04
5.58400e+00 2.01624e-04
5.58600e+00 2.01128e-04
5.58800e+00 2.00634e-04
5.59000e+00 2.00141e-04
5.59200e+00 1.99649e-04
5.59400e+00 1.99158e-04
5.59600e+00 1.98669e-04
5.59800e+00 1.98181e-04
5.60000e+00 1.97694e-04
5.60200e+00 1.97208e-04
5.60400e+00 1.96724e-04
5.60600e+00 1.96241e-04
5.60800e+00 1.95759e-04
5.61000e+00 1.95278e-04
5.61200e+00 1.94799e-04
5.61400e+00 1.94320e-04
5.61600e+00 1.93843e-04
5.61800e+00 1.93367e-04
5.62000e+00 1.92893e-04
5.62200e+00 1.92420e-04
5.62400e+00 1.91947e-04
5.62600e+00 1.91476e-04
5.62800e+00 1.91007e-04
5.63000e+00 1.90538e-04
5.63200e+00 1.90071e-04
5.63400e+00 1.89605e-04
5.63600e+00 1.89140e-04
5.63800e+00 1.88676e-04
5.64000e+00 1.88213e-04
5.64200e+00 1.87752e-04
5.64400e+00 1.87292e-04
5.64600e+00 1.86833e-04
5.64800e+00 1.86375e-04
5.65000e+00 1.85918e-04
5.65200e+00 1.85462e-04
5.65400e+00 1.85008e-04
5.65600e+00 1.84555e-04
5.65800e+00 1.84103e-04
5.66000e+00 1.83652e-04
5.66200e+00 1.83202e-04
5.66400e+00 1.82753e-04
5.66600e+00 1.82306e-04
5.66800e+00 1.81860e-04
5.67000e+00 1.81414e-04
5.67200e+00 1.80970e-04
5.67400e+00 1.80527e-04
5.67600e+00 1.80086e-04
5.67800e+00 1.79645e-04
5.68000e+00 1.79205e-04
5.68200e+00 1.78767e-04
5.68400e+00 1.78330e-04
5.68600e+00 1.77893e-04
5.68800e+00 1.77458e-04
5.69000e+00 1.77024e-04
5.69200e+00 1.76592e-04
5.69400e+00 1.76160e-04
5.69600e+00 1.75729e-04
5.69800e+00 1.75300e-04
5.70000e+00 1.74871e-04
5.70200e+00 1.74444e-04
5.70400e+00 1.74017e-04
5.70600e+00 1.73592e-04
5.70800e+00 1.73168e-04
5.71000e+00 1.72745e-04
5.71200e+00 1.72323e-04
5.71400e+00 1.71902e-04
5.71600e+00 1.71482e-04
5.71800e+00 1.71063e-04
5.72000e+00 1.70646e-04
5.72200e+00 1.70229e-04
5.72400e+00 1.69813e-04
5.72600e+00 1.69399e-04
5.72800e+00 1.68985e-04
5.73000e+00 1.68573e-04
5.73200e+00 1.68162e-04
5.73400e+00 1.67751e-04
5.73600e+00 1.67342e-04
5.73800e+00 1.66934e-04
5.74000e+00 1.66526e-04
5.74200e+00 1.66120e-04
5.74400e+00 1.65715e-04
5.74600e+00 1.65311e-04
5.74800e+00 1.64908e-04
5.75000e+00 1.64506e-04
5.75200e+00 1.64105e-04
5.75400e+00 1.63705e-04
5.75600e+00 1.63306e-04
5.75800e+00 1.62908e-04
5.76000e+00 1.62511e-04
5.76200e+00 1.62115e-04
5.76400e+00 1.61720e-04
5.76600e+00 1.61326e-04
5.76800e+00 1.60933e-04
5.77000e+00 1.60541e-04
5.77200e+00 1.60150e-04
5.77400e+00 1.59760e-04
5.77600e+00 1.59370e-04
5.77800e+00 1.58982e-04
5.78000e+00 1.58595e-04
5.78200e+00 1.58209e-04
5.78400e+00 1.57824e-04
5.78600e+00 1.57440e-04
5.78800e+00 1.57057e-04
5.79000e+00 1.56675e-04
5.79200e+00 1.56294e-04
5.79400e+00 1.55913e-04
5.79600e+00 1.55534e-04
5.79800e+00 1.55156e-04
5.80000e+00 1.54778e-04
5.80200e+00 1.54402e-04
5.80400e+00 1.54026e-04
5.80600e+00 1.53652e-04
5.80800e+00 1.53278e-04
5.81000e+00 1.52906e-04
5.81200e+00 1.52534e-04
5.81400e+00 1.52163e-04
5.81600e+00 1.51793e-04
5.81800e+00 1.51425e-04
5.82000e+00 1.51057e-04
5.82200e+00 1.50690e-04
5.82400e+00 1.50323e-04
5.82600e+00 1.49958e-04
5.82800e+00 1.49594e-04
5.83000e+00 1.49231e-04
5.83200e+00 1.48868e-04
5.83400e+00 1.48507e-04
5.83600e+00 1.48146e-04
5.83800e+00 1.47787e-04
5.84000e+00 1.47428e-04
5.84200e+00 1.47070e-04
5.84400e+00 1.46713e-04
5.84600e+00 1.46357e-04
5.84800e+00 1.46002e-04
5.85000e+00 1.45648e-04
5.85200e+00 1.45294e-04
5.85400e+00 1.44942e-04
5.85600e+00 1.44590e-04
5.85800e+00 1.44239e-04
5.86000e+00 1.43890e-04
5.86200e+00 1.43541e-04
5.86400e+00 1.43193e-04
5.86600e+00 1.42846e-04
5.86800e+00 1.42499e-04
5.87000e+00 1.42154e-04
5.87200e+00 1.41809e-04
5.87400e+00 1.41466e-04
5.87600e+00 1.41123e-04
5.87800e+00 1.40781e-04
5.88000e+00 1.40440e-04
5.88200e+00 1.40099e-04
5.88400e+00 1.39760e-04
5.88600e+00 1.39422e-04
5.88800e+00 1.39084e-04
5.89000e+00 1.38747e-04
5.89200e+00 1.38411e-04
5.89400e+00 1.38076e-04
5.89600e+00 1.37742e-04
5.89800e+00 1.37408e-04
5.90000e+00 1.37076e-04
5.90200e+00 1.36744e-04
5.90400e+00 1.36413e-04
5.90600e+00 1.36083e-04
5.90800e+00 1.35754e-04
5.91000e+00 1.35425e-04
5.91200e+00 1.35097e-04
5.91400e+00 1.34771e-04
5.91600e+00 1.34445e-04
5.91800e+00 1.34120e-04
5.92000e+00 1.33795e-04
5.92200e+00 1.33472e-04
5.92400e+00 1.33149e-04
5.92600e+00 1.32827e-04
5.92800e+00 1.32506e-04
5.93000e+00 1.32186e-04
5.93200e+00 1.31866e-04
5.93400e+00 1.31548e-04
5.93600e+00 1.31230e-04
5.93800e+00 1.30913e-04
5.94000e+00 1.30596e-04
5.94200e+00 1.30281e-04
5.94400e+00 1.29966e-04
5.94600e+00 1.29652e-04
5.94800e+00 1.29339e-04
5.95000e+00 1.29027e-04
5.95200e+00 1.28715e-04
5.95400e+00 1.28404e-04
5.95600e+00 1.28094e-04
5.95800e+00 1.27785e-04
5.96000e+00 1.27477e-04
5.96200e+00 1.27169e-04
5.96400e+00 1.26862e-04
5.96600e+00 1.26556e-04
5.96800e+00 1.26251e-04
5.97000e+00 1.25946e-04
5.97200e+00 1.25642e-04
5.97400e+00 1.25339e-04
5.97600e+00 1.25037e-04
5.97800e+00 1.24735e-04
5.98000e+00 1.24434e-04
5.98200e+00 1.24134e-04
5.98400e+00 1.23835e-04
5.98600e+00 1.23537e-04
5.98800e+00 1.23239e-04
5.99000e+00 1.22942e-04
5.99200e+00 1.22645e-04
5.99400e+00 1.22350e-04
5.99600e+00 1.22055e-04
5.99800e+00 1.21761e-04
