0.000000 0.000000 0.000000
0.017100 0.003333 0.000000
0.034200 0.006667 0.000000
0.051299 0.010000 0.000000
0.068399 0.013333 0.000000
0.085499 0.016667 0.000000
0.102599 0.020000 0.000000
0.119698 0.023333 0.000000
0.136798 0.026667 0.000000
0.153898 0.030000 0.000000
0.170998 0.033333 0.000000
0.188097 0.036667 0.000000
0.205197 0.040000 0.000000
0.222297 0.043333 0.000000
0.239397 0.046667 0.000000
0.256496 0.050000 0.000000
0.273596 0.053333 0.000000
0.290696 0.056667 0.000000
0.307796 0.060000 0.000000
0.324895 0.063333 0.000000
0.341995 0.066667 0.000000
0.359095 0.070000 0.000000
0.376195 0.073333 0.000000
0.393294 0.076667 0.000000
0.410394 0.080000 0.000000
0.427494 0.083333 0.000000
0.444594 0.086667 0.000000
0.461694 0.090000 0.000000
0.478793 0.093333 0.000000
0.495893 0.096667 0.000000
0.512993 0.100000 0.000000
0.530093 0.103333 0.000000
0.547192 0.106667 0.000000
0.564292 0.110000 0.000000
0.581392 0.113333 0.000000
0.598492 0.116667 0.000000
0.615591 0.120000 0.000000
0.632691 0.123333 0.000000
0.649791 0.126667 0.000000
0.666891 0.130000 0.000000
0.683990 0.133333 0.000000
0.701090 0.136667 0.000000
0.718190 0.140000 0.000000
0.735290 0.143333 0.000000
0.752389 0.146667 0.000000
0.769489 0.150000 0.000000
0.786589 0.153333 0.000000
0.803689 0.156667 0.000000
0.820788 0.160000 0.000000
0.837888 0.163333 0.000000
0.854988 0.166667 0.000005
0.872088 0.170000 0.000128
0.889187 0.173333 0.001738
0.906287 0.176667 0.013318
0.923387 0.180000 0.062264
0.940487 0.183333 0.196183
0.957587 0.186667 0.457952
0.974686 0.190000 0.835528
0.991786 0.193333 1.285630
1.008886 0.196667 1.736933
1.025986 0.200000 2.108996
1.043085 0.203333 2.379341
1.060185 0.206667 2.529642
1.077285 0.210000 2.563929
1.094385 0.213333 2.529423
1.111484 0.216667 2.445491
1.128584 0.220000 2.297420
1.145684 0.223333 2.156088
1.162784 0.226667 1.994847
1.179883 0.230000 1.845809
1.196983 0.233333 1.703516
1.214083 0.236667 1.557814
1.231183 0.240000 1.436516
1.248282 0.243333 1.330517
1.265382 0.246667 1.231508
1.282482 0.250000 1.154338
1.299582 0.253333 1.073260
1.316681 0.256667 1.010144
1.333781 0.260000 0.953202
1.350881 0.263333 0.895233
1.367981 0.266667 0.861221
1.385081 0.270000 0.824440
1.402180 0.273333 0.787138
1.419280 0.276667 0.757634
1.436380 0.280000 0.736457
1.453480 0.283333 0.711788
1.470579 0.286667 0.695727
1.487679 0.290000 0.680091
1.504779 0.293333 0.672357
1.521879 0.296667 0.667251
1.538978 0.300000 0.661690
1.556078 0.303333 0.660509
1.573178 0.306667 0.661000
1.590278 0.310000 0.665727
1.607377 0.313333 0.671459
1.624477 0.316667 0.676587
1.641577 0.320000 0.686295
1.658677 0.323333 0.700870
1.675776 0.326667 0.713364
1.692876 0.330000 0.732246
1.709976 0.333333 0.752584
1.727076 0.336667 0.775182
1.744175 0.340000 0.799932
1.761275 0.343333 0.820200
1.778375 0.346667 0.849479
1.795475 0.350000 0.875655
1.812575 0.353333 0.902870
1.829674 0.356667 0.927257
1.846774 0.360000 0.959666
1.863874 0.363333 0.985671
1.880974 0.366667 1.016784
1.898073 0.370000 1.043260
1.915173 0.373333 1.066845
1.932273 0.376667 1.090230
1.949373 0.380000 1.112504
1.966472 0.383333 1.141309
1.983572 0.386667 1.162280
2.000672 0.390000 1.177563
2.017772 0.393333 1.188973
2.034871 0.396667 1.197292
2.051971 0.400000 1.209796
2.069071 0.403333 1.211306
2.086171 0.406667 1.208000
2.103270 0.410000 1.200524
2.120370 0.413333 1.197407
2.137470 0.416667 1.186849
2.154570 0.420000 1.168771
2.171669 0.423333 1.156063
2.188769 0.426667 1.138507
2.205869 0.430000 1.120965
2.222969 0.433333 1.101327
2.240068 0.436667 1.081316
2.257168 0.440000 1.062477
2.274268 0.443333 1.041993
2.291368 0.446667 1.021889
2.308468 0.450000 1.003813
2.325567 0.453333 0.983800
2.342667 0.456667 0.968607
2.359767 0.460000 0.954305
2.376867 0.463333 0.937083
2.393966 0.466667 0.923981
2.411066 0.470000 0.914441
2.428166 0.473333 0.911192
2.445266 0.476667 0.903205
2.462365 0.480000 0.896453
2.479465 0.483333 0.889644
2.496565 0.486667 0.884958
2.513665 0.490000 0.885149
2.530764 0.493333 0.880945
2.547864 0.496667 0.881070
2.564964 0.500000 0.886279
2.582064 0.503333 0.888005
2.599163 0.506667 0.893065
2.616263 0.510000 0.899852
2.633363 0.513333 0.904614
2.650463 0.516667 0.911959
2.667562 0.520000 0.917251
2.684662 0.523333 0.928727
2.701762 0.526667 0.931718
2.718862 0.530000 0.942937
2.735962 0.533333 0.951408
2.753061 0.536667 0.965569
2.770161 0.540000 0.980227
2.787261 0.543333 0.986106
2.804361 0.546667 0.994559
2.821460 0.550000 1.003371
2.838560 0.553333 1.014371
2.855660 0.556667 1.022965
2.872760 0.560000 1.030838
2.889859 0.563333 1.034066
2.906959 0.566667 1.039379
2.924059 0.570000 1.045879
2.941159 0.573333 1.051048
2.958258 0.576667 1.055467
2.975358 0.580000 1.059103
2.992458 0.583333 1.059679
3.009558 0.586667 1.059499
3.026657 0.590000 1.060700
3.043757 0.593333 1.059242
3.060857 0.596667 1.055263
3.077957 0.600000 1.054871
3.095056 0.603333 1.052669
3.112156 0.606667 1.047300
3.129256 0.610000 1.040985
3.146356 0.613333 1.033196
3.163456 0.616667 1.031518
3.180555 0.620000 1.028049
3.197655 0.623333 1.019457
3.214755 0.626667 1.016505
3.231855 0.630000 1.011141
3.248954 0.633333 1.002768
3.266054 0.636667 0.998221
3.283154 0.640000 0.991506
3.300254 0.643333 0.986256
3.317353 0.646667 0.982306
3.334453 0.650000 0.977369
3.351553 0.653333 0.973699
3.368653 0.656667 0.968137
3.385752 0.660000 0.962571
3.402852 0.663333 0.960685
3.419952 0.666667 0.956911
3.437052 0.670000 0.957217
3.454151 0.673333 0.957885
3.471251 0.676667 0.958668
3.488351 0.680000 0.960128
3.505451 0.683333 0.959475
3.522550 0.686667 0.958137
3.539650 0.690000 0.959200
3.556750 0.693333 0.961196
3.573850 0.696667 0.963333
3.590949 0.700000 0.964860
3.608049 0.703333 0.968209
3.625149 0.706667 0.969286
3.642249 0.710000 0.973629
3.659349 0.713333 0.980089
3.676448 0.716667 0.981798
3.693548 0.720000 0.985421
3.710648 0.723333 0.987878
3.727748 0.726667 0.993086
3.744847 0.730000 0.996041
3.761947 0.733333 0.998438
3.779047 0.736667 1.000605
3.796147 0.740000 1.005065
3.813246 0.743333 1.006975
3.830346 0.746667 1.010546
3.847446 0.750000 1.011725
3.864546 0.753333 1.013070
3.881645 0.756667 1.013913
3.898745 0.760000 1.015729
3.915845 0.763333 1.015128
3.932945 0.766667 1.016683
3.950044 0.770000 1.017671
3.967144 0.773333 1.017663
3.984244 0.776667 1.015380
4.001344 0.780000 1.014702
4.018443 0.783333 1.017022
4.035543 0.786667 1.016614
4.052643 0.790000 1.015074
4.069743 0.793333 1.015819
4.086843 0.796667 1.011408
4.103942 0.800000 1.011472
4.121042 0.803333 1.008817
4.138142 0.806667 1.006400
4.155242 0.810000 1.004162
4.172341 0.813333 1.001092
4.189441 0.816667 0.999965
4.206541 0.820000 0.996216
4.223641 0.823333 0.992021
4.240740 0.826667 0.990767
4.257840 0.830000 0.988686
4.274940 0.833333 0.989141
4.292040 0.836667 0.988083
4.309139 0.840000 0.986140
4.326239 0.843333 0.985732
4.343339 0.846667 0.985841
4.360439 0.850000 0.983759
4.377538 0.853333 0.981798
4.394638 0.856667 0.982785
4.411738 0.860000 0.982598
4.428838 0.863333 0.983335
4.445937 0.866667 0.983914
4.463037 0.870000 0.983565
4.480137 0.873333 0.985526
4.497237 0.876667 0.985067
4.514336 0.880000 0.986852
4.531436 0.883333 0.987603
4.548536 0.886667 0.986983
4.565636 0.890000 0.987559
4.582736 0.893333 0.988380
4.599835 0.896667 0.989035
4.616935 0.900000 0.991936
4.634035 0.903333 0.992985
4.651135 0.906667 0.994343
4.668234 0.910000 0.994999
4.685334 0.913333 0.994707
4.702434 0.916667 0.994962
4.719534 0.920000 0.996013
4.736633 0.923333 0.996929
4.753733 0.926667 0.999171
4.770833 0.930000 1.000762
4.787933 0.933333 1.001662
4.805032 0.936667 1.001896
4.822132 0.940000 1.003282
4.839232 0.943333 1.005603
4.856332 0.946667 1.004840
4.873431 0.950000 1.005220
4.890531 0.953333 1.003751
4.907631 0.956667 1.005180
4.924731 0.960000 1.004645
4.941830 0.963333 1.003895
4.958930 0.966667 1.003806
4.976030 0.970000 1.002822
4.993130 0.973333 1.002649
5.010230 0.976667 1.002815
5.027329 0.980000 1.001929
5.044429 0.983333 1.000803
5.061529 0.986667 1.000932
5.078629 0.990000 0.998620
5.095728 0.993333 0.999454
5.112828 0.996667 0.998835
5.129928 1.000000 0.998400
5.147028 1.003333 0.987775
5.164127 1.006667 0.976881
5.181227 1.010000 0.966300
5.198327 1.013333 0.956964
5.215427 1.016667 0.945988
5.232526 1.020000 0.935064
5.249626 1.023333 0.925973
5.266726 1.026667 0.915485
5.283826 1.030000 0.906743
5.300925 1.033333 0.898756
5.318025 1.036667 0.886978
5.335125 1.040000 0.877721
5.352225 1.043333 0.868894
5.369324 1.046667 0.859018
5.386424 1.050000 0.849911
5.403524 1.053333 0.841095
5.420624 1.056667 0.831846
5.437724 1.060000 0.822906
5.454823 1.063333 0.814838
5.471923 1.066667 0.806316
5.489023 1.070000 0.798100
5.506123 1.073333 0.789076
5.523222 1.076667 0.781325
5.540322 1.080000 0.772442
5.557422 1.083333 0.764206
5.574522 1.086667 0.757916
5.591621 1.090000 0.750092
5.608721 1.093333 0.740717
5.625821 1.096667 0.732701
5.642921 1.100000 0.725587
5.660020 1.103333 0.717363
5.677120 1.106667 0.710057
5.694220 1.110000 0.701750
5.711320 1.113333 0.692951
5.728419 1.116667 0.684939
5.745519 1.120000 0.677604
5.762619 1.123333 0.669904
5.779719 1.126667 0.663890
5.796818 1.130000 0.656063
5.813918 1.133333 0.647639
5.831018 1.136667 0.639165
5.848118 1.140000 0.632523
5.865217 1.143333 0.624598
5.882317 1.146667 0.617219
5.899417 1.150000 0.609393
5.916517 1.153333 0.602840
5.933617 1.156667 0.594233
5.950716 1.160000 0.586961
5.967816 1.163333 0.577919
5.984916 1.166667 0.569685
6.002016 1.170000 0.563536
6.019115 1.173333 0.555143
6.036215 1.176667 0.547405
6.053315 1.180000 0.540394
6.070415 1.183333 0.533101
6.087514 1.186667 0.526006
6.104614 1.190000 0.518359
6.121714 1.193333 0.512354
6.138814 1.196667 0.504280
6.155913 1.200000 0.497157
6.173013 1.203333 0.491086
6.190113 1.206667 0.484222
6.207213 1.210000 0.476996
6.224312 1.213333 0.469583
6.241412 1.216667 0.462887
6.258512 1.220000 0.456559
6.275612 1.223333 0.449075
6.292711 1.226667 0.442775
6.309811 1.230000 0.436764
6.326911 1.233333 0.430606
6.344011 1.236667 0.423958
6.361111 1.240000 0.417287
6.378210 1.243333 0.411497
6.395310 1.246667 0.405156
6.412410 1.250000 0.398710
6.429510 1.253333 0.392001
6.446609 1.256667 0.386199
6.463709 1.260000 0.379220
6.480809 1.263333 0.372952
6.497909 1.266667 0.366386
6.515008 1.270000 0.359914
6.532108 1.273333 0.355338
6.549208 1.276667 0.349167
6.566308 1.280000 0.343655
6.583407 1.283333 0.337689
6.600507 1.286667 0.331198
6.617607 1.290000 0.325031
6.634707 1.293333 0.319357
6.651806 1.296667 0.313127
6.668906 1.300000 0.306616
6.686006 1.303333 0.300937
6.703106 1.306667 0.295558
6.720205 1.310000 0.290388
6.737305 1.313333 0.284634
6.754405 1.316667 0.278872
6.771505 1.320000 0.273355
6.788605 1.323333 0.267651
6.805704 1.326667 0.261996
6.822804 1.330000 0.256346
6.839904 1.333333 0.249721
6.857004 1.336667 0.243798
6.874103 1.340000 0.238180
6.891203 1.343333 0.232750
6.908303 1.346667 0.227100
6.925403 1.350000 0.221714
6.942502 1.353333 0.216267
6.959602 1.356667 0.210611
6.976702 1.360000 0.205510
6.993802 1.363333 0.200172
7.010901 1.366667 0.194916
7.028001 1.370000 0.189396
7.045101 1.373333 0.184115
7.062201 1.376667 0.178731
7.079300 1.380000 0.173020
7.096400 1.383333 0.167804
7.113500 1.386667 0.162651
7.130600 1.390000 0.157408
7.147699 1.393333 0.152412
7.164799 1.396667 0.147438
7.181899 1.400000 0.142353
7.198999 1.403333 0.137358
7.216098 1.406667 0.131992
7.233198 1.410000 0.127392
7.250298 1.413333 0.122181
7.267398 1.416667 0.117447
7.284498 1.420000 0.112341
7.301597 1.423333 0.108499
7.318697 1.426667 0.105303
7.335797 1.430000 0.101491
7.352897 1.433333 0.098056
7.369996 1.436667 0.094548
7.387096 1.440000 0.091244
7.404196 1.443333 0.088518
7.421296 1.446667 0.085902
7.438395 1.450000 0.082862
7.455495 1.453333 0.079839
7.472595 1.456667 0.077327
7.489695 1.460000 0.074580
7.506794 1.463333 0.071914
7.523894 1.466667 0.069573
7.540994 1.470000 0.066731
7.558094 1.473333 0.064598
7.575193 1.476667 0.062363
7.592293 1.480000 0.060238
7.609393 1.483333 0.058309
7.626493 1.486667 0.055933
7.643592 1.490000 0.054027
7.660692 1.493333 0.051933
7.677792 1.496667 0.050059
7.694892 1.500000 0.048419
7.711992 1.503333 0.046575
7.729091 1.506667 0.044761
7.746191 1.510000 0.042988
7.763291 1.513333 0.041437
7.780391 1.516667 0.039977
7.797490 1.520000 0.038402
7.814590 1.523333 0.037007
7.831690 1.526667 0.035658
7.848790 1.530000 0.034052
7.865889 1.533333 0.032707
7.882989 1.536667 0.031239
7.900089 1.540000 0.030009
7.917189 1.543333 0.028571
7.934288 1.546667 0.027287
7.951388 1.550000 0.025971
7.968488 1.553333 0.024728
7.985588 1.556667 0.023598
8.002687 1.560000 0.022654
8.019787 1.563333 0.021602
8.036887 1.566667 0.020731
8.053987 1.570000 0.019708
8.071086 1.573333 0.018785
8.088186 1.576667 0.017812
8.105286 1.580000 0.017017
8.122386 1.583333 0.016265
8.139486 1.586667 0.015425
8.156585 1.590000 0.014800
8.173685 1.593333 0.013898
8.190785 1.596667 0.012984
8.207885 1.600000 0.012358
8.224984 1.603333 0.011683
8.242084 1.606667 0.011021
8.259184 1.610000 0.010239
8.276284 1.613333 0.009621
8.293383 1.616667 0.009122
8.310483 1.620000 0.008594
8.327583 1.623333 0.008149
8.344683 1.626667 0.007568
8.361782 1.630000 0.007006
8.378882 1.633333 0.006574
8.395982 1.636667 0.006137
8.413082 1.640000 0.005692
8.430181 1.643333 0.005280
8.447281 1.646667 0.004823
8.464381 1.650000 0.004309
8.481481 1.653333 0.003910
8.498580 1.656667 0.003539
8.515680 1.660000 0.003233
8.532780 1.663333 0.002908
8.549880 1.666667 0.002555
8.566979 1.670000 0.002318
8.584079 1.673333 0.001995
8.601179 1.676667 0.001769
8.618279 1.680000 0.001571
8.635379 1.683333 0.001372
8.652478 1.686667 0.001205
8.669578 1.690000 0.000995
8.686678 1.693333 0.000833
8.703778 1.696667 0.000700
8.720877 1.700000 0.000575
8.737977 1.703333 0.000478
8.755077 1.706667 0.000374
8.772177 1.710000 0.000273
8.789276 1.713333 0.000193
8.806376 1.716667 0.000131
8.823476 1.720000 0.000076
8.840576 1.723333 0.000035
8.857675 1.726667 0.000013
8.874775 1.730000 0.000002
8.891875 1.733333 0.000000
8.908975 1.736667 0.000000
8.926074 1.740000 0.000000
8.943174 1.743333 0.000000
8.960274 1.746667 0.000000
8.977374 1.750000 0.000000
8.994473 1.753333 0.000000
9.011573 1.756667 0.000000
9.028673 1.760000 0.000000
9.045773 1.763333 0.000000
9.062873 1.766667 0.000000
9.079972 1.770000 0.000000
9.097072 1.773333 0.000000
9.114172 1.776667 0.000000
9.131272 1.780000 0.000000
9.148371 1.783333 0.000000
9.165471 1.786667 0.000000
9.182571 1.790000 0.000000
9.199671 1.793333 0.000000
9.216770 1.796667 0.000000
9.233870 1.800000 0.000000
9.250970 1.803333 0.000000
9.268070 1.806667 0.000000
9.285169 1.810000 0.000000
9.302269 1.813333 0.000000
9.319369 1.816667 0.000000
9.336469 1.820000 0.000000
9.353568 1.823333 0.000000
9.370668 1.826667 0.000000
9.387768 1.830000 0.000000
9.404868 1.833333 0.000000
9.421967 1.836667 0.000000
9.439067 1.840000 0.000000
9.456167 1.843333 0.000000
9.473267 1.846667 0.000000
9.490367 1.850000 0.000000
9.507466 1.853333 0.000000
9.524566 1.856667 0.000000
9.541666 1.860000 0.000000
9.558766 1.863333 0.000000
9.575865 1.866667 0.000000
9.592965 1.870000 0.000000
9.610065 1.873333 0.000000
9.627165 1.876667 0.000000
9.644264 1.880000 0.000000
9.661364 1.883333 0.000000
9.678464 1.886667 0.000000
9.695564 1.890000 0.000000
9.712663 1.893333 0.000000
9.729763 1.896667 0.000000
9.746863 1.900000 0.000000
9.763963 1.903333 0.000000
9.781062 1.906667 0.000000
9.798162 1.910000 0.000000
9.815262 1.913333 0.000000
9.832362 1.916667 0.000000
9.849461 1.920000 0.000000
9.866561 1.923333 0.000000
9.883661 1.926667 0.000000
9.900761 1.930000 0.000000
9.917860 1.933333 0.000000
9.934960 1.936667 0.000000
9.952060 1.940000 0.000000
9.969160 1.943333 0.000000
9.986260 1.946667 0.000000
10.003359 1.950000 0.000000
10.020459 1.953333 0.000000
10.037559 1.956667 0.000000
10.054659 1.960000 0.000000
10.071758 1.963333 0.000000
10.088858 1.966667 0.000000
10.105958 1.970000 0.000000
10.123058 1.973333 0.000000
10.140157 1.976667 0.000000
10.157257 1.980000 0.000000
10.174357 1.983333 0.000000
10.191457 1.986667 0.000000
10.208556 1.990000 0.000000
10.225656 1.993333 0.000000
10.242756 1.996667 0.000000
