0.000000 0.000000 0.000000
0.073681 0.003333 0.000000
0.147361 0.006667 0.000000
0.221042 0.010000 0.000000
0.294723 0.013333 0.000000
0.368403 0.016667 0.000000
0.442084 0.020000 0.000000
0.515764 0.023333 0.000000
0.589445 0.026667 0.000000
0.663126 0.030000 0.000000
0.736806 0.033333 0.000000
0.810487 0.036667 0.000000
0.884168 0.040000 0.003535
0.957848 0.043333 0.300178
1.031529 0.046667 1.438326
1.105209 0.050000 1.892038
1.178890 0.053333 1.881584
1.252571 0.056667 1.697026
1.326251 0.060000 1.523462
1.399932 0.063333 1.398578
1.473613 0.066667 1.234502
1.547293 0.070000 1.188793
1.620974 0.073333 1.094156
1.694654 0.076667 1.007600
1.768335 0.080000 1.026384
1.842016 0.083333 0.991404
1.915696 0.086667 0.966864
1.989377 0.090000 0.961668
2.063058 0.093333 0.970755
2.136738 0.096667 0.996655
2.210419 0.100000 0.985051
2.284100 0.103333 0.994588
2.357780 0.106667 0.994936
2.431461 0.110000 0.966673
2.505141 0.113333 0.942319
2.578822 0.116667 0.967084
2.652503 0.120000 0.963458
2.726183 0.123333 0.984721
2.799864 0.126667 0.964167
2.873545 0.130000 0.969156
2.947225 0.133333 0.947654
3.020906 0.136667 0.945713
3.094586 0.140000 0.929896
3.168267 0.143333 0.959475
3.241948 0.146667 0.941775
3.315628 0.150000 0.940141
3.389309 0.153333 0.932158
3.462990 0.156667 0.919356
3.536670 0.160000 0.921853
3.610351 0.163333 0.935759
3.684031 0.166667 0.937261
3.757712 0.170000 0.927459
3.831393 0.173333 0.925333
3.905073 0.176667 0.949481
3.978754 0.180000 0.952535
4.052435 0.183333 0.958742
4.126115 0.186667 0.944427
4.199796 0.190000 0.957120
4.273477 0.193333 0.939429
4.347157 0.196667 0.939128
4.420838 0.200000 0.956231
4.494518 0.203333 0.969173
4.568199 0.206667 0.972192
4.641880 0.210000 0.964513
4.715560 0.213333 0.942534
4.789241 0.216667 0.958792
4.862922 0.220000 0.968143
4.936602 0.223333 0.962633
5.010283 0.226667 0.965163
5.083963 0.230000 0.975665
5.157644 0.233333 0.955710
5.231325 0.236667 0.958931
5.305005 0.240000 0.958915
5.378686 0.243333 0.965681
5.452367 0.246667 0.975964
5.526047 0.250000 0.981050
5.599728 0.253333 0.964435
5.673409 0.256667 0.957426
5.747089 0.260000 0.966484
5.820770 0.263333 0.975548
5.894450 0.266667 0.986092
5.968131 0.270000 0.972409
6.041812 0.273333 0.966487
6.115492 0.276667 0.961764
6.189173 0.280000 0.964284
6.262854 0.283333 0.969353
6.336534 0.286667 0.964542
6.410215 0.290000 0.965988
6.483895 0.293333 0.965947
6.557576 0.296667 0.971981
6.631257 0.300000 0.971336
6.704937 0.303333 0.973799
6.778618 0.306667 0.989327
6.852299 0.310000 0.991331
6.925979 0.313333 0.982228
6.999660 0.316667 0.984375
7.073340 0.320000 0.980554
7.147021 0.323333 0.996935
7.220702 0.326667 0.998958
7.294382 0.330000 0.995892
7.368063 0.333333 0.993910
7.441744 0.336667 0.994225
7.515424 0.340000 0.997109
7.589105 0.343333 0.991516
7.662786 0.346667 0.985895
7.736466 0.350000 0.987027
7.810147 0.353333 0.998002
7.883827 0.356667 0.998327
7.957508 0.360000 0.992250
8.031189 0.363333 0.997957
8.104869 0.366667 0.994821
8.178550 0.370000 0.995353
8.252231 0.373333 0.996134
8.325911 0.376667 0.998098
8.399592 0.380000 0.998979
8.473272 0.383333 0.994667
8.546953 0.386667 0.986402
8.620634 0.390000 0.984024
8.694314 0.393333 0.983985
8.767995 0.396667 0.978487
8.841676 0.400000 0.989491
8.915356 0.403333 0.994326
8.989037 0.406667 0.991701
9.062717 0.410000 0.992748
9.136398 0.413333 1.000051
9.210079 0.416667 0.999847
9.283759 0.420000 0.997172
9.357440 0.423333 0.991129
9.431121 0.426667 0.999711
9.504801 0.430000 0.993729
9.578482 0.433333 0.993394
9.652163 0.436667 0.997968
9.725843 0.440000 0.998746
9.799524 0.443333 0.998429
9.873204 0.446667 0.994732
9.946885 0.450000 0.996169
10.020566 0.453333 0.990962
10.094246 0.456667 0.983835
10.167927 0.460000 0.990174
10.241608 0.463333 0.980630
10.315288 0.466667 0.988662
10.388969 0.470000 0.995167
10.462649 0.473333 0.992977
10.536330 0.476667 0.997729
10.610011 0.480000 0.986122
10.683691 0.483333 0.991646
10.757372 0.486667 0.989381
10.831053 0.490000 0.984702
10.904733 0.493333 0.989013
10.978414 0.496667 0.993735
11.052094 0.500000 0.990248
11.125775 0.503333 0.992788
11.199456 0.506667 0.996441
11.273136 0.510000 0.995353
11.346817 0.513333 0.995120
11.420498 0.516667 0.991265
11.494178 0.520000 0.986199
11.567859 0.523333 0.993654
11.641540 0.526667 0.993657
11.715220 0.530000 0.984066
11.788901 0.533333 0.983872
11.862581 0.536667 0.997012
11.936262 0.540000 0.996332
12.009943 0.543333 0.993858
12.083623 0.546667 0.992283
12.157304 0.550000 0.989983
12.230985 0.553333 0.993743
12.304665 0.556667 0.998353
12.378346 0.560000 0.999335
12.452026 0.563333 0.991142
12.525707 0.566667 0.994932
12.599388 0.570000 0.996531
12.673068 0.573333 0.999512
12.746749 0.576667 1.005382
12.820430 0.580000 0.994448
12.894110 0.583333 1.003010
12.967791 0.586667 1.001247
13.041472 0.590000 0.995815
13.115152 0.593333 0.994634
13.188833 0.596667 0.993573
13.262513 0.600000 0.994831
13.336194 0.603333 0.986948
13.409875 0.606667 0.991877
13.483555 0.610000 0.992961
13.557236 0.613333 0.996187
13.630917 0.616667 1.000598
13.704597 0.620000 1.001033
13.778278 0.623333 0.999573
13.851958 0.626667 0.996570
13.925639 0.630000 0.987371
13.999320 0.633333 0.985533
14.073000 0.636667 0.983987
14.146681 0.640000 0.990945
14.220362 0.643333 0.991085
14.294042 0.646667 0.993320
14.367723 0.650000 0.984019
14.441403 0.653333 0.988962
14.515084 0.656667 0.982935
14.588765 0.660000 0.979972
14.662445 0.663333 0.988092
14.736126 0.666667 0.987429
14.809807 0.670000 0.991684
14.883487 0.673333 0.993841
14.957168 0.676667 0.993731
15.030849 0.680000 0.992935
15.104529 0.683333 0.995002
15.178210 0.686667 0.989265
15.251890 0.690000 0.989529
15.325571 0.693333 0.989603
15.399252 0.696667 0.992780
15.472932 0.700000 0.994673
15.546613 0.703333 0.993926
15.620294 0.706667 0.992065
15.693974 0.710000 0.989799
15.767655 0.713333 0.992135
15.841335 0.716667 0.990703
15.915016 0.720000 0.991669
15.988697 0.723333 0.992970
16.062377 0.726667 0.994503
16.136058 0.730000 0.996002
16.209739 0.733333 0.995514
16.283419 0.736667 0.998405
16.357100 0.740000 0.996289
16.430780 0.743333 0.996319
16.504461 0.746667 0.998910
16.578142 0.750000 0.997322
16.651822 0.753333 0.997500
16.725503 0.756667 0.996135
16.799184 0.760000 0.995722
16.872864 0.763333 0.997443
16.946545 0.766667 0.997720
17.020226 0.770000 0.999247
17.093906 0.773333 0.996571
17.167587 0.776667 0.992226
17.241267 0.780000 0.988830
17.314948 0.783333 0.993457
17.388629 0.786667 0.995929
17.462309 0.790000 0.990931
17.535990 0.793333 0.995897
17.609671 0.796667 0.990439
17.683351 0.800000 0.989381
17.757032 0.803333 0.992399
17.830712 0.806667 0.991437
17.904393 0.810000 0.990703
17.978074 0.813333 0.988181
18.051754 0.816667 0.988643
18.125435 0.820000 0.990220
18.199116 0.823333 0.989040
18.272796 0.826667 0.990595
18.346477 0.830000 0.988012
18.420157 0.833333 0.992432
18.493838 0.836667 0.993536
18.567519 0.840000 0.992537
18.641199 0.843333 0.990270
18.714880 0.846667 0.992131
18.788561 0.850000 0.992263
18.862241 0.853333 0.991650
18.935922 0.856667 0.995217
19.009603 0.860000 0.996027
19.083283 0.863333 0.994512
19.156964 0.866667 0.992574
19.230644 0.870000 0.995467
19.304325 0.873333 0.996353
19.378006 0.876667 1.000503
19.451686 0.880000 0.999148
19.525367 0.883333 0.999475
19.599048 0.886667 0.992824
19.672728 0.890000 0.999550
19.746409 0.893333 0.999546
19.820089 0.896667 0.992816
19.893770 0.900000 0.994808
19.967451 0.903333 0.995997
20.041131 0.906667 0.990464
20.114812 0.910000 0.991813
20.188493 0.913333 0.990670
20.262173 0.916667 0.995284
20.335854 0.920000 0.992545
20.409535 0.923333 0.996224
20.483215 0.926667 0.997301
20.556896 0.930000 0.992263
20.630576 0.933333 0.994079
20.704257 0.936667 0.995990
20.777938 0.940000 0.993529
20.851618 0.943333 0.994692
20.925299 0.946667 0.994378
20.998980 0.950000 0.996223
21.072660 0.953333 0.994351
21.146341 0.956667 0.998389
21.220021 0.960000 0.999573
21.293702 0.963333 1.000343
21.367383 0.966667 1.000538
21.441063 0.970000 0.999866
21.514744 0.973333 0.998397
21.588425 0.976667 0.997028
21.662105 0.980000 0.995953
21.735786 0.983333 0.994471
21.809466 0.986667 0.995903
21.883147 0.990000 0.997191
21.956828 0.993333 0.995619
22.030508 0.996667 0.995201
22.104189 1.000000 0.995874
22.177870 1.003333 0.986697
22.251550 1.006667 0.978359
22.325231 1.010000 0.969328
22.398912 1.013333 0.956607
22.472592 1.016667 0.948326
22.546273 1.020000 0.936196
22.619953 1.023333 0.929297
22.693634 1.026667 0.920919
22.767315 1.030000 0.911543
22.840995 1.033333 0.900380
22.914676 1.036667 0.892865
22.988357 1.040000 0.883559
23.062037 1.043333 0.870481
23.135718 1.046667 0.863719
23.209398 1.050000 0.853677
23.283079 1.053333 0.843387
23.356760 1.056667 0.835361
23.430440 1.060000 0.824928
23.504121 1.063333 0.817456
23.577802 1.066667 0.808150
23.651482 1.070000 0.799506
23.725163 1.073333 0.790508
23.798843 1.076667 0.781051
23.872524 1.080000 0.771676
23.946205 1.083333 0.765022
24.019885 1.086667 0.758042
24.093566 1.090000 0.749980
24.167247 1.093333 0.740253
24.240927 1.096667 0.730565
24.314608 1.100000 0.721140
24.388289 1.103333 0.714542
24.461969 1.106667 0.706387
24.535650 1.110000 0.696184
24.609330 1.113333 0.688795
24.683011 1.116667 0.680742
24.756692 1.120000 0.669506
24.830372 1.123333 0.664296
24.904053 1.126667 0.658720
24.977734 1.130000 0.652780
25.051414 1.133333 0.645344
25.125095 1.136667 0.638387
25.198775 1.140000 0.629401
25.272456 1.143333 0.620880
25.346137 1.146667 0.614576
25.419817 1.150000 0.607783
25.493498 1.153333 0.598059
25.567179 1.156667 0.592640
25.640859 1.160000 0.584922
25.714540 1.163333 0.576150
25.788220 1.166667 0.569497
25.861901 1.170000 0.561831
25.935582 1.173333 0.554911
26.009262 1.176667 0.547121
26.082943 1.180000 0.539717
26.156624 1.183333 0.534888
26.230304 1.186667 0.527953
26.303985 1.190000 0.520709
26.377666 1.193333 0.513249
26.451346 1.196667 0.507948
26.525027 1.200000 0.499053
26.598707 1.203333 0.492845
26.672388 1.206667 0.483277
26.746069 1.210000 0.473840
26.819749 1.213333 0.466680
26.893430 1.216667 0.462863
26.967111 1.220000 0.454388
27.040791 1.223333 0.448261
27.114472 1.226667 0.443272
27.188152 1.230000 0.435492
27.261833 1.233333 0.425769
27.335514 1.236667 0.420497
27.409194 1.240000 0.414639
27.482875 1.243333 0.408675
27.556556 1.246667 0.401983
27.630236 1.250000 0.396252
27.703917 1.253333 0.391241
27.777597 1.256667 0.383878
27.851278 1.260000 0.378382
27.924959 1.263333 0.371420
27.998639 1.266667 0.366300
28.072320 1.270000 0.360515
28.146001 1.273333 0.354348
28.219681 1.276667 0.348125
28.293362 1.280000 0.343951
28.367043 1.283333 0.338624
28.440723 1.286667 0.331613
28.514404 1.290000 0.325063
28.588084 1.293333 0.317387
28.661765 1.296667 0.312812
28.735446 1.300000 0.308029
28.809126 1.303333 0.301029
28.882807 1.306667 0.294771
28.956488 1.310000 0.289557
29.030168 1.313333 0.286445
29.103849 1.316667 0.281389
29.177529 1.320000 0.274792
29.251210 1.323333 0.268668
29.324891 1.326667 0.262966
29.398571 1.330000 0.256862
29.472252 1.333333 0.249562
29.545933 1.336667 0.243124
29.619613 1.340000 0.238299
29.693294 1.343333 0.233638
29.766975 1.346667 0.228826
29.840655 1.350000 0.223227
29.914336 1.353333 0.217954
29.988016 1.356667 0.211636
30.061697 1.360000 0.207752
30.135378 1.363333 0.201939
30.209058 1.366667 0.195687
30.282739 1.370000 0.189614
30.356420 1.373333 0.183531
30.430100 1.376667 0.177899
30.503781 1.380000 0.173434
30.577461 1.383333 0.169266
30.651142 1.386667 0.164162
30.724823 1.390000 0.158492
30.798503 1.393333 0.153465
30.872184 1.396667 0.148147
30.945865 1.400000 0.141836
31.019545 1.403333 0.136752
31.093226 1.406667 0.132854
31.166906 1.410000 0.127718
31.240587 1.413333 0.122207
31.314268 1.416667 0.117989
31.387948 1.420000 0.114142
31.461629 1.423333 0.109494
31.535310 1.426667 0.105345
31.608990 1.430000 0.102993
31.682671 1.433333 0.099473
31.756352 1.436667 0.095006
31.830032 1.440000 0.091262
31.903713 1.443333 0.088528
31.977393 1.446667 0.085155
32.051074 1.450000 0.082547
32.124755 1.453333 0.079895
32.198435 1.456667 0.076981
32.272116 1.460000 0.073920
32.345797 1.463333 0.071755
32.419477 1.466667 0.069931
32.493158 1.470000 0.067534
32.566838 1.473333 0.064737
32.640519 1.476667 0.062556
32.714200 1.480000 0.060516
32.787880 1.483333 0.057871
32.861561 1.486667 0.055902
32.935242 1.490000 0.053479
33.008922 1.493333 0.051841
33.082603 1.496667 0.049944
33.156283 1.500000 0.048595
33.229964 1.503333 0.046752
33.303645 1.506667 0.045417
33.377325 1.510000 0.044182
33.451006 1.513333 0.042137
33.524687 1.516667 0.040027
33.598367 1.520000 0.038550
33.672048 1.523333 0.037155
33.745729 1.526667 0.035452
33.819409 1.530000 0.034200
33.893090 1.533333 0.033157
33.966770 1.536667 0.031941
34.040451 1.540000 0.030873
34.114132 1.543333 0.028987
34.187812 1.546667 0.027835
34.261493 1.550000 0.026696
34.335174 1.553333 0.025581
34.408854 1.556667 0.024170
34.482535 1.560000 0.022991
34.556215 1.563333 0.021667
34.629896 1.566667 0.020850
34.703577 1.570000 0.020201
34.777257 1.573333 0.019081
34.850938 1.576667 0.018361
34.924619 1.580000 0.017453
34.998299 1.583333 0.016895
35.071980 1.586667 0.015684
35.145660 1.590000 0.014789
35.219341 1.593333 0.014116
35.293022 1.596667 0.013292
35.366702 1.600000 0.012379
35.440383 1.603333 0.011727
35.514064 1.606667 0.011179
35.587744 1.610000 0.010553
35.661425 1.613333 0.009975
35.735106 1.616667 0.009256
35.808786 1.620000 0.008987
35.882467 1.623333 0.008417
35.956147 1.626667 0.008007
36.029828 1.630000 0.007332
36.103509 1.633333 0.006848
36.177189 1.636667 0.006427
36.250870 1.640000 0.006079
36.324551 1.643333 0.005498
36.398231 1.646667 0.004877
36.471912 1.650000 0.004452
36.545592 1.653333 0.003983
36.619273 1.656667 0.003608
36.692954 1.660000 0.003201
36.766634 1.663333 0.002992
36.840315 1.666667 0.002802
36.913996 1.670000 0.002446
36.987676 1.673333 0.002252
37.061357 1.676667 0.001890
37.135038 1.680000 0.001616
37.208718 1.683333 0.001373
37.282399 1.686667 0.001165
37.356079 1.690000 0.001029
37.429760 1.693333 0.000869
37.503441 1.696667 0.000674
37.577121 1.700000 0.000560
37.650802 1.703333 0.000466
37.724483 1.706667 0.000350
37.798163 1.710000 0.000299
37.871844 1.713333 0.000195
37.945524 1.716667 0.000135
38.019205 1.720000 0.000083
38.092886 1.723333 0.000042
38.166566 1.726667 0.000016
38.240247 1.730000 0.000001
38.313928 1.733333 0.000000
38.387608 1.736667 0.000000
38.461289 1.740000 0.000000
38.534969 1.743333 0.000000
38.608650 1.746667 0.000000
38.682331 1.750000 0.000000
38.756011 1.753333 0.000000
38.829692 1.756667 0.000000
38.903373 1.760000 0.000000
38.977053 1.763333 0.000000
39.050734 1.766667 0.000000
39.124415 1.770000 0.000000
39.198095 1.773333 0.000000
39.271776 1.776667 0.000000
39.345456 1.780000 0.000000
39.419137 1.783333 0.000000
39.492818 1.786667 0.000000
39.566498 1.790000 0.000000
39.640179 1.793333 0.000000
39.713860 1.796667 0.000000
39.787540 1.800000 0.000000
39.861221 1.803333 0.000000
39.934901 1.806667 0.000000
40.008582 1.810000 0.000000
40.082263 1.813333 0.000000
40.155943 1.816667 0.000000
40.229624 1.820000 0.000000
40.303305 1.823333 0.000000
40.376985 1.826667 0.000000
40.450666 1.830000 0.000000
40.524346 1.833333 0.000000
40.598027 1.836667 0.000000
40.671708 1.840000 0.000000
40.745388 1.843333 0.000000
40.819069 1.846667 0.000000
40.892750 1.850000 0.000000
40.966430 1.853333 0.000000
41.040111 1.856667 0.000000
41.113792 1.860000 0.000000
41.187472 1.863333 0.000000
41.261153 1.866667 0.000000
41.334833 1.870000 0.000000
41.408514 1.873333 0.000000
41.482195 1.876667 0.000000
41.555875 1.880000 0.000000
41.629556 1.883333 0.000000
41.703237 1.886667 0.000000
41.776917 1.890000 0.000000
41.850598 1.893333 0.000000
41.924278 1.896667 0.000000
41.997959 1.900000 0.000000
42.071640 1.903333 0.000000
42.145320 1.906667 0.000000
42.219001 1.910000 0.000000
42.292682 1.913333 0.000000
42.366362 1.916667 0.000000
42.440043 1.920000 0.000000
42.513723 1.923333 0.000000
42.587404 1.926667 0.000000
42.661085 1.930000 0.000000
42.734765 1.933333 0.000000
42.808446 1.936667 0.000000
42.882127 1.940000 0.000000
42.955807 1.943333 0.000000
43.029488 1.946667 0.000000
43.103169 1.950000 0.000000
43.176849 1.953333 0.000000
43.250530 1.956667 0.000000
43.324210 1.960000 0.000000
43.397891 1.963333 0.000000
43.471572 1.966667 0.000000
43.545252 1.970000 0.000000
43.618933 1.973333 0.000000
43.692614 1.976667 0.000000
43.766294 1.980000 0.000000
43.839975 1.983333 0.000000
43.913655 1.986667 0.000000
43.987336 1.990000 0.000000
44.061017 1.993333 0.000000
44.134697 1.996667 0.000000
