0.000000 0.000000 0.000000
0.049120 0.003333 0.000000
0.098241 0.006667 0.000000
0.147361 0.010000 0.000000
0.196482 0.013333 0.000000
0.245602 0.016667 0.000000
0.294723 0.020000 0.000000
0.343843 0.023333 0.000000
0.392963 0.026667 0.000000
0.442084 0.030000 0.000000
0.491204 0.033333 0.000000
0.540325 0.036667 0.000000
0.589445 0.040000 0.000000
0.638565 0.043333 0.000000
0.687686 0.046667 0.000000
0.736806 0.050000 0.000000
0.785927 0.053333 0.000000
0.835047 0.056667 0.000000
0.884168 0.060000 0.000000
0.933288 0.063333 0.000000
0.982408 0.066667 0.000000
1.031529 0.070000 0.000000
1.080649 0.073333 0.000000
1.129770 0.076667 0.000000
1.178890 0.080000 0.000000
1.228010 0.083333 0.000000
1.277131 0.086667 0.000000
1.326251 0.090000 0.000000
1.375372 0.093333 0.003690
1.424492 0.096667 0.012054
1.473613 0.100000 0.014499
1.522733 0.103333 0.009062
1.571853 0.106667 0.012769
1.620974 0.110000 0.014689
1.670094 0.113333 0.022034
1.719215 0.116667 0.032702
1.768335 0.120000 0.048371
1.817456 0.123333 0.054884
1.866576 0.126667 0.070775
1.915696 0.130000 0.087888
1.964817 0.133333 0.109642
2.013937 0.136667 0.087888
2.063058 0.140000 0.061399
2.112178 0.143333 0.057420
2.161298 0.146667 0.080222
2.210419 0.150000 0.095918
2.259539 0.153333 0.086639
2.308660 0.156667 0.095318
2.357780 0.160000 0.072951
2.406901 0.163333 0.066058
2.456021 0.166667 0.074633
2.505141 0.170000 0.079957
2.554262 0.173333 0.081833
2.603382 0.176667 0.095035
2.652503 0.180000 0.104698
2.701623 0.183333 0.132585
2.750744 0.186667 0.131924
2.799864 0.190000 0.133268
2.848984 0.193333 0.134663
2.898105 0.196667 0.149013
2.947225 0.200000 0.164601
2.996346 0.203333 0.186632
3.045466 0.206667 0.215622
3.094586 0.210000 0.223008
3.143707 0.213333 0.241184
3.192827 0.216667 0.277717
3.241948 0.220000 0.337886
3.291068 0.223333 0.377124
3.340189 0.226667 0.396218
3.389309 0.230000 0.422131
3.438429 0.233333 0.455019
3.487550 0.236667 0.474775
3.536670 0.240000 0.489996
3.585791 0.243333 0.508519
3.634911 0.246667 0.565841
3.684031 0.250000 0.622203
3.733152 0.253333 0.678389
3.782272 0.256667 0.740594
3.831393 0.260000 0.735101
3.880513 0.263333 0.748026
3.929634 0.266667 0.772574
3.978754 0.270000 0.802469
4.027874 0.273333 0.875836
4.076995 0.276667 0.950102
4.126115 0.280000 0.995649
4.175236 0.283333 1.029798
4.224356 0.286667 1.057102
4.273477 0.290000 1.081821
4.322597 0.293333 1.113673
4.371717 0.296667 1.118394
4.420838 0.300000 1.131968
4.469958 0.303333 1.179234
4.519079 0.306667 1.224202
4.568199 0.310000 1.244444
4.617319 0.313333 1.316592
4.666440 0.316667 1.366974
4.715560 0.320000 1.410650
4.764681 0.323333 1.419700
4.813801 0.326667 1.492817
4.862922 0.330000 1.514508
4.912042 0.333333 1.540460
4.961162 0.336667 1.543860
5.010283 0.340000 1.516879
5.059403 0.343333 1.487639
5.108524 0.346667 1.490939
5.157644 0.350000 1.479506
5.206765 0.353333 1.456675
5.255885 0.356667 1.462707
5.305005 0.360000 1.470115
5.354126 0.363333 1.437074
5.403246 0.366667 1.418792
5.452367 0.370000 1.381281
5.501487 0.373333 1.361453
5.550607 0.376667 1.307959
5.599728 0.380000 1.274124
5.648848 0.383333 1.241709
5.697969 0.386667 1.225508
5.747089 0.390000 1.207777
5.796210 0.393333 1.159088
5.845330 0.396667 1.129695
5.894450 0.400000 1.107617
5.943571 0.403333 1.105044
5.992691 0.406667 1.069498
6.041812 0.410000 1.015989
6.090932 0.413333 0.976286
6.140052 0.416667 0.936430
6.189173 0.420000 0.912786
6.238293 0.423333 0.895113
6.287414 0.426667 0.885411
6.336534 0.430000 0.867321
6.385655 0.433333 0.821914
6.434775 0.436667 0.809288
6.483895 0.440000 0.793447
6.533016 0.443333 0.779881
6.582136 0.446667 0.771352
6.631257 0.450000 0.751805
6.680377 0.453333 0.742961
6.729498 0.456667 0.732115
6.778618 0.460000 0.721034
6.827738 0.463333 0.716510
6.876859 0.466667 0.716748
6.925979 0.470000 0.705830
6.975100 0.473333 0.686511
7.024220 0.476667 0.690950
7.073340 0.480000 0.696098
7.122461 0.483333 0.695271
7.171581 0.486667 0.700266
7.220702 0.490000 0.709885
7.269822 0.493333 0.729819
7.318943 0.496667 0.733466
7.368063 0.500000 0.752501
7.417183 0.503333 0.777045
7.466304 0.506667 0.791537
7.515424 0.510000 0.794488
7.564545 0.513333 0.808441
7.613665 0.516667 0.810721
7.662786 0.520000 0.840382
7.711906 0.523333 0.845061
7.761026 0.526667 0.858085
7.810147 0.530000 0.869746
7.859267 0.533333 0.889981
7.908388 0.536667 0.923067
7.957508 0.540000 0.949967
8.006628 0.543333 0.970563
8.055749 0.546667 0.986325
8.104869 0.550000 1.008996
8.153990 0.553333 1.022538
8.203110 0.556667 1.041054
8.252231 0.560000 1.065184
8.301351 0.563333 1.075788
8.350471 0.566667 1.111333
8.399592 0.570000 1.113697
8.448712 0.573333 1.107546
8.497833 0.576667 1.125286
8.546953 0.580000 1.139890
8.596073 0.583333 1.131049
8.645194 0.586667 1.150118
8.694314 0.590000 1.163453
8.743435 0.593333 1.154429
8.792555 0.596667 1.155091
8.841676 0.600000 1.163121
8.890796 0.603333 1.165171
8.939916 0.606667 1.158917
8.989037 0.610000 1.168641
9.038157 0.613333 1.152617
9.087278 0.616667 1.151091
9.136398 0.620000 1.146277
9.185519 0.623333 1.156080
9.234639 0.626667 1.149414
9.283759 0.630000 1.145057
9.332880 0.633333 1.146985
9.382000 0.636667 1.139022
9.431121 0.640000 1.118766
9.480241 0.643333 1.099987
9.529361 0.646667 1.092053
9.578482 0.650000 1.090556
9.627602 0.653333 1.072362
9.676723 0.656667 1.069253
9.725843 0.660000 1.063395
9.774964 0.663333 1.063211
9.824084 0.666667 1.050917
9.873204 0.670000 1.045199
9.922325 0.673333 1.035889
9.971445 0.676667 1.028755
10.020566 0.680000 1.019095
10.069686 0.683333 1.001837
10.118807 0.686667 0.994705
10.167927 0.690000 0.969842
10.217047 0.693333 0.948116
10.266168 0.696667 0.947572
10.315288 0.700000 0.959189
10.364409 0.703333 0.945265
10.413529 0.706667 0.951856
10.462649 0.710000 0.954616
10.511770 0.713333 0.954156
10.560890 0.716667 0.955584
10.610011 0.720000 0.939934
10.659131 0.723333 0.940024
10.708252 0.726667 0.941265
10.757372 0.730000 0.937296
10.806492 0.733333 0.938971
10.855613 0.736667 0.945388
10.904733 0.740000 0.954317
10.953854 0.743333 0.942976
11.002974 0.746667 0.948124
11.052094 0.750000 0.948944
11.101215 0.753333 0.946762
11.150335 0.756667 0.945494
11.199456 0.760000 0.947929
11.248576 0.763333 0.947554
11.297697 0.766667 0.938081
11.346817 0.770000 0.928526
11.395937 0.773333 0.936789
11.445058 0.776667 0.930542
11.494178 0.780000 0.940283
11.543299 0.783333 0.930464
11.592419 0.786667 0.934656
11.641540 0.790000 0.929672
11.690660 0.793333 0.922103
11.739780 0.796667 0.919448
11.788901 0.800000 0.921690
11.838021 0.803333 0.922630
11.887142 0.806667 0.924874
11.936262 0.810000 0.919897
11.985382 0.813333 0.921037
12.034503 0.816667 0.922079
12.083623 0.820000 0.917535
12.132744 0.823333 0.919776
12.181864 0.826667 0.928006
12.230985 0.830000 0.927142
12.280105 0.833333 0.929022
12.329225 0.836667 0.935155
12.378346 0.840000 0.931124
12.427466 0.843333 0.923232
12.476587 0.846667 0.920631
12.525707 0.850000 0.926938
12.574828 0.853333 0.927527
12.623948 0.856667 0.938905
12.673068 0.860000 0.940940
12.722189 0.863333 0.942683
12.771309 0.866667 0.945906
12.820430 0.870000 0.962136
12.869550 0.873333 0.968000
12.918670 0.876667 0.986127
12.967791 0.880000 1.001672
13.016911 0.883333 1.026139
13.066032 0.886667 1.045242
13.115152 0.890000 1.056334
13.164273 0.893333 1.062627
13.213393 0.896667 1.070305
13.262513 0.900000 1.085541
13.311634 0.903333 1.087624
13.360754 0.906667 1.092351
13.409875 0.910000 1.099274
13.458995 0.913333 1.118689
13.508115 0.916667 1.126843
13.557236 0.920000 1.124363
13.606356 0.923333 1.128311
13.655477 0.926667 1.127643
13.704597 0.930000 1.112318
13.753718 0.933333 1.102172
13.802838 0.936667 1.091774
13.851958 0.940000 1.084086
13.901079 0.943333 1.075118
13.950199 0.946667 1.076795
13.999320 0.950000 1.074193
14.048440 0.953333 1.077443
14.097561 0.956667 1.082980
14.146681 0.960000 1.075927
14.195801 0.963333 1.064081
14.244922 0.966667 1.062317
14.294042 0.970000 1.067220
14.343163 0.973333 1.062913
14.392283 0.976667 1.049280
14.441403 0.980000 1.037285
14.490524 0.983333 1.033752
14.539644 0.986667 1.021446
14.588765 0.990000 1.011542
14.637885 0.993333 1.002606
14.687006 0.996667 1.004218
14.736126 1.000000 0.987645
14.785246 1.003333 0.949399
14.834367 1.006667 0.922930
14.883487 1.010000 0.913612
14.932608 1.013333 0.900590
14.981728 1.016667 0.888401
15.030849 1.020000 0.883076
15.079969 1.023333 0.885322
15.129089 1.026667 0.874371
15.178210 1.030000 0.870976
15.227330 1.033333 0.867139
15.276451 1.036667 0.858066
15.325571 1.040000 0.850151
15.374691 1.043333 0.834450
15.423812 1.046667 0.820962
15.472932 1.050000 0.804662
15.522053 1.053333 0.781938
15.571173 1.056667 0.766702
15.620294 1.060000 0.758985
15.669414 1.063333 0.738590
15.718534 1.066667 0.715028
15.767655 1.070000 0.693608
15.816775 1.073333 0.681676
15.865896 1.076667 0.671818
15.915016 1.080000 0.666268
15.964136 1.083333 0.654874
16.013257 1.086667 0.638525
16.062377 1.090000 0.638362
16.111498 1.093333 0.631558
16.160618 1.096667 0.632203
16.209739 1.100000 0.625261
16.258859 1.103333 0.616612
16.307979 1.106667 0.607683
16.357100 1.110000 0.601774
16.406220 1.113333 0.586079
16.455341 1.116667 0.580473
16.504461 1.120000 0.578537
16.553582 1.123333 0.574535
16.602702 1.126667 0.564625
16.651822 1.130000 0.565484
16.700943 1.133333 0.561373
16.750063 1.136667 0.558777
16.799184 1.140000 0.558451
16.848304 1.143333 0.560285
16.897424 1.146667 0.563617
16.946545 1.150000 0.568168
16.995665 1.153333 0.562366
17.044786 1.156667 0.567977
17.093906 1.160000 0.576797
17.143027 1.163333 0.587709
17.192147 1.166667 0.597499
17.241267 1.170000 0.604597
17.290388 1.173333 0.611665
17.339508 1.176667 0.616353
17.388629 1.180000 0.621807
17.437749 1.183333 0.625649
17.486870 1.186667 0.635121
17.535990 1.190000 0.640011
17.585110 1.193333 0.647716
17.634231 1.196667 0.648982
17.683351 1.200000 0.649648
17.732472 1.203333 0.655434
17.781592 1.206667 0.649205
17.830712 1.210000 0.646387
17.879833 1.213333 0.647329
17.928953 1.216667 0.636494
17.978074 1.220000 0.627061
18.027194 1.223333 0.614865
18.076315 1.226667 0.597212
18.125435 1.230000 0.581343
18.174555 1.233333 0.569229
18.223676 1.236667 0.547637
18.272796 1.240000 0.529984
18.321917 1.243333 0.515950
18.371037 1.246667 0.494834
18.420157 1.250000 0.476917
18.469278 1.253333 0.460076
18.518398 1.256667 0.442292
18.567519 1.260000 0.424962
18.616639 1.263333 0.402381
18.665760 1.266667 0.380631
18.714880 1.270000 0.359551
18.764000 1.273333 0.339005
18.813121 1.276667 0.323288
18.862241 1.280000 0.307786
18.911362 1.283333 0.289894
18.960482 1.286667 0.273061
19.009603 1.290000 0.257135
19.058723 1.293333 0.243570
19.107843 1.296667 0.233785
19.156964 1.300000 0.220977
19.206084 1.303333 0.209612
19.255205 1.306667 0.195820
19.304325 1.310000 0.187620
19.353445 1.313333 0.176279
19.402566 1.316667 0.167341
19.451686 1.320000 0.160630
19.500807 1.323333 0.157058
19.549927 1.326667 0.150070
19.599048 1.330000 0.147352
19.648168 1.333333 0.143464
19.697288 1.336667 0.139742
19.746409 1.340000 0.137263
19.795529 1.343333 0.137619
19.844650 1.346667 0.134407
19.893770 1.350000 0.135791
19.942891 1.353333 0.137936
19.992011 1.356667 0.140035
20.041131 1.360000 0.139593
20.090252 1.363333 0.143711
20.139372 1.366667 0.145418
20.188493 1.370000 0.142937
20.237613 1.373333 0.146407
20.286733 1.376667 0.151572
20.335854 1.380000 0.153158
20.384974 1.383333 0.157183
20.434095 1.386667 0.155807
20.483215 1.390000 0.157740
20.532336 1.393333 0.155725
20.581456 1.396667 0.158164
20.630576 1.400000 0.156188
20.679697 1.403333 0.156684
20.728817 1.406667 0.163705
20.777938 1.410000 0.166133
20.827058 1.413333 0.162998
20.876178 1.416667 0.161041
20.925299 1.420000 0.159710
20.974419 1.423333 0.160456
21.023540 1.426667 0.162801
21.072660 1.430000 0.164014
21.121781 1.433333 0.163367
21.170901 1.436667 0.166027
21.220021 1.440000 0.164808
21.269142 1.443333 0.162126
21.318262 1.446667 0.162274
21.367383 1.450000 0.158519
21.416503 1.453333 0.153463
21.465624 1.456667 0.146318
21.514744 1.460000 0.139127
21.563864 1.463333 0.130631
21.612985 1.466667 0.125207
21.662105 1.470000 0.120662
21.711226 1.473333 0.115142
21.760346 1.476667 0.106314
21.809466 1.480000 0.096809
21.858587 1.483333 0.089998
21.907707 1.486667 0.084311
21.956828 1.490000 0.076940
22.005948 1.493333 0.069162
22.055069 1.496667 0.061696
22.104189 1.500000 0.055840
22.153309 1.503333 0.049296
22.202430 1.506667 0.044053
22.251550 1.510000 0.039796
22.300671 1.513333 0.035522
22.349791 1.516667 0.030548
22.398912 1.520000 0.025747
22.448032 1.523333 0.023315
22.497152 1.526667 0.021295
22.546273 1.530000 0.017682
22.595393 1.533333 0.015937
22.644514 1.536667 0.014390
22.693634 1.540000 0.012640
22.742754 1.543333 0.012076
22.791875 1.546667 0.010350
22.840995 1.550000 0.009081
22.890116 1.553333 0.008127
22.939236 1.556667 0.007660
22.988357 1.560000 0.007368
23.037477 1.563333 0.006347
23.086597 1.566667 0.005968
23.135718 1.570000 0.006155
23.184838 1.573333 0.006038
23.233959 1.576667 0.005903
23.283079 1.580000 0.005382
23.332199 1.583333 0.005469
23.381320 1.586667 0.004954
23.430440 1.590000 0.005406
23.479561 1.593333 0.005161
23.528681 1.596667 0.005808
23.577802 1.600000 0.005316
23.626922 1.603333 0.005168
23.676042 1.606667 0.005353
23.725163 1.610000 0.005863
23.774283 1.613333 0.005427
23.823404 1.616667 0.005869
23.872524 1.620000 0.005506
23.921645 1.623333 0.006010
23.970765 1.626667 0.006453
24.019885 1.630000 0.006583
24.069006 1.633333 0.007133
24.118126 1.636667 0.007578
24.167247 1.640000 0.007860
24.216367 1.643333 0.007923
24.265487 1.646667 0.008657
24.314608 1.650000 0.008686
24.363728 1.653333 0.008807
24.412849 1.656667 0.009053
24.461969 1.660000 0.009035
24.511090 1.663333 0.008524
24.560210 1.666667 0.008630
24.609330 1.670000 0.008599
24.658451 1.673333 0.008330
24.707571 1.676667 0.008111
24.756692 1.680000 0.007735
24.805812 1.683333 0.007323
24.854933 1.686667 0.006344
24.904053 1.690000 0.005618
24.953173 1.693333 0.005075
25.002294 1.696667 0.004483
25.051414 1.700000 0.004230
25.100535 1.703333 0.003280
25.149655 1.706667 0.002425
25.198775 1.710000 0.001913
25.247896 1.713333 0.001699
25.297016 1.716667 0.001311
25.346137 1.720000 0.001006
25.395257 1.723333 0.000548
25.444378 1.726667 0.000262
25.493498 1.730000 0.000039
25.542618 1.733333 0.000000
25.591739 1.736667 0.000000
25.640859 1.740000 0.000000
25.689980 1.743333 0.000000
25.739100 1.746667 0.000000
25.788220 1.750000 0.000000
25.837341 1.753333 0.000000
25.886461 1.756667 0.000000
25.935582 1.760000 0.000000
25.984702 1.763333 0.000000
26.033823 1.766667 0.000000
26.082943 1.770000 0.000000
26.132063 1.773333 0.000000
26.181184 1.776667 0.000000
26.230304 1.780000 0.000000
26.279425 1.783333 0.000000
26.328545 1.786667 0.000000
26.377666 1.790000 0.000000
26.426786 1.793333 0.000000
26.475906 1.796667 0.000000
26.525027 1.800000 0.000000
26.574147 1.803333 0.000000
26.623268 1.806667 0.000000
26.672388 1.810000 0.000000
26.721508 1.813333 0.000000
26.770629 1.816667 0.000000
26.819749 1.820000 0.000000
26.868870 1.823333 0.000000
26.917990 1.826667 0.000000
26.967111 1.830000 0.000000
27.016231 1.833333 0.000000
27.065351 1.836667 0.000000
27.114472 1.840000 0.000000
27.163592 1.843333 0.000000
27.212713 1.846667 0.000000
27.261833 1.850000 0.000000
27.310954 1.853333 0.000000
27.360074 1.856667 0.000000
27.409194 1.860000 0.000000
27.458315 1.863333 0.000000
27.507435 1.866667 0.000000
27.556556 1.870000 0.000000
27.605676 1.873333 0.000000
27.654796 1.876667 0.000000
27.703917 1.880000 0.000000
27.753037 1.883333 0.000000
27.802158 1.886667 0.000000
27.851278 1.890000 0.000000
27.900399 1.893333 0.000000
27.949519 1.896667 0.000000
27.998639 1.900000 0.000000
28.047760 1.903333 0.000000
28.096880 1.906667 0.000000
28.146001 1.910000 0.000000
28.195121 1.913333 0.000000
28.244241 1.916667 0.000000
28.293362 1.920000 0.000000
28.342482 1.923333 0.000000
28.391603 1.926667 0.000000
28.440723 1.930000 0.000000
28.489844 1.933333 0.000000
28.538964 1.936667 0.000000
28.588084 1.940000 0.000000
28.637205 1.943333 0.000000
28.686325 1.946667 0.000000
28.735446 1.950000 0.000000
28.784566 1.953333 0.000000
28.833687 1.956667 0.000000
28.882807 1.960000 0.000000
28.931927 1.963333 0.000000
28.981048 1.966667 0.000000
29.030168 1.970000 0.000000
29.079289 1.973333 0.000000
29.128409 1.976667 0.000000
29.177529 1.980000 0.000000
29.226650 1.983333 0.000000
29.275770 1.986667 0.000000
29.324891 1.990000 0.000000
29.374011 1.993333 0.000000
29.423132 1.996667 0.000000
