0.000000 1.104240 10.746672 9.532186 -1916.625973
0.100000 1.104240 10.746672 9.532186 -1825.075093
0.200000 1.104240 10.746672 9.532186 -1773.354208
0.300000 1.104240 10.746672 9.532186 -1733.740584
0.400000 1.104240 10.746672 9.532186 -1694.766916
0.500000 1.104240 10.746672 9.532186 -1671.901572
0.600000 1.104240 10.746672 9.532186 -1637.824113
0.700000 1.104240 10.746672 9.532186 -1620.081810
0.800000 1.104240 10.746672 9.532186 -1614.448937
0.900000 1.104240 10.746672 9.532186 -1609.637300
1.000000 1.104240 10.746672 9.532186 -1601.601060
1.100000 1.104240 10.746672 9.532186 -1575.540385
1.200000 1.104240 10.746672 9.532186 -1561.338671
1.300000 1.104240 10.746672 9.532186 -1571.094291
1.400000 1.104240 10.746672 9.532186 -1553.539421
1.500000 1.104240 10.746672 9.532186 -1549.987618
1.600000 1.104240 10.746672 9.532186 -1548.290155
1.700000 1.104240 10.746672 9.532186 -1527.753543
1.800000 1.104240 10.746672 9.532186 -1524.182107
1.900000 1.104240 10.746672 9.532186 -1545.964848
2.000000 1.104240 10.746672 9.532186 -1561.234443
2.100000 1.104240 10.746672 9.532186 -1577.756147
2.200000 1.104240 10.746672 9.532186 -1558.132921
2.300000 1.104240 10.746672 9.532186 -1531.014188
2.400000 1.104240 10.746672 9.532186 -1529.792957
2.500000 1.104240 10.746672 9.532186 -1521.392266
2.600000 1.104240 10.746672 9.532186 -1515.302423
2.700000 1.104240 10.746672 9.532186 -1527.963959
2.800000 1.104240 10.746672 9.532186 -1521.799808
2.900000 1.104240 10.746672 9.532186 -1529.358785
3.000000 1.104240 10.746672 9.532186 -1527.619078
3.100000 1.104240 10.746672 9.532186 -1535.580667
3.200000 1.104240 10.746672 9.532186 -1546.917859
3.300000 1.104240 10.746672 9.532186 -1545.927997
3.400000 1.104240 10.746672 9.532186 -1540.172549
3.500000 1.104240 10.746672 9.532186 -1548.335221
3.600000 1.104240 10.746672 9.532186 -1565.861983
3.700000 1.104240 10.746672 9.532186 -1565.740900
3.800000 1.104240 10.746672 9.532186 -1556.552144
3.900000 1.104240 10.746672 9.532186 -1567.280532
4.000000 1.104240 10.746672 9.532186 -1551.891566
4.100000 1.104240 10.746672 9.532186 -1516.535385
4.200000 1.104240 10.746672 9.532186 -1513.849301
4.300000 1.104240 10.746672 9.532186 -1503.049520
4.400000 1.104240 10.746672 9.532186 -1522.130513
4.500000 1.104240 10.746672 9.532186 -1528.460734
4.600000 1.104240 10.746672 9.532186 -1514.462845
4.700000 1.104240 10.746672 9.532186 -1522.930597
4.800000 1.104240 10.746672 9.532186 -1505.324128
4.900000 1.104240 10.746672 9.532186 -1507.085192
5.000000 1.104240 10.746672 9.532186 -1521.235418
5.100000 1.104240 10.746672 9.532186 -1502.139823
5.200000 1.104240 10.746672 9.532186 -1492.481522
5.300000 1.104240 10.746672 9.532186 -1492.776204
5.400000 1.104240 10.746672 9.532186 -1517.312978
5.500000 1.104240 10.746672 9.532186 -1528.519426
5.600000 1.104240 10.746672 9.532186 -1530.324768
5.700000 1.104240 10.746672 9.532186 -1548.952248
5.800000 1.104240 10.746672 9.532186 -1546.990934
5.900000 1.104240 10.746672 9.532186 -1546.311107
6.000000 1.104240 10.746672 9.532186 -1540.142284
6.100000 1.104240 10.746672 9.532186 -1540.360196
6.200000 1.104240 10.746672 9.532186 -1537.091347
6.300000 1.104240 10.746672 9.532186 -1539.691433
6.400000 1.104240 10.746672 9.532186 -1542.214694
6.500000 1.104240 10.746672 9.532186 -1536.360489
6.600000 1.104240 10.746672 9.532186 -1529.567315
6.700000 1.104240 10.746672 9.532186 -1523.150056
6.800000 1.104240 10.746672 9.532186 -1520.894143
6.900000 1.104240 10.746672 9.532186 -1527.604008
7.000000 1.104240 10.746672 9.532186 -1511.251020
7.100000 1.104240 10.746672 9.532186 -1520.449572
7.200000 1.104240 10.746672 9.532186 -1519.549452
7.300000 1.104240 10.746672 9.532186 -1532.965840
7.400000 1.104240 10.746672 9.532186 -1544.907035
7.500000 1.104240 10.746672 9.532186 -1523.914083
7.600000 1.104240 10.746672 9.532186 -1510.983395
7.700000 1.104240 10.746672 9.532186 -1526.396325
7.800000 1.104240 10.746672 9.532186 -1518.506764
7.900000 1.104240 10.746672 9.532186 -1524.491688
8.000000 1.104240 10.746672 9.532186 -1519.290604
8.100000 1.104240 10.746672 9.532186 -1519.965273
8.200000 1.104240 10.746672 9.532186 -1515.451548
8.300000 1.104240 10.746672 9.532186 -1525.282052
8.400000 1.104240 10.746672 9.532186 -1517.340836
8.500000 1.104240 10.746672 9.532186 -1527.957906
8.600000 1.104240 10.746672 9.532186 -1533.644139
8.700000 1.104240 10.746672 9.532186 -1517.117958
8.800000 1.104240 10.746672 9.532186 -1535.141414
8.900000 1.104240 10.746672 9.532186 -1540.896296
9.000000 1.104240 10.746672 9.532186 -1529.851900
9.100000 1.104240 10.746672 9.532186 -1522.799796
9.200000 1.104240 10.746672 9.532186 -1496.229850
9.300000 1.104240 10.746672 9.532186 -1496.060949
9.400000 1.104240 10.746672 9.532186 -1491.516862
9.500000 1.104240 10.746672 9.532186 -1486.403672
9.600000 1.104240 10.746672 9.532186 -1485.130870
9.700000 1.104240 10.746672 9.532186 -1473.926220
9.800000 1.104240 10.746672 9.532186 -1469.033102
9.900000 1.104240 10.746672 9.532186 -1465.508460
10.000000 1.104240 10.746672 9.532186 -1488.205753
10.100000 1.104240 10.746672 9.532186 -1499.174086
10.200000 1.104240 10.746672 9.532186 -1469.763978
10.300000 1.104240 10.746672 9.532186 -1474.423595
10.400000 1.104240 10.746672 9.532186 -1482.423049
10.500000 1.104240 10.746672 9.532186 -1450.363238
10.600000 1.104240 10.746672 9.532186 -1461.633591
10.700000 1.104240 10.746672 9.532186 -1489.453411
10.800000 1.104240 10.746672 9.532186 -1475.346587
10.900000 1.104240 10.746672 9.532186 -1483.247524
11.000000 1.104240 10.746672 9.532186 -1478.215558
11.100000 1.104240 10.746672 9.532186 -1489.073155
11.200000 1.104240 10.746672 9.532186 -1473.262333
11.300000 1.104240 10.746672 9.532186 -1475.485894
11.400000 1.104240 10.746672 9.532186 -1468.209182
11.500000 1.104240 10.746672 9.532186 -1496.621494
11.600000 1.104240 10.746672 9.532186 -1497.203960
11.700000 1.104240 10.746672 9.532186 -1502.674353
11.800000 1.104240 10.746672 9.532186 -1488.886243
11.900000 1.104240 10.746672 9.532186 -1507.507630
12.000000 1.104240 10.746672 9.532186 -1505.464523
12.100000 1.104240 10.746672 9.532186 -1489.003961
12.200000 1.104240 10.746672 9.532186 -1492.731509
12.300000 1.104240 10.746672 9.532186 -1500.230604
12.400000 1.104240 10.746672 9.532186 -1510.340885
12.500000 1.104240 10.746672 9.532186 -1518.797238
12.600000 1.104240 10.746672 9.532186 -1521.800349
12.700000 1.104240 10.746672 9.532186 -1494.448502
12.800000 1.104240 10.746672 9.532186 -1500.894838
12.900000 1.104240 10.746672 9.532186 -1506.417354
13.000000 1.104240 10.746672 9.532186 -1500.483151
13.100000 1.104240 10.746672 9.532186 -1493.147832
13.200000 1.104240 10.746672 9.532186 -1514.429148
13.300000 1.104240 10.746672 9.532186 -1507.456074
13.400000 1.104240 10.746672 9.532186 -1515.781795
13.500000 1.104240 10.746672 9.532186 -1532.865587
13.600000 1.104240 10.746672 9.532186 -1528.430825
13.700000 1.104240 10.746672 9.532186 -1556.459656
13.800000 1.104240 10.746672 9.532186 -1556.747889
13.900000 1.104240 10.746672 9.532186 -1542.442744
14.000000 1.104240 10.746672 9.532186 -1532.955319
14.100000 1.104240 10.746672 9.532186 -1525.288878
14.200000 1.104240 10.746672 9.532186 -1535.627204
14.300000 1.104240 10.746672 9.532186 -1536.488311
14.400000 1.104240 10.746672 9.532186 -1540.424154
14.500000 1.104240 10.746672 9.532186 -1518.107646
14.600000 1.104240 10.746672 9.532186 -1509.514911
14.700000 1.104240 10.746672 9.532186 -1518.664376
14.800000 1.104240 10.746672 9.532186 -1515.181412
14.900000 1.104240 10.746672 9.532186 -1517.545795
15.000000 1.104240 10.746672 9.532186 -1515.135313
15.100000 1.104240 10.746672 9.532186 -1520.392438
15.200000 1.104240 10.746672 9.532186 -1543.430948
15.300000 1.104240 10.746672 9.532186 -1522.162962
15.400000 1.104240 10.746672 9.532186 -1506.050629
15.500000 1.104240 10.746672 9.532186 -1501.121818
15.600000 1.104240 10.746672 9.532186 -1486.075444
15.700000 1.104240 10.746672 9.532186 -1503.989519
15.800000 1.104240 10.746672 9.532186 -1506.170404
15.900000 1.104240 10.746672 9.532186 -1515.163236
16.000000 1.104240 10.746672 9.532186 -1503.046891
16.100000 1.104240 10.746672 9.532186 -1526.249546
16.200000 1.104240 10.746672 9.532186 -1537.963231
16.300000 1.104240 10.746672 9.532186 -1549.337301
16.400000 1.104240 10.746672 9.532186 -1546.801694
16.500000 1.104240 10.746672 9.532186 -1540.131138
16.600000 1.104240 10.746672 9.532186 -1535.757475
16.700000 1.104240 10.746672 9.532186 -1536.162737
16.800000 1.104240 10.746672 9.532186 -1524.436024
16.900000 1.104240 10.746672 9.532186 -1519.284083
17.000000 1.104240 10.746672 9.532186 -1513.611792
17.100000 1.104240 10.746672 9.532186 -1509.082779
17.200000 1.104240 10.746672 9.532186 -1507.818368
17.300000 1.104240 10.746672 9.532186 -1508.285747
17.400000 1.104240 10.746672 9.532186 -1518.470887
17.500000 1.104240 10.746672 9.532186 -1518.326493
17.600000 1.104240 10.746672 9.532186 -1516.275899
17.700000 1.104240 10.746672 9.532186 -1535.557289
17.800000 1.104240 10.746672 9.532186 -1543.074706
17.900000 1.104240 10.746672 9.532186 -1530.918222
18.000000 1.104240 10.746672 9.532186 -1515.894037
18.100000 1.104240 10.746672 9.532186 -1509.380359
18.200000 1.104240 10.746672 9.532186 -1516.498025
18.300000 1.104240 10.746672 9.532186 -1506.751139
18.400000 1.104240 10.746672 9.532186 -1496.506389
18.500000 1.104240 10.746672 9.532186 -1508.221003
18.600000 1.104240 10.746672 9.532186 -1516.910190
18.700000 1.104240 10.746672 9.532186 -1543.518342
18.800000 1.104240 10.746672 9.532186 -1532.314772
18.900000 1.104240 10.746672 9.532186 -1536.062671
19.000000 1.104240 10.746672 9.532186 -1539.324653
19.100000 1.104240 10.746672 9.532186 -1530.049006
19.200000 1.104240 10.746672 9.532186 -1547.316921
19.300000 1.104240 10.746672 9.532186 -1519.604171
19.400000 1.104240 10.746672 9.532186 -1498.256771
19.500000 1.104240 10.746672 9.532186 -1509.957218
19.600000 1.104240 10.746672 9.532186 -1519.308400
19.700000 1.104240 10.746672 9.532186 -1511.991532
19.800000 1.104240 10.746672 9.532186 -1524.174234
19.900000 1.104240 10.746672 9.532186 -1533.628638
20.000000 1.104240 10.746672 9.532186 -1531.981370
20.100000 1.104240 10.746672 9.532186 -1532.519146
20.200000 1.104240 10.746672 9.532186 -1517.410301
20.300000 1.104240 10.746672 9.532186 -1523.399118
20.400000 1.104240 10.746672 9.532186 -1529.360601
20.500000 1.104240 10.746672 9.532186 -1513.422298
20.600000 1.104240 10.746672 9.532186 -1507.219857
20.700000 1.104240 10.746672 9.532186 -1517.190033
20.800000 1.104240 10.746672 9.532186 -1522.943096
20.900000 1.104240 10.746672 9.532186 -1520.445852
21.000000 1.104240 10.746672 9.532186 -1516.142323
21.100000 1.104240 10.746672 9.532186 -1512.448658
21.200000 1.104240 10.746672 9.532186 -1511.578608
21.300000 1.104240 10.746672 9.532186 -1539.685110
21.400000 1.104240 10.746672 9.532186 -1516.107456
21.500000 1.104240 10.746672 9.532186 -1529.318740
21.600000 1.104240 10.746672 9.532186 -1522.772059
21.700000 1.104240 10.746672 9.532186 -1531.084681
21.800000 1.104240 10.746672 9.532186 -1531.926791
21.900000 1.104240 10.746672 9.532186 -1540.063124
22.000000 1.104240 10.746672 9.532186 -1532.118719
22.100000 1.104240 10.746672 9.532186 -1524.247893
22.200000 1.104240 10.746672 9.532186 -1527.587510
22.300000 1.104240 10.746672 9.532186 -1532.510050
22.400000 1.104240 10.746672 9.532186 -1520.899003
22.500000 1.104240 10.746672 9.532186 -1521.367650
22.600000 1.104240 10.746672 9.532186 -1510.564105
22.700000 1.104240 10.746672 9.532186 -1522.465546
22.800000 1.104240 10.746672 9.532186 -1534.010229
22.900000 1.104240 10.746672 9.532186 -1519.073805
23.000000 1.104240 10.746672 9.532186 -1530.457982
23.100000 1.104240 10.746672 9.532186 -1530.873627
23.200000 1.104240 10.746672 9.532186 -1532.167725
23.300000 1.104240 10.746672 9.532186 -1528.087875
23.400000 1.104240 10.746672 9.532186 -1509.197581
23.500000 1.104240 10.746672 9.532186 -1513.481714
23.600000 1.104240 10.746672 9.532186 -1514.176973
23.700000 1.104240 10.746672 9.532186 -1516.336572
23.800000 1.104240 10.746672 9.532186 -1505.326681
23.900000 1.104240 10.746672 9.532186 -1523.343505
24.000000 1.104240 10.746672 9.532186 -1538.090137
24.100000 1.104240 10.746672 9.532186 -1518.507820
24.200000 1.104240 10.746672 9.532186 -1548.261389
24.300000 1.104240 10.746672 9.532186 -1537.636218
24.400000 1.104240 10.746672 9.532186 -1545.821928
24.500000 1.104240 10.746672 9.532186 -1540.450557
24.600000 1.104240 10.746672 9.532186 -1533.361363
24.700000 1.104240 10.746672 9.532186 -1547.920135
24.800000 1.104240 10.746672 9.532186 -1546.981896
24.900000 1.104240 10.746672 9.532186 -1533.678042
25.000000 1.104240 10.746672 9.532186 -1526.546008
25.100000 1.104240 10.746672 9.532186 -1525.455918
25.200000 1.104240 10.746672 9.532186 -1516.973418
25.300000 1.104240 10.746672 9.532186 -1550.661335
25.400000 1.104240 10.746672 9.532186 -1539.190053
25.500000 1.104240 10.746672 9.532186 -1547.190572
25.600000 1.104240 10.746672 9.532186 -1540.750891
25.700000 1.104240 10.746672 9.532186 -1551.734018
25.800000 1.104240 10.746672 9.532186 -1537.963508
25.900000 1.104240 10.746672 9.532186 -1548.236579
26.000000 1.104240 10.746672 9.532186 -1527.094478
26.100000 1.104240 10.746672 9.532186 -1512.642118
26.200000 1.104240 10.746672 9.532186 -1507.906970
26.300000 1.104240 10.746672 9.532186 -1517.528816
26.400000 1.104240 10.746672 9.532186 -1519.832785
26.500000 1.104240 10.746672 9.532186 -1526.749362
26.600000 1.104240 10.746672 9.532186 -1521.956170
26.700000 1.104240 10.746672 9.532186 -1527.255173
26.800000 1.104240 10.746672 9.532186 -1517.796434
26.900000 1.104240 10.746672 9.532186 -1521.603006
27.000000 1.104240 10.746672 9.532186 -1522.192802
27.100000 1.104240 10.746672 9.532186 -1533.645415
27.200000 1.104240 10.746672 9.532186 -1538.014004
27.300000 1.104240 10.746672 9.532186 -1532.979452
27.400000 1.104240 10.746672 9.532186 -1554.364840
27.500000 1.104240 10.746672 9.532186 -1562.537678
27.600000 1.104240 10.746672 9.532186 -1556.401855
27.700000 1.104240 10.746672 9.532186 -1554.563769
27.800000 1.104240 10.746672 9.532186 -1559.128827
27.900000 1.104240 10.746672 9.532186 -1568.954722
28.000000 1.104240 10.746672 9.532186 -1556.735955
28.100000 1.104240 10.746672 9.532186 -1550.320457
28.200000 1.104240 10.746672 9.532186 -1532.639025
28.300000 1.104240 10.746672 9.532186 -1504.578372
28.400000 1.104240 10.746672 9.532186 -1496.539209
28.500000 1.104240 10.746672 9.532186 -1503.034263
28.600000 1.104240 10.746672 9.532186 -1510.554409
28.700000 1.104240 10.746672 9.532186 -1528.259687
28.800000 1.104240 10.746672 9.532186 -1550.467460
28.900000 1.104240 10.746672 9.532186 -1529.728486
29.000000 1.104240 10.746672 9.532186 -1527.199779
29.100000 1.104240 10.746672 9.532186 -1537.689113
29.200000 1.104240 10.746672 9.532186 -1523.756774
29.300000 1.104240 10.746672 9.532186 -1495.739669
29.400000 1.104240 10.746672 9.532186 -1506.913462
29.500000 1.104240 10.746672 9.532186 -1495.762315
29.600000 1.104240 10.746672 9.532186 -1492.400082
29.700000 1.104240 10.746672 9.532186 -1483.298431
29.800000 1.104240 10.746672 9.532186 -1487.520877
29.900000 1.104240 10.746672 9.532186 -1510.637326
30.000000 1.104240 10.746672 9.532186 -1500.427299
30.100000 1.104240 10.746672 9.532186 -1502.187666
30.200000 1.104240 10.746672 9.532186 -1511.516584
30.300000 1.104240 10.746672 9.532186 -1499.975544
30.400000 1.104240 10.746672 9.532186 -1512.204844
30.500000 1.104240 10.746672 9.532186 -1509.125551
30.600000 1.104240 10.746672 9.532186 -1510.893070
30.700000 1.104240 10.746672 9.532186 -1499.937306
30.800000 1.104240 10.746672 9.532186 -1491.977912
30.900000 1.104240 10.746672 9.532186 -1515.937800
31.000000 1.104240 10.746672 9.532186 -1513.952209
31.100000 1.104240 10.746672 9.532186 -1510.439201
31.200000 1.104240 10.746672 9.532186 -1515.004614
31.300000 1.104240 10.746672 9.532186 -1518.445758
31.400000 1.104240 10.746672 9.532186 -1505.031276
31.500000 1.104240 10.746672 9.532186 -1507.854068
31.600000 1.104240 10.746672 9.532186 -1505.051372
31.700000 1.104240 10.746672 9.532186 -1513.073163
31.800000 1.104240 10.746672 9.532186 -1517.660670
31.900000 1.104240 10.746672 9.532186 -1502.528601
32.000000 1.104240 10.746672 9.532186 -1490.207581
32.100000 1.104240 10.746672 9.532186 -1490.736946
32.200000 1.104240 10.746672 9.532186 -1504.013311
32.300000 1.104240 10.746672 9.532186 -1507.947640
32.400000 1.104240 10.746672 9.532186 -1502.111384
32.500000 1.104240 10.746672 9.532186 -1506.040654
32.600000 1.104240 10.746672 9.532186 -1493.626156
32.700000 1.104240 10.746672 9.532186 -1505.690749
32.800000 1.104240 10.746672 9.532186 -1507.302404
32.900000 1.104240 10.746672 9.532186 -1522.236568
33.000000 1.104240 10.746672 9.532186 -1507.857788
33.100000 1.104240 10.746672 9.532186 -1507.027485
33.200000 1.104240 10.746672 9.532186 -1518.269554
33.300000 1.104240 10.746672 9.532186 -1543.451312
33.400000 1.104240 10.746672 9.532186 -1536.470014
33.500000 1.104240 10.746672 9.532186 -1533.183336
33.600000 1.104240 10.746672 9.532186 -1530.855452
33.700000 1.104240 10.746672 9.532186 -1545.257343
33.800000 1.104240 10.746672 9.532186 -1544.525717
33.900000 1.104240 10.746672 9.532186 -1541.459020
34.000000 1.104240 10.746672 9.532186 -1526.457734
34.100000 1.104240 10.746672 9.532186 -1519.446582
34.200000 1.104240 10.746672 9.532186 -1516.398212
34.300000 1.104240 10.746672 9.532186 -1521.650907
34.400000 1.104240 10.746672 9.532186 -1535.821036
34.500000 1.104240 10.746672 9.532186 -1523.121695
34.600000 1.104240 10.746672 9.532186 -1540.403376
34.700000 1.104240 10.746672 9.532186 -1552.403224
34.800000 1.104240 10.746672 9.532186 -1541.142204
34.900000 1.104240 10.746672 9.532186 -1545.204838
35.000000 1.104240 10.746672 9.532186 -1551.356197
35.100000 1.104240 10.746672 9.532186 -1532.217491
35.200000 1.104240 10.746672 9.532186 -1551.628589
35.300000 1.104240 10.746672 9.532186 -1551.914060
35.400000 1.104240 10.746672 9.532186 -1532.004736
35.500000 1.104240 10.746672 9.532186 -1520.593555
35.600000 1.104240 10.746672 9.532186 -1541.131932
35.700000 1.104240 10.746672 9.532186 -1546.983791
35.800000 1.104240 10.746672 9.532186 -1548.650888
35.900000 1.104240 10.746672 9.532186 -1535.673167
36.000000 1.104240 10.746672 9.532186 -1535.453671
36.100000 1.104240 10.746672 9.532186 -1527.567207
36.200000 1.104240 10.746672 9.532186 -1535.021253
36.300000 1.104240 10.746672 9.532186 -1518.289258
36.400000 1.104240 10.746672 9.532186 -1523.631868
36.500000 1.104240 10.746672 9.532186 -1535.018931
36.600000 1.104240 10.746672 9.532186 -1538.105080
36.700000 1.104240 10.746672 9.532186 -1539.590682
36.800000 1.104240 10.746672 9.532186 -1523.327882
36.900000 1.104240 10.746672 9.532186 -1514.510422
37.000000 1.104240 10.746672 9.532186 -1515.588925
37.100000 1.104240 10.746672 9.532186 -1500.996263
37.200000 1.104240 10.746672 9.532186 -1504.118899
37.300000 1.104240 10.746672 9.532186 -1515.771704
37.400000 1.104240 10.746672 9.532186 -1501.823771
37.500000 1.104240 10.746672 9.532186 -1507.966543
37.600000 1.104240 10.746672 9.532186 -1487.623681
37.700000 1.104240 10.746672 9.532186 -1483.214513
37.800000 1.104240 10.746672 9.532186 -1483.952940
37.900000 1.104240 10.746672 9.532186 -1504.662526
38.000000 1.104240 10.746672 9.532186 -1515.925527
38.100000 1.104240 10.746672 9.532186 -1518.667488
38.200000 1.104240 10.746672 9.532186 -1530.815156
38.300000 1.104240 10.746672 9.532186 -1545.732353
38.400000 1.104240 10.746672 9.532186 -1542.155279
38.500000 1.104240 10.746672 9.532186 -1541.915548
38.600000 1.104240 10.746672 9.532186 -1510.991539
38.700000 1.104240 10.746672 9.532186 -1513.011843
38.800000 1.104240 10.746672 9.532186 -1514.321554
38.900000 1.104240 10.746672 9.532186 -1518.067684
39.000000 1.104240 10.746672 9.532186 -1532.580261
39.100000 1.104240 10.746672 9.532186 -1515.442415
39.200000 1.104240 10.746672 9.532186 -1515.864368
39.300000 1.104240 10.746672 9.532186 -1496.966576
39.400000 1.104240 10.746672 9.532186 -1512.900140
39.500000 1.104240 10.746672 9.532186 -1523.249942
39.600000 1.104240 10.746672 9.532186 -1516.096281
39.700000 1.104240 10.746672 9.532186 -1525.757315
39.800000 1.104240 10.746672 9.532186 -1525.591930
39.900000 1.104240 10.746672 9.532186 -1507.011556
40.000000 1.104240 10.746672 9.532186 -1499.465130
40.100000 1.104240 10.746672 9.532186 -1492.576904
40.200000 1.104240 10.746672 9.532186 -1513.735797
40.300000 1.104240 10.746672 9.532186 -1494.267447
40.400000 1.104240 10.746672 9.532186 -1504.688437
40.500000 1.104240 10.746672 9.532186 -1532.145052
40.600000 1.104240 10.746672 9.532186 -1519.733558
40.700000 1.104240 10.746672 9.532186 -1533.338901
40.800000 1.104240 10.746672 9.532186 -1544.787346
40.900000 1.104240 10.746672 9.532186 -1534.284917
41.000000 1.104240 10.746672 9.532186 -1527.791407
41.100000 1.104240 10.746672 9.532186 -1526.492998
41.200000 1.104240 10.746672 9.532186 -1531.845194
41.300000 1.104240 10.746672 9.532186 -1531.356861
41.400000 1.104240 10.746672 9.532186 -1532.146615
41.500000 1.104240 10.746672 9.532186 -1532.656785
41.600000 1.104240 10.746672 9.532186 -1527.240520
41.700000 1.104240 10.746672 9.532186 -1518.236150
41.800000 1.104240 10.746672 9.532186 -1531.101388
41.900000 1.104240 10.746672 9.532186 -1540.747194
42.000000 1.104240 10.746672 9.532186 -1522.855690
42.100000 1.104240 10.746672 9.532186 -1524.581035
42.200000 1.104240 10.746672 9.532186 -1525.704538
42.300000 1.104240 10.746672 9.532186 -1529.833209
42.400000 1.104240 10.746672 9.532186 -1534.858521
42.500000 1.104240 10.746672 9.532186 -1522.015454
42.600000 1.104240 10.746672 9.532186 -1529.113120
42.700000 1.104240 10.746672 9.532186 -1507.688553
42.800000 1.104240 10.746672 9.532186 -1514.734554
42.900000 1.104240 10.746672 9.532186 -1531.804237
43.000000 1.104240 10.746672 9.532186 -1536.031461
43.100000 1.104240 10.746672 9.532186 -1520.481571
43.200000 1.104240 10.746672 9.532186 -1518.441879
43.300000 1.104240 10.746672 9.532186 -1505.377890
43.400000 1.104240 10.746672 9.532186 -1512.376428
43.500000 1.104240 10.746672 9.532186 -1495.198472
43.600000 1.104240 10.746672 9.532186 -1495.063613
43.700000 1.104240 10.746672 9.532186 -1512.749401
43.800000 1.104240 10.746672 9.532186 -1529.206160
43.900000 1.104240 10.746672 9.532186 -1522.908923
44.000000 1.104240 10.746672 9.532186 -1512.925912
44.100000 1.104240 10.746672 9.532186 -1510.932000
44.200000 1.104240 10.746672 9.532186 -1528.793369
44.300000 1.104240 10.746672 9.532186 -1543.350934
44.400000 1.104240 10.746672 9.532186 -1548.612213
44.500000 1.104240 10.746672 9.532186 -1535.124457
44.600000 1.104240 10.746672 9.532186 -1532.635485
44.700000 1.104240 10.746672 9.532186 -1532.924021
44.800000 1.104240 10.746672 9.532186 -1530.061638
44.900000 1.104240 10.746672 9.532186 -1537.844257
45.000000 1.104240 10.746672 9.532186 -1552.339866
45.100000 1.104240 10.746672 9.532186 -1557.506003
45.200000 1.104240 10.746672 9.532186 -1555.364455
45.300000 1.104240 10.746672 9.532186 -1545.384359
45.400000 1.104240 10.746672 9.532186 -1529.790130
45.500000 1.104240 10.746672 9.532186 -1511.911931
45.600000 1.104240 10.746672 9.532186 -1520.931097
45.700000 1.104240 10.746672 9.532186 -1544.688811
45.800000 1.104240 10.746672 9.532186 -1529.321777
45.900000 1.104240 10.746672 9.532186 -1536.319224
46.000000 1.104240 10.746672 9.532186 -1529.743126
46.100000 1.104240 10.746672 9.532186 -1530.493072
46.200000 1.104240 10.746672 9.532186 -1556.234247
46.300000 1.104240 10.746672 9.532186 -1568.170292
46.400000 1.104240 10.746672 9.532186 -1575.976819
46.500000 1.104240 10.746672 9.532186 -1585.274139
46.600000 1.104240 10.746672 9.532186 -1568.188082
46.700000 1.104240 10.746672 9.532186 -1579.025191
46.800000 1.104240 10.746672 9.532186 -1563.049701
46.900000 1.104240 10.746672 9.532186 -1554.506924
47.000000 1.104240 10.746672 9.532186 -1534.276829
47.100000 1.104240 10.746672 9.532186 -1554.160941
47.200000 1.104240 10.746672 9.532186 -1559.121942
47.300000 1.104240 10.746672 9.532186 -1570.254654
47.400000 1.104240 10.746672 9.532186 -1564.034874
47.500000 1.104240 10.746672 9.532186 -1528.381108
47.600000 1.104240 10.746672 9.532186 -1517.302910
47.700000 1.104240 10.746672 9.532186 -1526.698810
47.800000 1.104240 10.746672 9.532186 -1534.369728
47.900000 1.104240 10.746672 9.532186 -1534.939594
48.000000 1.104240 10.746672 9.532186 -1539.907805
48.100000 1.104240 10.746672 9.532186 -1544.891867
48.200000 1.104240 10.746672 9.532186 -1536.253970
48.300000 1.104240 10.746672 9.532186 -1530.680686
48.400000 1.104240 10.746672 9.532186 -1523.082084
48.500000 1.104240 10.746672 9.532186 -1528.794334
48.600000 1.104240 10.746672 9.532186 -1527.873351
48.700000 1.104240 10.746672 9.532186 -1513.055589
48.800000 1.104240 10.746672 9.532186 -1492.277277
48.900000 1.104240 10.746672 9.532186 -1508.115100
49.000000 1.104240 10.746672 9.532186 -1508.539354
49.100000 1.104240 10.746672 9.532186 -1496.123626
49.200000 1.104240 10.746672 9.532186 -1489.280319
49.300000 1.104240 10.746672 9.532186 -1511.518807
49.400000 1.104240 10.746672 9.532186 -1496.002672
49.500000 1.104240 10.746672 9.532186 -1524.971260
49.600000 1.104240 10.746672 9.532186 -1524.982737
49.700000 1.104240 10.746672 9.532186 -1508.644684
49.800000 1.104240 10.746672 9.532186 -1510.912002
49.900000 1.104240 10.746672 9.532186 -1532.386557
50.000000 1.104240 10.746672 9.532186 -1521.572968
50.100000 1.104240 10.746672 9.532186 -1536.266377
50.200000 1.104240 10.746672 9.532186 -1534.309174
50.300000 1.104240 10.746672 9.532186 -1533.752483
50.400000 1.104240 10.746672 9.532186 -1537.077298
50.500000 1.104240 10.746672 9.532186 -1544.839200
50.600000 1.104240 10.746672 9.532186 -1542.758960
50.700000 1.104240 10.746672 9.532186 -1544.698857
50.800000 1.104240 10.746672 9.532186 -1527.291780
50.900000 1.104240 10.746672 9.532186 -1516.980319
51.000000 1.104240 10.746672 9.532186 -1521.447392
51.100000 1.104240 10.746672 9.532186 -1530.426935
51.200000 1.104240 10.746672 9.532186 -1528.487114
51.300000 1.104240 10.746672 9.532186 -1517.652200
51.400000 1.104240 10.746672 9.532186 -1518.491950
51.500000 1.104240 10.746672 9.532186 -1505.200139
51.600000 1.104240 10.746672 9.532186 -1490.484862
51.700000 1.104240 10.746672 9.532186 -1492.990173
51.800000 1.104240 10.746672 9.532186 -1498.627318
51.900000 1.104240 10.746672 9.532186 -1490.563902
52.000000 1.104240 10.746672 9.532186 -1502.550772
52.100000 1.104240 10.746672 9.532186 -1511.362852
52.200000 1.104240 10.746672 9.532186 -1530.632989
52.300000 1.104240 10.746672 9.532186 -1521.126542
52.400000 1.104240 10.746672 9.532186 -1526.824148
52.500000 1.104240 10.746672 9.532186 -1515.957890
52.600000 1.104240 10.746672 9.532186 -1508.766861
52.700000 1.104240 10.746672 9.532186 -1524.875864
52.800000 1.104240 10.746672 9.532186 -1535.009527
52.900000 1.104240 10.746672 9.532186 -1514.335260
53.000000 1.104240 10.746672 9.532186 -1518.117873
53.100000 1.104240 10.746672 9.532186 -1512.807729
53.200000 1.104240 10.746672 9.532186 -1524.455379
53.300000 1.104240 10.746672 9.532186 -1525.737178
53.400000 1.104240 10.746672 9.532186 -1521.981850
53.500000 1.104240 10.746672 9.532186 -1525.506728
53.600000 1.104240 10.746672 9.532186 -1525.158160
53.700000 1.104240 10.746672 9.532186 -1535.111434
53.800000 1.104240 10.746672 9.532186 -1522.170112
53.900000 1.104240 10.746672 9.532186 -1523.938507
54.000000 1.104240 10.746672 9.532186 -1520.278117
54.100000 1.104240 10.746672 9.532186 -1539.601021
54.200000 1.104240 10.746672 9.532186 -1531.728149
54.300000 1.104240 10.746672 9.532186 -1528.528729
54.400000 1.104240 10.746672 9.532186 -1525.111776
54.500000 1.104240 10.746672 9.532186 -1519.534891
54.600000 1.104240 10.746672 9.532186 -1511.248899
54.700000 1.104240 10.746672 9.532186 -1510.532084
54.800000 1.104240 10.746672 9.532186 -1495.602062
54.900000 1.104240 10.746672 9.532186 -1506.086478
55.000000 1.104240 10.746672 9.532186 -1502.799225
55.100000 1.104240 10.746672 9.532186 -1515.154686
55.200000 1.104240 10.746672 9.532186 -1524.644871
55.300000 1.104240 10.746672 9.532186 -1548.066848
55.400000 1.104240 10.746672 9.532186 -1542.729461
55.500000 1.104240 10.746672 9.532186 -1532.442445
55.600000 1.104240 10.746672 9.532186 -1520.443673
55.700000 1.104240 10.746672 9.532186 -1531.347895
55.800000 1.104240 10.746672 9.532186 -1516.912984
55.900000 1.104240 10.746672 9.532186 -1523.914872
56.000000 1.104240 10.746672 9.532186 -1517.441043
56.100000 1.104240 10.746672 9.532186 -1530.667367
56.200000 1.104240 10.746672 9.532186 -1519.326755
56.300000 1.104240 10.746672 9.532186 -1514.348577
56.400000 1.104240 10.746672 9.532186 -1531.617460
56.500000 1.104240 10.746672 9.532186 -1525.602301
56.600000 1.104240 10.746672 9.532186 -1528.115646
56.700000 1.104240 10.746672 9.532186 -1537.163791
56.800000 1.104240 10.746672 9.532186 -1539.992886
56.900000 1.104240 10.746672 9.532186 -1552.427775
57.000000 1.104240 10.746672 9.532186 -1561.989664
57.100000 1.104240 10.746672 9.532186 -1536.421947
57.200000 1.104240 10.746672 9.532186 -1515.986796
57.300000 1.104240 10.746672 9.532186 -1508.871772
57.400000 1.104240 10.746672 9.532186 -1509.823557
57.500000 1.104240 10.746672 9.532186 -1502.142191
57.600000 1.104240 10.746672 9.532186 -1522.492252
57.700000 1.104240 10.746672 9.532186 -1517.795911
57.800000 1.104240 10.746672 9.532186 -1505.504522
57.900000 1.104240 10.746672 9.532186 -1501.646702
58.000000 1.104240 10.746672 9.532186 -1510.952035
58.100000 1.104240 10.746672 9.532186 -1503.171069
58.200000 1.104240 10.746672 9.532186 -1516.657795
58.300000 1.104240 10.746672 9.532186 -1512.869339
58.400000 1.104240 10.746672 9.532186 -1510.582021
58.500000 1.104240 10.746672 9.532186 -1506.452674
58.600000 1.104240 10.746672 9.532186 -1507.244967
58.700000 1.104240 10.746672 9.532186 -1510.987504
58.800000 1.104240 10.746672 9.532186 -1489.849760
58.900000 1.104240 10.746672 9.532186 -1499.449330
59.000000 1.104240 10.746672 9.532186 -1488.612281
59.100000 1.104240 10.746672 9.532186 -1497.475135
59.200000 1.104240 10.746672 9.532186 -1493.433823
59.300000 1.104240 10.746672 9.532186 -1500.605716
59.400000 1.104240 10.746672 9.532186 -1507.904476
59.500000 1.104240 10.746672 9.532186 -1519.460648
59.600000 1.104240 10.746672 9.532186 -1505.650926
59.700000 1.104240 10.746672 9.532186 -1505.080499
59.800000 1.104240 10.746672 9.532186 -1485.404196
59.900000 1.104240 10.746672 9.532186 -1475.633153
60.000000 1.104240 10.746672 9.532186 -1482.190167
60.100000 1.104240 10.746672 9.532186 -1484.538569
60.200000 1.104240 10.746672 9.532186 -1482.354667
60.300000 1.104240 10.746672 9.532186 -1480.499875
60.400000 1.104240 10.746672 9.532186 -1489.371724
60.500000 1.104240 10.746672 9.532186 -1499.620264
60.600000 1.104240 10.746672 9.532186 -1506.414197
60.700000 1.104240 10.746672 9.532186 -1494.612131
60.800000 1.104240 10.746672 9.532186 -1488.997142
60.900000 1.104240 10.746672 9.532186 -1488.062282
61.000000 1.104240 10.746672 9.532186 -1512.048381
61.100000 1.104240 10.746672 9.532186 -1523.137533
61.200000 1.104240 10.746672 9.532186 -1525.964074
61.300000 1.104240 10.746672 9.532186 -1514.887262
61.400000 1.104240 10.746672 9.532186 -1501.196145
61.500000 1.104240 10.746672 9.532186 -1517.374818
61.600000 1.104240 10.746672 9.532186 -1499.392447
61.700000 1.104240 10.746672 9.532186 -1508.176367
61.800000 1.104240 10.746672 9.532186 -1503.560342
61.900000 1.104240 10.746672 9.532186 -1514.140422
62.000000 1.104240 10.746672 9.532186 -1518.410383
62.100000 1.104240 10.746672 9.532186 -1542.799459
62.200000 1.104240 10.746672 9.532186 -1536.255203
62.300000 1.104240 10.746672 9.532186 -1529.964259
62.400000 1.104240 10.746672 9.532186 -1520.422791
62.500000 1.104240 10.746672 9.532186 -1514.142552
62.600000 1.104240 10.746672 9.532186 -1511.502251
62.700000 1.104240 10.746672 9.532186 -1519.169455
62.800000 1.104240 10.746672 9.532186 -1515.880285
62.900000 1.104240 10.746672 9.532186 -1511.279366
63.000000 1.104240 10.746672 9.532186 -1517.806419
63.100000 1.104240 10.746672 9.532186 -1498.639105
63.200000 1.104240 10.746672 9.532186 -1518.016552
63.300000 1.104240 10.746672 9.532186 -1516.687375
63.400000 1.104240 10.746672 9.532186 -1494.970713
63.500000 1.104240 10.746672 9.532186 -1521.518885
63.600000 1.104240 10.746672 9.532186 -1515.368947
63.700000 1.104240 10.746672 9.532186 -1536.137642
63.800000 1.104240 10.746672 9.532186 -1529.691411
63.900000 1.104240 10.746672 9.532186 -1526.882898
64.000000 1.104240 10.746672 9.532186 -1534.605975
64.100000 1.104240 10.746672 9.532186 -1502.772577
64.200000 1.104240 10.746672 9.532186 -1486.666745
64.300000 1.104240 10.746672 9.532186 -1504.030252
64.400000 1.104240 10.746672 9.532186 -1509.251835
64.500000 1.104240 10.746672 9.532186 -1516.592195
64.600000 1.104240 10.746672 9.532186 -1513.515080
64.700000 1.104240 10.746672 9.532186 -1510.196598
64.800000 1.104240 10.746672 9.532186 -1497.162500
64.900000 1.104240 10.746672 9.532186 -1515.122981
65.000000 1.104240 10.746672 9.532186 -1517.556559
65.100000 1.104240 10.746672 9.532186 -1525.518377
65.200000 1.104240 10.746672 9.532186 -1515.130747
65.300000 1.104240 10.746672 9.532186 -1537.741249
65.400000 1.104240 10.746672 9.532186 -1547.200635
65.500000 1.104240 10.746672 9.532186 -1564.687759
65.600000 1.104240 10.746672 9.532186 -1570.630441
65.700000 1.104240 10.746672 9.532186 -1576.221326
65.800000 1.104240 10.746672 9.532186 -1576.481732
65.900000 1.104240 10.746672 9.532186 -1573.795403
66.000000 1.104240 10.746672 9.532186 -1555.624177
66.100000 1.104240 10.746672 9.532186 -1544.385846
66.200000 1.104240 10.746672 9.532186 -1549.350197
66.300000 1.104240 10.746672 9.532186 -1537.136676
66.400000 1.104240 10.746672 9.532186 -1524.181346
66.500000 1.104240 10.746672 9.532186 -1553.384521
66.600000 1.104240 10.746672 9.532186 -1548.155297
66.700000 1.104240 10.746672 9.532186 -1527.490032
66.800000 1.104240 10.746672 9.532186 -1511.261711
66.900000 1.104240 10.746672 9.532186 -1517.740028
67.000000 1.104240 10.746672 9.532186 -1527.087355
67.100000 1.104240 10.746672 9.532186 -1525.728138
67.200000 1.104240 10.746672 9.532186 -1524.977735
67.300000 1.104240 10.746672 9.532186 -1531.492491
67.400000 1.104240 10.746672 9.532186 -1547.100748
67.500000 1.104240 10.746672 9.532186 -1548.467337
67.600000 1.104240 10.746672 9.532186 -1538.347051
67.700000 1.104240 10.746672 9.532186 -1539.000066
67.800000 1.104240 10.746672 9.532186 -1542.152427
67.900000 1.104240 10.746672 9.532186 -1526.169408
68.000000 1.104240 10.746672 9.532186 -1526.733724
68.100000 1.104240 10.746672 9.532186 -1532.767589
68.200000 1.104240 10.746672 9.532186 -1556.578667
68.300000 1.104240 10.746672 9.532186 -1547.865070
68.400000 1.104240 10.746672 9.532186 -1523.319016
68.500000 1.104240 10.746672 9.532186 -1538.389952
68.600000 1.104240 10.746672 9.532186 -1535.191548
68.700000 1.104240 10.746672 9.532186 -1540.151674
68.800000 1.104240 10.746672 9.532186 -1537.384021
68.900000 1.104240 10.746672 9.532186 -1542.560706
69.000000 1.104240 10.746672 9.532186 -1552.419344
69.100000 1.104240 10.746672 9.532186 -1555.712704
69.200000 1.104240 10.746672 9.532186 -1547.829557
69.300000 1.104240 10.746672 9.532186 -1544.630171
69.400000 1.104240 10.746672 9.532186 -1529.468826
69.500000 1.104240 10.746672 9.532186 -1519.432430
69.600000 1.104240 10.746672 9.532186 -1541.309424
69.700000 1.104240 10.746672 9.532186 -1530.799486
69.800000 1.104240 10.746672 9.532186 -1536.883490
69.900000 1.104240 10.746672 9.532186 -1534.522107
70.000000 1.104240 10.746672 9.532186 -1528.402666
70.100000 1.104240 10.746672 9.532186 -1531.299469
70.200000 1.104240 10.746672 9.532186 -1516.755181
70.300000 1.104240 10.746672 9.532186 -1499.145069
70.400000 1.104240 10.746672 9.532186 -1489.612563
70.500000 1.104240 10.746672 9.532186 -1510.037157
70.600000 1.104240 10.746672 9.532186 -1499.838457
70.700000 1.104240 10.746672 9.532186 -1499.874051
70.800000 1.104240 10.746672 9.532186 -1517.585165
70.900000 1.104240 10.746672 9.532186 -1536.668489
71.000000 1.104240 10.746672 9.532186 -1541.907534
71.100000 1.104240 10.746672 9.532186 -1536.335695
71.200000 1.104240 10.746672 9.532186 -1530.194845
71.300000 1.104240 10.746672 9.532186 -1534.892924
71.400000 1.104240 10.746672 9.532186 -1541.325381
71.500000 1.104240 10.746672 9.532186 -1528.423643
71.600000 1.104240 10.746672 9.532186 -1525.284824
71.700000 1.104240 10.746672 9.532186 -1511.212051
71.800000 1.104240 10.746672 9.532186 -1519.921112
71.900000 1.104240 10.746672 9.532186 -1524.643564
72.000000 1.104240 10.746672 9.532186 -1520.618231
72.100000 1.104240 10.746672 9.532186 -1524.743417
72.200000 1.104240 10.746672 9.532186 -1537.939404
72.300000 1.104240 10.746672 9.532186 -1520.353866
72.400000 1.104240 10.746672 9.532186 -1508.095164
72.500000 1.104240 10.746672 9.532186 -1534.778698
72.600000 1.104240 10.746672 9.532186 -1523.554473
72.700000 1.104240 10.746672 9.532186 -1514.582090
72.800000 1.104240 10.746672 9.532186 -1507.776790
72.900000 1.104240 10.746672 9.532186 -1513.636154
73.000000 1.104240 10.746672 9.532186 -1518.135808
73.100000 1.104240 10.746672 9.532186 -1499.779204
73.200000 1.104240 10.746672 9.532186 -1486.358663
73.300000 1.104240 10.746672 9.532186 -1488.173578
73.400000 1.104240 10.746672 9.532186 -1494.063010
73.500000 1.104240 10.746672 9.532186 -1505.523933
73.600000 1.104240 10.746672 9.532186 -1497.173902
73.700000 1.104240 10.746672 9.532186 -1484.805923
73.800000 1.104240 10.746672 9.532186 -1496.585078
73.900000 1.104240 10.746672 9.532186 -1496.490768
74.000000 1.104240 10.746672 9.532186 -1509.735913
74.100000 1.104240 10.746672 9.532186 -1531.925740
74.200000 1.104240 10.746672 9.532186 -1549.085988
74.300000 1.104240 10.746672 9.532186 -1550.054850
74.400000 1.104240 10.746672 9.532186 -1555.629532
74.500000 1.104240 10.746672 9.532186 -1548.497826
74.600000 1.104240 10.746672 9.532186 -1524.178171
74.700000 1.104240 10.746672 9.532186 -1545.066499
74.800000 1.104240 10.746672 9.532186 -1538.446959
74.900000 1.104240 10.746672 9.532186 -1532.606744
75.000000 1.104240 10.746672 9.532186 -1532.457895
75.100000 1.104240 10.746672 9.532186 -1525.662579
75.200000 1.104240 10.746672 9.532186 -1525.328482
75.300000 1.104240 10.746672 9.532186 -1525.082289
75.400000 1.104240 10.746672 9.532186 -1510.815196
75.500000 1.104240 10.746672 9.532186 -1522.656283
75.600000 1.104240 10.746672 9.532186 -1517.426037
75.700000 1.104240 10.746672 9.532186 -1512.765868
75.800000 1.104240 10.746672 9.532186 -1517.045634
75.900000 1.104240 10.746672 9.532186 -1528.048649
76.000000 1.104240 10.746672 9.532186 -1525.383998
76.100000 1.104240 10.746672 9.532186 -1520.990064
76.200000 1.104240 10.746672 9.532186 -1512.111489
76.300000 1.104240 10.746672 9.532186 -1508.169108
76.400000 1.104240 10.746672 9.532186 -1513.505893
76.500000 1.104240 10.746672 9.532186 -1518.016344
76.600000 1.104240 10.746672 9.532186 -1514.950987
76.700000 1.104240 10.746672 9.532186 -1524.131523
76.800000 1.104240 10.746672 9.532186 -1539.789852
76.900000 1.104240 10.746672 9.532186 -1517.842534
77.000000 1.104240 10.746672 9.532186 -1528.501377
77.100000 1.104240 10.746672 9.532186 -1549.021727
77.200000 1.104240 10.746672 9.532186 -1546.082812
77.300000 1.104240 10.746672 9.532186 -1546.652108
77.400000 1.104240 10.746672 9.532186 -1544.535473
77.500000 1.104240 10.746672 9.532186 -1538.332293
77.600000 1.104240 10.746672 9.532186 -1546.847044
77.700000 1.104240 10.746672 9.532186 -1534.843738
77.800000 1.104240 10.746672 9.532186 -1538.554889
77.900000 1.104240 10.746672 9.532186 -1547.765776
78.000000 1.104240 10.746672 9.532186 -1540.344077
78.100000 1.104240 10.746672 9.532186 -1537.272915
78.200000 1.104240 10.746672 9.532186 -1536.441165
78.300000 1.104240 10.746672 9.532186 -1540.433075
78.400000 1.104240 10.746672 9.532186 -1542.469636
78.500000 1.104240 10.746672 9.532186 -1526.182442
78.600000 1.104240 10.746672 9.532186 -1528.634297
78.700000 1.104240 10.746672 9.532186 -1518.021551
78.800000 1.104240 10.746672 9.532186 -1505.808417
78.900000 1.104240 10.746672 9.532186 -1488.130501
79.000000 1.104240 10.746672 9.532186 -1484.074862
79.100000 1.104240 10.746672 9.532186 -1500.555084
79.200000 1.104240 10.746672 9.532186 -1503.026733
79.300000 1.104240 10.746672 9.532186 -1512.601756
79.400000 1.104240 10.746672 9.532186 -1506.467994
79.500000 1.104240 10.746672 9.532186 -1506.214649
79.600000 1.104240 10.746672 9.532186 -1481.860045
79.700000 1.104240 10.746672 9.532186 -1492.033895
79.800000 1.104240 10.746672 9.532186 -1507.140164
79.900000 1.104240 10.746672 9.532186 -1497.892192
80.000000 1.104240 10.746672 9.532186 -1494.735924
80.100000 1.104240 10.746672 9.532186 -1495.555010
80.200000 1.104240 10.746672 9.532186 -1496.561513
80.300000 1.104240 10.746672 9.532186 -1500.237835
80.400000 1.104240 10.746672 9.532186 -1491.979420
80.500000 1.104240 10.746672 9.532186 -1501.268782
80.600000 1.104240 10.746672 9.532186 -1504.942818
80.700000 1.104240 10.746672 9.532186 -1502.653095
80.800000 1.104240 10.746672 9.532186 -1498.078508
80.900000 1.104240 10.746672 9.532186 -1512.861694
81.000000 1.104240 10.746672 9.532186 -1500.597683
81.100000 1.104240 10.746672 9.532186 -1487.066981
81.200000 1.104240 10.746672 9.532186 -1502.169103
81.300000 1.104240 10.746672 9.532186 -1516.495202
81.400000 1.104240 10.746672 9.532186 -1515.209786
81.500000 1.104240 10.746672 9.532186 -1510.191008
81.600000 1.104240 10.746672 9.532186 -1515.474889
81.700000 1.104240 10.746672 9.532186 -1536.447737
81.800000 1.104240 10.746672 9.532186 -1500.196598
81.900000 1.104240 10.746672 9.532186 -1508.505645
82.000000 1.104240 10.746672 9.532186 -1524.484885
82.100000 1.104240 10.746672 9.532186 -1533.123106
82.200000 1.104240 10.746672 9.532186 -1541.062308
82.300000 1.104240 10.746672 9.532186 -1525.239389
82.400000 1.104240 10.746672 9.532186 -1524.804861
82.500000 1.104240 10.746672 9.532186 -1511.503204
82.600000 1.104240 10.746672 9.532186 -1522.631279
82.700000 1.104240 10.746672 9.532186 -1538.010523
82.800000 1.104240 10.746672 9.532186 -1540.899686
82.900000 1.104240 10.746672 9.532186 -1531.944473
83.000000 1.104240 10.746672 9.532186 -1540.933734
83.100000 1.104240 10.746672 9.532186 -1537.225495
83.200000 1.104240 10.746672 9.532186 -1512.577934
83.300000 1.104240 10.746672 9.532186 -1531.270554
83.400000 1.104240 10.746672 9.532186 -1523.571028
83.500000 1.104240 10.746672 9.532186 -1530.316566
83.600000 1.104240 10.746672 9.532186 -1550.989900
83.700000 1.104240 10.746672 9.532186 -1547.525804
83.800000 1.104240 10.746672 9.532186 -1546.448323
83.900000 1.104240 10.746672 9.532186 -1552.695605
84.000000 1.104240 10.746672 9.532186 -1559.995856
84.100000 1.104240 10.746672 9.532186 -1554.689659
84.200000 1.104240 10.746672 9.532186 -1544.145486
84.300000 1.104240 10.746672 9.532186 -1537.741682
84.400000 1.104240 10.746672 9.532186 -1524.267359
84.500000 1.104240 10.746672 9.532186 -1534.053143
84.600000 1.104240 10.746672 9.532186 -1544.601831
84.700000 1.104240 10.746672 9.532186 -1544.654141
84.800000 1.104240 10.746672 9.532186 -1516.845976
84.900000 1.104240 10.746672 9.532186 -1508.003977
85.000000 1.104240 10.746672 9.532186 -1509.453488
85.100000 1.104240 10.746672 9.532186 -1510.117058
85.200000 1.104240 10.746672 9.532186 -1530.189555
85.300000 1.104240 10.746672 9.532186 -1515.930775
85.400000 1.104240 10.746672 9.532186 -1513.907256
85.500000 1.104240 10.746672 9.532186 -1523.964365
85.600000 1.104240 10.746672 9.532186 -1502.406980
85.700000 1.104240 10.746672 9.532186 -1515.332541
85.800000 1.104240 10.746672 9.532186 -1518.259312
85.900000 1.104240 10.746672 9.532186 -1532.432522
86.000000 1.104240 10.746672 9.532186 -1522.858205
86.100000 1.104240 10.746672 9.532186 -1512.429933
86.200000 1.104240 10.746672 9.532186 -1504.111570
86.300000 1.104240 10.746672 9.532186 -1504.025835
86.400000 1.104240 10.746672 9.532186 -1502.333922
86.500000 1.104240 10.746672 9.532186 -1488.758564
86.600000 1.104240 10.746672 9.532186 -1506.539202
86.700000 1.104240 10.746672 9.532186 -1508.027616
86.800000 1.104240 10.746672 9.532186 -1508.343847
86.900000 1.104240 10.746672 9.532186 -1512.239838
87.000000 1.104240 10.746672 9.532186 -1495.513644
87.100000 1.104240 10.746672 9.532186 -1490.028694
87.200000 1.104240 10.746672 9.532186 -1499.493120
87.300000 1.104240 10.746672 9.532186 -1491.023297
87.400000 1.104240 10.746672 9.532186 -1492.453990
87.500000 1.104240 10.746672 9.532186 -1485.005542
87.600000 1.104240 10.746672 9.532186 -1485.048531
87.700000 1.104240 10.746672 9.532186 -1510.323689
87.800000 1.104240 10.746672 9.532186 -1505.533343
87.900000 1.104240 10.746672 9.532186 -1499.756163
88.000000 1.104240 10.746672 9.532186 -1527.688510
88.100000 1.104240 10.746672 9.532186 -1524.221505
88.200000 1.104240 10.746672 9.532186 -1522.091332
88.300000 1.104240 10.746672 9.532186 -1535.571469
88.400000 1.104240 10.746672 9.532186 -1526.692456
88.500000 1.104240 10.746672 9.532186 -1530.725561
88.600000 1.104240 10.746672 9.532186 -1520.245743
88.700000 1.104240 10.746672 9.532186 -1507.938053
88.800000 1.104240 10.746672 9.532186 -1514.100395
88.900000 1.104240 10.746672 9.532186 -1507.608990
89.000000 1.104240 10.746672 9.532186 -1500.904741
89.100000 1.104240 10.746672 9.532186 -1497.428187
89.200000 1.104240 10.746672 9.532186 -1514.165800
89.300000 1.104240 10.746672 9.532186 -1511.588249
89.400000 1.104240 10.746672 9.532186 -1516.618176
89.500000 1.104240 10.746672 9.532186 -1520.966422
89.600000 1.104240 10.746672 9.532186 -1522.647879
89.700000 1.104240 10.746672 9.532186 -1541.520292
89.800000 1.104240 10.746672 9.532186 -1538.734698
89.900000 1.104240 10.746672 9.532186 -1504.858759
90.000000 1.104240 10.746672 9.532186 -1522.743742
90.100000 1.104240 10.746672 9.532186 -1527.231316
90.200000 1.104240 10.746672 9.532186 -1537.495644
90.300000 1.104240 10.746672 9.532186 -1543.066963
90.400000 1.104240 10.746672 9.532186 -1530.496372
90.500000 1.104240 10.746672 9.532186 -1557.583865
90.600000 1.104240 10.746672 9.532186 -1557.035968
90.700000 1.104240 10.746672 9.532186 -1549.034834
90.800000 1.104240 10.746672 9.532186 -1538.529417
90.900000 1.104240 10.746672 9.532186 -1539.203627
91.000000 1.104240 10.746672 9.532186 -1535.240475
91.100000 1.104240 10.746672 9.532186 -1521.448904
91.200000 1.104240 10.746672 9.532186 -1524.930320
91.300000 1.104240 10.746672 9.532186 -1561.286513
91.400000 1.104240 10.746672 9.532186 -1558.815856
91.500000 1.104240 10.746672 9.532186 -1561.191534
91.600000 1.104240 10.746672 9.532186 -1533.298732
91.700000 1.104240 10.746672 9.532186 -1542.875658
91.800000 1.104240 10.746672 9.532186 -1526.914971
91.900000 1.104240 10.746672 9.532186 -1530.465027
92.000000 1.104240 10.746672 9.532186 -1526.639367
92.100000 1.104240 10.746672 9.532186 -1524.325093
92.200000 1.104240 10.746672 9.532186 -1531.594701
92.300000 1.104240 10.746672 9.532186 -1498.788214
92.400000 1.104240 10.746672 9.532186 -1494.033522
92.500000 1.104240 10.746672 9.532186 -1495.214297
92.600000 1.104240 10.746672 9.532186 -1506.465901
92.700000 1.104240 10.746672 9.532186 -1506.120769
92.800000 1.104240 10.746672 9.532186 -1473.274103
92.900000 1.104240 10.746672 9.532186 -1472.623982
93.000000 1.104240 10.746672 9.532186 -1478.466363
93.100000 1.104240 10.746672 9.532186 -1496.689266
93.200000 1.104240 10.746672 9.532186 -1503.208979
93.300000 1.104240 10.746672 9.532186 -1490.032651
93.400000 1.104240 10.746672 9.532186 -1489.281004
93.500000 1.104240 10.746672 9.532186 -1478.980510
93.600000 1.104240 10.746672 9.532186 -1497.504370
93.700000 1.104240 10.746672 9.532186 -1503.297131
93.800000 1.104240 10.746672 9.532186 -1514.554479
93.900000 1.104240 10.746672 9.532186 -1516.383788
94.000000 1.104240 10.746672 9.532186 -1519.492451
94.100000 1.104240 10.746672 9.532186 -1532.717891
94.200000 1.104240 10.746672 9.532186 -1550.113941
94.300000 1.104240 10.746672 9.532186 -1550.704057
94.400000 1.104240 10.746672 9.532186 -1542.584757
94.500000 1.104240 10.746672 9.532186 -1539.440056
94.600000 1.104240 10.746672 9.532186 -1543.103617
94.700000 1.104240 10.746672 9.532186 -1539.107778
94.800000 1.104240 10.746672 9.532186 -1531.405161
94.900000 1.104240 10.746672 9.532186 -1499.403973
95.000000 1.104240 10.746672 9.532186 -1495.186085
95.100000 1.104240 10.746672 9.532186 -1515.778831
95.200000 1.104240 10.746672 9.532186 -1510.939998
95.300000 1.104240 10.746672 9.532186 -1504.842501
95.400000 1.104240 10.746672 9.532186 -1498.073302
95.500000 1.104240 10.746672 9.532186 -1505.675165
95.600000 1.104240 10.746672 9.532186 -1501.105207
95.700000 1.104240 10.746672 9.532186 -1518.815938
95.800000 1.104240 10.746672 9.532186 -1522.795079
95.900000 1.104240 10.746672 9.532186 -1527.754579
96.000000 1.104240 10.746672 9.532186 -1521.067036
96.100000 1.104240 10.746672 9.532186 -1528.914344
96.200000 1.104240 10.746672 9.532186 -1514.784987
96.300000 1.104240 10.746672 9.532186 -1515.269274
96.400000 1.104240 10.746672 9.532186 -1513.350639
96.500000 1.104240 10.746672 9.532186 -1499.636765
96.600000 1.104240 10.746672 9.532186 -1500.943505
96.700000 1.104240 10.746672 9.532186 -1511.869546
96.800000 1.104240 10.746672 9.532186 -1515.866332
96.900000 1.104240 10.746672 9.532186 -1502.492009
97.000000 1.104240 10.746672 9.532186 -1504.532018
97.100000 1.104240 10.746672 9.532186 -1496.459056
97.200000 1.104240 10.746672 9.532186 -1492.998557
97.300000 1.104240 10.746672 9.532186 -1498.728711
97.400000 1.104240 10.746672 9.532186 -1501.805847
97.500000 1.104240 10.746672 9.532186 -1513.800263
97.600000 1.104240 10.746672 9.532186 -1516.941993
97.700000 1.104240 10.746672 9.532186 -1506.596936
97.800000 1.104240 10.746672 9.532186 -1515.068595
97.900000 1.104240 10.746672 9.532186 -1507.207885
98.000000 1.104240 10.746672 9.532186 -1508.846816
98.100000 1.104240 10.746672 9.532186 -1506.145777
98.200000 1.104240 10.746672 9.532186 -1511.186476
98.300000 1.104240 10.746672 9.532186 -1496.396615
98.400000 1.104240 10.746672 9.532186 -1501.516970
98.500000 1.104240 10.746672 9.532186 -1515.616762
98.600000 1.104240 10.746672 9.532186 -1517.343124
98.700000 1.104240 10.746672 9.532186 -1501.798803
98.800000 1.104240 10.746672 9.532186 -1521.212406
98.900000 1.104240 10.746672 9.532186 -1522.338425
99.000000 1.104240 10.746672 9.532186 -1501.888770
99.100000 1.104240 10.746672 9.532186 -1525.358086
99.200000 1.104240 10.746672 9.532186 -1552.633109
99.300000 1.104240 10.746672 9.532186 -1540.077572
99.400000 1.104240 10.746672 9.532186 -1529.462745
99.500000 1.104240 10.746672 9.532186 -1513.064371
99.600000 1.104240 10.746672 9.532186 -1508.584435
99.700000 1.104240 10.746672 9.532186 -1527.694340
99.800000 1.104240 10.746672 9.532186 -1534.192203
99.900000 1.104240 10.746672 9.532186 -1539.560703
