0.000000 1.104240 0.008203 0.997429 -0.356686
0.100000 1.104240 0.008203 0.997429 -0.356995
0.200000 1.104240 0.008203 0.997429 -0.357280
0.300000 1.104240 0.008203 0.997429 -0.357611
0.400000 1.104240 0.008203 0.997429 -0.358003
0.500000 1.104240 0.008203 0.997429 -0.358400
0.600000 1.104240 0.008203 0.997429 -0.358725
0.700000 1.104240 0.008203 0.997429 -0.359065
0.800000 1.104240 0.008203 0.997429 -0.359333
0.900000 1.104240 0.008203 0.997429 -0.359745
1.000000 1.104240 0.008203 0.997429 -0.360173
1.100000 1.104240 0.008203 0.997429 -0.360629
1.200000 1.104240 0.008203 0.997429 -0.361098
1.300000 1.104240 0.008203 0.997429 -0.361566
1.400000 1.104240 0.008203 0.997429 -0.361998
1.500000 1.104240 0.008203 0.997429 -0.362319
1.600000 1.104240 0.008203 0.997429 -0.362478
1.700000 1.104240 0.008203 0.997429 -0.362740
1.800000 1.104240 0.008203 0.997429 -0.362931
1.900000 1.104240 0.008203 0.997429 -0.363202
2.000000 1.104240 0.008203 0.997429 -0.363289
2.100000 1.104240 0.008203 0.997429 -0.363580
2.200000 1.104240 0.008203 0.997429 -0.363897
2.300000 1.104240 0.008203 0.997429 -0.364376
2.400000 1.104240 0.008203 0.997429 -0.364611
2.500000 1.104240 0.008203 0.997429 -0.364817
2.600000 1.104240 0.008203 0.997429 -0.365286
2.700000 1.104240 0.008203 0.997429 -0.365753
2.800000 1.104240 0.008203 0.997429 -0.366390
2.900000 1.104240 0.008203 0.997429 -0.366613
3.000000 1.104240 0.008203 0.997429 -0.367193
3.100000 1.104240 0.008203 0.997429 -0.367365
3.200000 1.104240 0.008203 0.997429 -0.367450
3.300000 1.104240 0.008203 0.997429 -0.367799
3.400000 1.104240 0.008203 0.997429 -0.368288
3.500000 1.104240 0.008203 0.997429 -0.368723
3.600000 1.104240 0.008203 0.997429 -0.368920
3.700000 1.104240 0.008203 0.997429 -0.369464
3.800000 1.104240 0.008203 0.997429 -0.369585
3.900000 1.104240 0.008203 0.997429 -0.370358
4.000000 1.104240 0.008203 0.997429 -0.370763
4.100000 1.104240 0.008203 0.997429 -0.371327
4.200000 1.104240 0.008203 0.997429 -0.371731
4.300000 1.104240 0.008203 0.997429 -0.372520
4.400000 1.104240 0.008203 0.997429 -0.372404
4.500000 1.104240 0.008203 0.997429 -0.373138
4.600000 1.104240 0.008203 0.997429 -0.373242
4.700000 1.104240 0.008203 0.997429 -0.373442
4.800000 1.104240 0.008203 0.997429 -0.373492
4.900000 1.104240 0.008203 0.997429 -0.373720
5.000000 1.104240 0.008203 0.997429 -0.374075
5.100000 1.104240 0.008203 0.997429 -0.374237
5.200000 1.104240 0.008203 0.997429 -0.374433
5.300000 1.104240 0.008203 0.997429 -0.375111
5.400000 1.104240 0.008203 0.997429 -0.375404
5.500000 1.104240 0.008203 0.997429 -0.375845
5.600000 1.104240 0.008203 0.997429 -0.375809
5.700000 1.104240 0.008203 0.997429 -0.376038
5.800000 1.104240 0.008203 0.997429 -0.376258
5.900000 1.104240 0.008203 0.997429 -0.376307
6.000000 1.104240 0.008203 0.997429 -0.377053
6.100000 1.104240 0.008203 0.997429 -0.377137
6.200000 1.104240 0.008203 0.997429 -0.377432
6.300000 1.104240 0.008203 0.997429 -0.377481
6.400000 1.104240 0.008203 0.997429 -0.377616
6.500000 1.104240 0.008203 0.997429 -0.377787
6.600000 1.104240 0.008203 0.997429 -0.378220
6.700000 1.104240 0.008203 0.997429 -0.378426
6.800000 1.104240 0.008203 0.997429 -0.378910
6.900000 1.104240 0.008203 0.997429 -0.379056
7.000000 1.104240 0.008203 0.997429 -0.379840
7.100000 1.104240 0.008203 0.997429 -0.380071
7.200000 1.104240 0.008203 0.997429 -0.380392
7.300000 1.104240 0.008203 0.997429 -0.380780
7.400000 1.104240 0.008203 0.997429 -0.381569
7.500000 1.104240 0.008203 0.997429 -0.381955
7.600000 1.104240 0.008203 0.997429 -0.382171
7.700000 1.104240 0.008203 0.997429 -0.382841
7.800000 1.104240 0.008203 0.997429 -0.383279
7.900000 1.104240 0.008203 0.997429 -0.383916
8.000000 1.104240 0.008203 0.997429 -0.383937
8.100000 1.104240 0.008203 0.997429 -0.383708
8.200000 1.104240 0.008203 0.997429 -0.383527
8.300000 1.104240 0.008203 0.997429 -0.384096
8.400000 1.104240 0.008203 0.997429 -0.384074
8.500000 1.104240 0.008203 0.997429 -0.384445
8.600000 1.104240 0.008203 0.997429 -0.384373
8.700000 1.104240 0.008203 0.997429 -0.384694
8.800000 1.104240 0.008203 0.997429 -0.385119
8.900000 1.104240 0.008203 0.997429 -0.385313
9.000000 1.104240 0.008203 0.997429 -0.385546
9.100000 1.104240 0.008203 0.997429 -0.386117
9.200000 1.104240 0.008203 0.997429 -0.386514
9.300000 1.104240 0.008203 0.997429 -0.386902
9.400000 1.104240 0.008203 0.997429 -0.387513
9.500000 1.104240 0.008203 0.997429 -0.387650
9.600000 1.104240 0.008203 0.997429 -0.387838
9.700000 1.104240 0.008203 0.997429 -0.388190
9.800000 1.104240 0.008203 0.997429 -0.388172
9.900000 1.104240 0.008203 0.997429 -0.388785
10.000000 1.104240 0.008203 0.997429 -0.389626
10.100000 1.104240 0.008203 0.997429 -0.390373
10.200000 1.104240 0.008203 0.997429 -0.390578
10.300000 1.104240 0.008203 0.997429 -0.391105
10.400000 1.104240 0.008203 0.997429 -0.391428
10.500000 1.104240 0.008203 0.997429 -0.391725
10.600000 1.104240 0.008203 0.997429 -0.391855
10.700000 1.104240 0.008203 0.997429 -0.391742
10.800000 1.104240 0.008203 0.997429 -0.391858
10.900000 1.104240 0.008203 0.997429 -0.391560
11.000000 1.104240 0.008203 0.997429 -0.392429
11.100000 1.104240 0.008203 0.997429 -0.392741
11.200000 1.104240 0.008203 0.997429 -0.393184
11.300000 1.104240 0.008203 0.997429 -0.393257
11.400000 1.104240 0.008203 0.997429 -0.393691
11.500000 1.104240 0.008203 0.997429 -0.394121
11.600000 1.104240 0.008203 0.997429 -0.394090
11.700000 1.104240 0.008203 0.997429 -0.394447
11.800000 1.104240 0.008203 0.997429 -0.395056
11.900000 1.104240 0.008203 0.997429 -0.396151
12.000000 1.104240 0.008203 0.997429 -0.396104
12.100000 1.104240 0.008203 0.997429 -0.396633
12.200000 1.104240 0.008203 0.997429 -0.397370
12.300000 1.104240 0.008203 0.997429 -0.397719
12.400000 1.104240 0.008203 0.997429 -0.398444
12.500000 1.104240 0.008203 0.997429 -0.398309
12.600000 1.104240 0.008203 0.997429 -0.398512
12.700000 1.104240 0.008203 0.997429 -0.399493
12.800000 1.104240 0.008203 0.997429 -0.400300
12.900000 1.104240 0.008203 0.997429 -0.400751
13.000000 1.104240 0.008203 0.997429 -0.401418
13.100000 1.104240 0.008203 0.997429 -0.402118
13.200000 1.104240 0.008203 0.997429 -0.401929
13.300000 1.104240 0.008203 0.997429 -0.401595
13.400000 1.104240 0.008203 0.997429 -0.401590
13.500000 1.104240 0.008203 0.997429 -0.402367
13.600000 1.104240 0.008203 0.997429 -0.402298
13.700000 1.104240 0.008203 0.997429 -0.402721
13.800000 1.104240 0.008203 0.997429 -0.403386
13.900000 1.104240 0.008203 0.997429 -0.403833
14.000000 1.104240 0.008203 0.997429 -0.404121
14.100000 1.104240 0.008203 0.997429 -0.404056
14.200000 1.104240 0.008203 0.997429 -0.404186
14.300000 1.104240 0.008203 0.997429 -0.405218
14.400000 1.104240 0.008203 0.997429 -0.404903
14.500000 1.104240 0.008203 0.997429 -0.405721
14.600000 1.104240 0.008203 0.997429 -0.407125
14.700000 1.104240 0.008203 0.997429 -0.407359
14.800000 1.104240 0.008203 0.997429 -0.408043
14.900000 1.104240 0.008203 0.997429 -0.409239
15.000000 1.104240 0.008203 0.997429 -0.409621
15.100000 1.104240 0.008203 0.997429 -0.410763
15.200000 1.104240 0.008203 0.997429 -0.411963
15.300000 1.104240 0.008203 0.997429 -0.411600
15.400000 1.104240 0.008203 0.997429 -0.412034
15.500000 1.104240 0.008203 0.997429 -0.412460
15.600000 1.104240 0.008203 0.997429 -0.412479
15.700000 1.104240 0.008203 0.997429 -0.413142
15.800000 1.104240 0.008203 0.997429 -0.413546
15.900000 1.104240 0.008203 0.997429 -0.413952
16.000000 1.104240 0.008203 0.997429 -0.414366
16.100000 1.104240 0.008203 0.997429 -0.414033
16.200000 1.104240 0.008203 0.997429 -0.413941
16.300000 1.104240 0.008203 0.997429 -0.413637
16.400000 1.104240 0.008203 0.997429 -0.413969
16.500000 1.104240 0.008203 0.997429 -0.414067
16.600000 1.104240 0.008203 0.997429 -0.414355
16.700000 1.104240 0.008203 0.997429 -0.413813
16.800000 1.104240 0.008203 0.997429 -0.414499
16.900000 1.104240 0.008203 0.997429 -0.415057
17.000000 1.104240 0.008203 0.997429 -0.415743
17.100000 1.104240 0.008203 0.997429 -0.415667
17.200000 1.104240 0.008203 0.997429 -0.416220
17.300000 1.104240 0.008203 0.997429 -0.417235
17.400000 1.104240 0.008203 0.997429 -0.417662
17.500000 1.104240 0.008203 0.997429 -0.418621
17.600000 1.104240 0.008203 0.997429 -0.419353
17.700000 1.104240 0.008203 0.997429 -0.420587
17.800000 1.104240 0.008203 0.997429 -0.421470
17.900000 1.104240 0.008203 0.997429 -0.421487
18.000000 1.104240 0.008203 0.997429 -0.422173
18.100000 1.104240 0.008203 0.997429 -0.422813
18.200000 1.104240 0.008203 0.997429 -0.422704
18.300000 1.104240 0.008203 0.997429 -0.423895
18.400000 1.104240 0.008203 0.997429 -0.424043
18.500000 1.104240 0.008203 0.997429 -0.425294
18.600000 1.104240 0.008203 0.997429 -0.425997
18.700000 1.104240 0.008203 0.997429 -0.425569
18.800000 1.104240 0.008203 0.997429 -0.425661
18.900000 1.104240 0.008203 0.997429 -0.427341
19.000000 1.104240 0.008203 0.997429 -0.427123
19.100000 1.104240 0.008203 0.997429 -0.427360
19.200000 1.104240 0.008203 0.997429 -0.427569
19.300000 1.104240 0.008203 0.997429 -0.429405
19.400000 1.104240 0.008203 0.997429 -0.429995
19.500000 1.104240 0.008203 0.997429 -0.430577
19.600000 1.104240 0.008203 0.997429 -0.431009
19.700000 1.104240 0.008203 0.997429 -0.431184
19.800000 1.104240 0.008203 0.997429 -0.430864
19.900000 1.104240 0.008203 0.997429 -0.430554
20.000000 1.104240 0.008203 0.997429 -0.431131
20.100000 1.104240 0.008203 0.997429 -0.431536
20.200000 1.104240 0.008203 0.997429 -0.431886
20.300000 1.104240 0.008203 0.997429 -0.431941
20.400000 1.104240 0.008203 0.997429 -0.432551
20.500000 1.104240 0.008203 0.997429 -0.433309
20.600000 1.104240 0.008203 0.997429 -0.433510
20.700000 1.104240 0.008203 0.997429 -0.434035
20.800000 1.104240 0.008203 0.997429 -0.434281
20.900000 1.104240 0.008203 0.997429 -0.434815
21.000000 1.104240 0.008203 0.997429 -0.434882
21.100000 1.104240 0.008203 0.997429 -0.434943
21.200000 1.104240 0.008203 0.997429 -0.435149
21.300000 1.104240 0.008203 0.997429 -0.434958
21.400000 1.104240 0.008203 0.997429 -0.435199
21.500000 1.104240 0.008203 0.997429 -0.435603
21.600000 1.104240 0.008203 0.997429 -0.435621
21.700000 1.104240 0.008203 0.997429 -0.435689
21.800000 1.104240 0.008203 0.997429 -0.436573
21.900000 1.104240 0.008203 0.997429 -0.435716
22.000000 1.104240 0.008203 0.997429 -0.436087
22.100000 1.104240 0.008203 0.997429 -0.437360
22.200000 1.104240 0.008203 0.997429 -0.438075
22.300000 1.104240 0.008203 0.997429 -0.438550
22.400000 1.104240 0.008203 0.997429 -0.438943
22.500000 1.104240 0.008203 0.997429 -0.440192
22.600000 1.104240 0.008203 0.997429 -0.441588
22.700000 1.104240 0.008203 0.997429 -0.441872
22.800000 1.104240 0.008203 0.997429 -0.442823
22.900000 1.104240 0.008203 0.997429 -0.443112
23.000000 1.104240 0.008203 0.997429 -0.442873
23.100000 1.104240 0.008203 0.997429 -0.443109
23.200000 1.104240 0.008203 0.997429 -0.444028
23.300000 1.104240 0.008203 0.997429 -0.444700
23.400000 1.104240 0.008203 0.997429 -0.445754
23.500000 1.104240 0.008203 0.997429 -0.446366
23.600000 1.104240 0.008203 0.997429 -0.447082
23.700000 1.104240 0.008203 0.997429 -0.447327
23.800000 1.104240 0.008203 0.997429 -0.447238
23.900000 1.104240 0.008203 0.997429 -0.447425
24.000000 1.104240 0.008203 0.997429 -0.448104
24.100000 1.104240 0.008203 0.997429 -0.448230
24.200000 1.104240 0.008203 0.997429 -0.447759
24.300000 1.104240 0.008203 0.997429 -0.447182
24.400000 1.104240 0.008203 0.997429 -0.447472
24.500000 1.104240 0.008203 0.997429 -0.448431
24.600000 1.104240 0.008203 0.997429 -0.447928
24.700000 1.104240 0.008203 0.997429 -0.447607
24.800000 1.104240 0.008203 0.997429 -0.448816
24.900000 1.104240 0.008203 0.997429 -0.449421
25.000000 1.104240 0.008203 0.997429 -0.451002
25.100000 1.104240 0.008203 0.997429 -0.451425
25.200000 1.104240 0.008203 0.997429 -0.451438
25.300000 1.104240 0.008203 0.997429 -0.452084
25.400000 1.104240 0.008203 0.997429 -0.453906
25.500000 1.104240 0.008203 0.997429 -0.454587
25.600000 1.104240 0.008203 0.997429 -0.455996
25.700000 1.104240 0.008203 0.997429 -0.456991
25.800000 1.104240 0.008203 0.997429 -0.457603
25.900000 1.104240 0.008203 0.997429 -0.457674
26.000000 1.104240 0.008203 0.997429 -0.457747
26.100000 1.104240 0.008203 0.997429 -0.459521
26.200000 1.104240 0.008203 0.997429 -0.459882
26.300000 1.104240 0.008203 0.997429 -0.459653
26.400000 1.104240 0.008203 0.997429 -0.460044
26.500000 1.104240 0.008203 0.997429 -0.461077
26.600000 1.104240 0.008203 0.997429 -0.462762
26.700000 1.104240 0.008203 0.997429 -0.463959
26.800000 1.104240 0.008203 0.997429 -0.464742
26.900000 1.104240 0.008203 0.997429 -0.465372
27.000000 1.104240 0.008203 0.997429 -0.465856
27.100000 1.104240 0.008203 0.997429 -0.464492
27.200000 1.104240 0.008203 0.997429 -0.465664
27.300000 1.104240 0.008203 0.997429 -0.466592
27.400000 1.104240 0.008203 0.997429 -0.466731
27.500000 1.104240 0.008203 0.997429 -0.465859
27.600000 1.104240 0.008203 0.997429 -0.467277
27.700000 1.104240 0.008203 0.997429 -0.468332
27.800000 1.104240 0.008203 0.997429 -0.468657
27.900000 1.104240 0.008203 0.997429 -0.470636
28.000000 1.104240 0.008203 0.997429 -0.472287
28.100000 1.104240 0.008203 0.997429 -0.473002
28.200000 1.104240 0.008203 0.997429 -0.472813
28.300000 1.104240 0.008203 0.997429 -0.473611
28.400000 1.104240 0.008203 0.997429 -0.473758
28.500000 1.104240 0.008203 0.997429 -0.475076
28.600000 1.104240 0.008203 0.997429 -0.475907
28.700000 1.104240 0.008203 0.997429 -0.477352
28.800000 1.104240 0.008203 0.997429 -0.477676
28.900000 1.104240 0.008203 0.997429 -0.477713
29.000000 1.104240 0.008203 0.997429 -0.476279
29.100000 1.104240 0.008203 0.997429 -0.477222
29.200000 1.104240 0.008203 0.997429 -0.476524
29.300000 1.104240 0.008203 0.997429 -0.477420
29.400000 1.104240 0.008203 0.997429 -0.477043
29.500000 1.104240 0.008203 0.997429 -0.478103
29.600000 1.104240 0.008203 0.997429 -0.477230
29.700000 1.104240 0.008203 0.997429 -0.480776
29.800000 1.104240 0.008203 0.997429 -0.480111
29.900000 1.104240 0.008203 0.997429 -0.479904
30.000000 1.104240 0.008203 0.997429 -0.478359
30.100000 1.104240 0.008203 0.997429 -0.478379
30.200000 1.104240 0.008203 0.997429 -0.478063
30.300000 1.104240 0.008203 0.997429 -0.478678
30.400000 1.104240 0.008203 0.997429 -0.479253
30.500000 1.104240 0.008203 0.997429 -0.479962
30.600000 1.104240 0.008203 0.997429 -0.478806
30.700000 1.104240 0.008203 0.997429 -0.479454
30.800000 1.104240 0.008203 0.997429 -0.479728
30.900000 1.104240 0.008203 0.997429 -0.479142
31.000000 1.104240 0.008203 0.997429 -0.479430
31.100000 1.104240 0.008203 0.997429 -0.478613
31.200000 1.104240 0.008203 0.997429 -0.479239
31.300000 1.104240 0.008203 0.997429 -0.480798
31.400000 1.104240 0.008203 0.997429 -0.481826
31.500000 1.104240 0.008203 0.997429 -0.481239
31.600000 1.104240 0.008203 0.997429 -0.482657
31.700000 1.104240 0.008203 0.997429 -0.482291
31.800000 1.104240 0.008203 0.997429 -0.484142
31.900000 1.104240 0.008203 0.997429 -0.485744
32.000000 1.104240 0.008203 0.997429 -0.485429
32.100000 1.104240 0.008203 0.997429 -0.486452
32.200000 1.104240 0.008203 0.997429 -0.484892
32.300000 1.104240 0.008203 0.997429 -0.484414
32.400000 1.104240 0.008203 0.997429 -0.485633
32.500000 1.104240 0.008203 0.997429 -0.486997
32.600000 1.104240 0.008203 0.997429 -0.488867
32.700000 1.104240 0.008203 0.997429 -0.489674
32.800000 1.104240 0.008203 0.997429 -0.489372
32.900000 1.104240 0.008203 0.997429 -0.490761
33.000000 1.104240 0.008203 0.997429 -0.491883
33.100000 1.104240 0.008203 0.997429 -0.492931
33.200000 1.104240 0.008203 0.997429 -0.492996
33.300000 1.104240 0.008203 0.997429 -0.492262
33.400000 1.104240 0.008203 0.997429 -0.490728
33.500000 1.104240 0.008203 0.997429 -0.491701
33.600000 1.104240 0.008203 0.997429 -0.493383
33.700000 1.104240 0.008203 0.997429 -0.494829
33.800000 1.104240 0.008203 0.997429 -0.494066
33.900000 1.104240 0.008203 0.997429 -0.493784
34.000000 1.104240 0.008203 0.997429 -0.496701
34.100000 1.104240 0.008203 0.997429 -0.497476
34.200000 1.104240 0.008203 0.997429 -0.496879
34.300000 1.104240 0.008203 0.997429 -0.496683
34.400000 1.104240 0.008203 0.997429 -0.498588
34.500000 1.104240 0.008203 0.997429 -0.497778
34.600000 1.104240 0.008203 0.997429 -0.499051
34.700000 1.104240 0.008203 0.997429 -0.499427
34.800000 1.104240 0.008203 0.997429 -0.497124
34.900000 1.104240 0.008203 0.997429 -0.499577
35.000000 1.104240 0.008203 0.997429 -0.501231
35.100000 1.104240 0.008203 0.997429 -0.503420
35.200000 1.104240 0.008203 0.997429 -0.501209
35.300000 1.104240 0.008203 0.997429 -0.502822
35.400000 1.104240 0.008203 0.997429 -0.503961
35.500000 1.104240 0.008203 0.997429 -0.506967
35.600000 1.104240 0.008203 0.997429 -0.507193
35.700000 1.104240 0.008203 0.997429 -0.507813
35.800000 1.104240 0.008203 0.997429 -0.509554
35.900000 1.104240 0.008203 0.997429 -0.511267
36.000000 1.104240 0.008203 0.997429 -0.511884
36.100000 1.104240 0.008203 0.997429 -0.512593
36.200000 1.104240 0.008203 0.997429 -0.512666
36.300000 1.104240 0.008203 0.997429 -0.512082
36.400000 1.104240 0.008203 0.997429 -0.512311
36.500000 1.104240 0.008203 0.997429 -0.513257
36.600000 1.104240 0.008203 0.997429 -0.515856
36.700000 1.104240 0.008203 0.997429 -0.517507
36.800000 1.104240 0.008203 0.997429 -0.519573
36.900000 1.104240 0.008203 0.997429 -0.519454
37.000000 1.104240 0.008203 0.997429 -0.520025
37.100000 1.104240 0.008203 0.997429 -0.521159
37.200000 1.104240 0.008203 0.997429 -0.521320
37.300000 1.104240 0.008203 0.997429 -0.521914
37.400000 1.104240 0.008203 0.997429 -0.524503
37.500000 1.104240 0.008203 0.997429 -0.526090
37.600000 1.104240 0.008203 0.997429 -0.527196
37.700000 1.104240 0.008203 0.997429 -0.526751
37.800000 1.104240 0.008203 0.997429 -0.527338
37.900000 1.104240 0.008203 0.997429 -0.526765
38.000000 1.104240 0.008203 0.997429 -0.529435
38.100000 1.104240 0.008203 0.997429 -0.530516
38.200000 1.104240 0.008203 0.997429 -0.531564
38.300000 1.104240 0.008203 0.997429 -0.530051
38.400000 1.104240 0.008203 0.997429 -0.530690
38.500000 1.104240 0.008203 0.997429 -0.529591
38.600000 1.104240 0.008203 0.997429 -0.529877
38.700000 1.104240 0.008203 0.997429 -0.529769
38.800000 1.104240 0.008203 0.997429 -0.532667
38.900000 1.104240 0.008203 0.997429 -0.533455
39.000000 1.104240 0.008203 0.997429 -0.535159
39.100000 1.104240 0.008203 0.997429 -0.537572
39.200000 1.104240 0.008203 0.997429 -0.539719
39.300000 1.104240 0.008203 0.997429 -0.537465
39.400000 1.104240 0.008203 0.997429 -0.536589
39.500000 1.104240 0.008203 0.997429 -0.536120
39.600000 1.104240 0.008203 0.997429 -0.538175
39.700000 1.104240 0.008203 0.997429 -0.538173
39.800000 1.104240 0.008203 0.997429 -0.539947
39.900000 1.104240 0.008203 0.997429 -0.540507
40.000000 1.104240 0.008203 0.997429 -0.539382
40.100000 1.104240 0.008203 0.997429 -0.541049
40.200000 1.104240 0.008203 0.997429 -0.542650
40.300000 1.104240 0.008203 0.997429 -0.543259
40.400000 1.104240 0.008203 0.997429 -0.540909
40.500000 1.104240 0.008203 0.997429 -0.544858
40.600000 1.104240 0.008203 0.997429 -0.548887
40.700000 1.104240 0.008203 0.997429 -0.547716
40.800000 1.104240 0.008203 0.997429 -0.548097
40.900000 1.104240 0.008203 0.997429 -0.548057
41.000000 1.104240 0.008203 0.997429 -0.546993
41.100000 1.104240 0.008203 0.997429 -0.549584
41.200000 1.104240 0.008203 0.997429 -0.551151
41.300000 1.104240 0.008203 0.997429 -0.549620
41.400000 1.104240 0.008203 0.997429 -0.548663
41.500000 1.104240 0.008203 0.997429 -0.549532
41.600000 1.104240 0.008203 0.997429 -0.553495
41.700000 1.104240 0.008203 0.997429 -0.553105
41.800000 1.104240 0.008203 0.997429 -0.554221
41.900000 1.104240 0.008203 0.997429 -0.556887
42.000000 1.104240 0.008203 0.997429 -0.556447
42.100000 1.104240 0.008203 0.997429 -0.556175
42.200000 1.104240 0.008203 0.997429 -0.554930
42.300000 1.104240 0.008203 0.997429 -0.555276
42.400000 1.104240 0.008203 0.997429 -0.554480
42.500000 1.104240 0.008203 0.997429 -0.557265
42.600000 1.104240 0.008203 0.997429 -0.554553
42.700000 1.104240 0.008203 0.997429 -0.558105
42.800000 1.104240 0.008203 0.997429 -0.557203
42.900000 1.104240 0.008203 0.997429 -0.559166
43.000000 1.104240 0.008203 0.997429 -0.559125
43.100000 1.104240 0.008203 0.997429 -0.564146
43.200000 1.104240 0.008203 0.997429 -0.565392
43.300000 1.104240 0.008203 0.997429 -0.562348
43.400000 1.104240 0.008203 0.997429 -0.564085
43.500000 1.104240 0.008203 0.997429 -0.563370
43.600000 1.104240 0.008203 0.997429 -0.563155
43.700000 1.104240 0.008203 0.997429 -0.564344
43.800000 1.104240 0.008203 0.997429 -0.567611
43.900000 1.104240 0.008203 0.997429 -0.569164
44.000000 1.104240 0.008203 0.997429 -0.570440
44.100000 1.104240 0.008203 0.997429 -0.570242
44.200000 1.104240 0.008203 0.997429 -0.569242
44.300000 1.104240 0.008203 0.997429 -0.569812
44.400000 1.104240 0.008203 0.997429 -0.572215
44.500000 1.104240 0.008203 0.997429 -0.571411
44.600000 1.104240 0.008203 0.997429 -0.574365
44.700000 1.104240 0.008203 0.997429 -0.575894
44.800000 1.104240 0.008203 0.997429 -0.576692
44.900000 1.104240 0.008203 0.997429 -0.579547
45.000000 1.104240 0.008203 0.997429 -0.578464
45.100000 1.104240 0.008203 0.997429 -0.574723
45.200000 1.104240 0.008203 0.997429 -0.576588
45.300000 1.104240 0.008203 0.997429 -0.574889
45.400000 1.104240 0.008203 0.997429 -0.573828
45.500000 1.104240 0.008203 0.997429 -0.578534
45.600000 1.104240 0.008203 0.997429 -0.579248
45.700000 1.104240 0.008203 0.997429 -0.579906
45.800000 1.104240 0.008203 0.997429 -0.579257
45.900000 1.104240 0.008203 0.997429 -0.579289
46.000000 1.104240 0.008203 0.997429 -0.579792
46.100000 1.104240 0.008203 0.997429 -0.580220
46.200000 1.104240 0.008203 0.997429 -0.579177
46.300000 1.104240 0.008203 0.997429 -0.577028
46.400000 1.104240 0.008203 0.997429 -0.581192
46.500000 1.104240 0.008203 0.997429 -0.580563
46.600000 1.104240 0.008203 0.997429 -0.580129
46.700000 1.104240 0.008203 0.997429 -0.578046
46.800000 1.104240 0.008203 0.997429 -0.578917
46.900000 1.104240 0.008203 0.997429 -0.578847
47.000000 1.104240 0.008203 0.997429 -0.578803
47.100000 1.104240 0.008203 0.997429 -0.581516
47.200000 1.104240 0.008203 0.997429 -0.583793
47.300000 1.104240 0.008203 0.997429 -0.583535
47.400000 1.104240 0.008203 0.997429 -0.586795
47.500000 1.104240 0.008203 0.997429 -0.585424
47.600000 1.104240 0.008203 0.997429 -0.585558
47.700000 1.104240 0.008203 0.997429 -0.585187
47.800000 1.104240 0.008203 0.997429 -0.584747
47.900000 1.104240 0.008203 0.997429 -0.586665
48.000000 1.104240 0.008203 0.997429 -0.588596
48.100000 1.104240 0.008203 0.997429 -0.588420
48.200000 1.104240 0.008203 0.997429 -0.587843
48.300000 1.104240 0.008203 0.997429 -0.586942
48.400000 1.104240 0.008203 0.997429 -0.592921
48.500000 1.104240 0.008203 0.997429 -0.590457
48.600000 1.104240 0.008203 0.997429 -0.593290
48.700000 1.104240 0.008203 0.997429 -0.595624
48.800000 1.104240 0.008203 0.997429 -0.594862
48.900000 1.104240 0.008203 0.997429 -0.597919
49.000000 1.104240 0.008203 0.997429 -0.594124
49.100000 1.104240 0.008203 0.997429 -0.597498
49.200000 1.104240 0.008203 0.997429 -0.602446
49.300000 1.104240 0.008203 0.997429 -0.608009
49.400000 1.104240 0.008203 0.997429 -0.609943
49.500000 1.104240 0.008203 0.997429 -0.610073
49.600000 1.104240 0.008203 0.997429 -0.615785
49.700000 1.104240 0.008203 0.997429 -0.614601
49.800000 1.104240 0.008203 0.997429 -0.609446
49.900000 1.104240 0.008203 0.997429 -0.616543
50.000000 1.104240 0.008203 0.997429 -0.619641
50.100000 1.104240 0.008203 0.997429 -0.621357
50.200000 1.104240 0.008203 0.997429 -0.622194
50.300000 1.104240 0.008203 0.997429 -0.618068
50.400000 1.104240 0.008203 0.997429 -0.618693
50.500000 1.104240 0.008203 0.997429 -0.616250
50.600000 1.104240 0.008203 0.997429 -0.623244
50.700000 1.104240 0.008203 0.997429 -0.625347
50.800000 1.104240 0.008203 0.997429 -0.623721
50.900000 1.104240 0.008203 0.997429 -0.631881
51.000000 1.104240 0.008203 0.997429 -0.635869
51.100000 1.104240 0.008203 0.997429 -0.640372
51.200000 1.104240 0.008203 0.997429 -0.643465
51.300000 1.104240 0.008203 0.997429 -0.647630
51.400000 1.104240 0.008203 0.997429 -0.644479
51.500000 1.104240 0.008203 0.997429 -0.646399
51.600000 1.104240 0.008203 0.997429 -0.644090
51.700000 1.104240 0.008203 0.997429 -0.633719
51.800000 1.104240 0.008203 0.997429 -0.635347
51.900000 1.104240 0.008203 0.997429 -0.638529
52.000000 1.104240 0.008203 0.997429 -0.640378
52.100000 1.104240 0.008203 0.997429 -0.634641
52.200000 1.104240 0.008203 0.997429 -0.636231
52.300000 1.104240 0.008203 0.997429 -0.639148
52.400000 1.104240 0.008203 0.997429 -0.640330
52.500000 1.104240 0.008203 0.997429 -0.638901
52.600000 1.104240 0.008203 0.997429 -0.640581
52.700000 1.104240 0.008203 0.997429 -0.641530
52.800000 1.104240 0.008203 0.997429 -0.643444
52.900000 1.104240 0.008203 0.997429 -0.644548
53.000000 1.104240 0.008203 0.997429 -0.652351
53.100000 1.104240 0.008203 0.997429 -0.651215
53.200000 1.104240 0.008203 0.997429 -0.647162
53.300000 1.104240 0.008203 0.997429 -0.642216
53.400000 1.104240 0.008203 0.997429 -0.642214
53.500000 1.104240 0.008203 0.997429 -0.643581
53.600000 1.104240 0.008203 0.997429 -0.640181
53.700000 1.104240 0.008203 0.997429 -0.640031
53.800000 1.104240 0.008203 0.997429 -0.639699
53.900000 1.104240 0.008203 0.997429 -0.636689
54.000000 1.104240 0.008203 0.997429 -0.636637
54.100000 1.104240 0.008203 0.997429 -0.637587
54.200000 1.104240 0.008203 0.997429 -0.632115
54.300000 1.104240 0.008203 0.997429 -0.629409
54.400000 1.104240 0.008203 0.997429 -0.631164
54.500000 1.104240 0.008203 0.997429 -0.632950
54.600000 1.104240 0.008203 0.997429 -0.635408
54.700000 1.104240 0.008203 0.997429 -0.636185
54.800000 1.104240 0.008203 0.997429 -0.641196
54.900000 1.104240 0.008203 0.997429 -0.638748
55.000000 1.104240 0.008203 0.997429 -0.637693
55.100000 1.104240 0.008203 0.997429 -0.641471
55.200000 1.104240 0.008203 0.997429 -0.643793
55.300000 1.104240 0.008203 0.997429 -0.646107
55.400000 1.104240 0.008203 0.997429 -0.648481
55.500000 1.104240 0.008203 0.997429 -0.653204
55.600000 1.104240 0.008203 0.997429 -0.660691
55.700000 1.104240 0.008203 0.997429 -0.658336
55.800000 1.104240 0.008203 0.997429 -0.661334
55.900000 1.104240 0.008203 0.997429 -0.663979
56.000000 1.104240 0.008203 0.997429 -0.662915
56.100000 1.104240 0.008203 0.997429 -0.668531
56.200000 1.104240 0.008203 0.997429 -0.673536
56.300000 1.104240 0.008203 0.997429 -0.670190
56.400000 1.104240 0.008203 0.997429 -0.670471
56.500000 1.104240 0.008203 0.997429 -0.675148
56.600000 1.104240 0.008203 0.997429 -0.676747
56.700000 1.104240 0.008203 0.997429 -0.673569
56.800000 1.104240 0.008203 0.997429 -0.682668
56.900000 1.104240 0.008203 0.997429 -0.689906
57.000000 1.104240 0.008203 0.997429 -0.691878
57.100000 1.104240 0.008203 0.997429 -0.700761
57.200000 1.104240 0.008203 0.997429 -0.710671
57.300000 1.104240 0.008203 0.997429 -0.712273
57.400000 1.104240 0.008203 0.997429 -0.707565
57.500000 1.104240 0.008203 0.997429 -0.712744
57.600000 1.104240 0.008203 0.997429 -0.729804
57.700000 1.104240 0.008203 0.997429 -0.728934
57.800000 1.104240 0.008203 0.997429 -0.710725
57.900000 1.104240 0.008203 0.997429 -0.710190
58.000000 1.104240 0.008203 0.997429 -0.717122
58.100000 1.104240 0.008203 0.997429 -0.714535
58.200000 1.104240 0.008203 0.997429 -0.712676
58.300000 1.104240 0.008203 0.997429 -0.719299
58.400000 1.104240 0.008203 0.997429 -0.714924
58.500000 1.104240 0.008203 0.997429 -0.717059
58.600000 1.104240 0.008203 0.997429 -0.720506
58.700000 1.104240 0.008203 0.997429 -0.726695
58.800000 1.104240 0.008203 0.997429 -0.717848
58.900000 1.104240 0.008203 0.997429 -0.722272
59.000000 1.104240 0.008203 0.997429 -0.725101
59.100000 1.104240 0.008203 0.997429 -0.725107
59.200000 1.104240 0.008203 0.997429 -0.739431
59.300000 1.104240 0.008203 0.997429 -0.738210
59.400000 1.104240 0.008203 0.997429 -0.735929
59.500000 1.104240 0.008203 0.997429 -0.732402
59.600000 1.104240 0.008203 0.997429 -0.737417
59.700000 1.104240 0.008203 0.997429 -0.735334
59.800000 1.104240 0.008203 0.997429 -0.717023
59.900000 1.104240 0.008203 0.997429 -0.727797
60.000000 1.104240 0.008203 0.997429 -0.718623
60.100000 1.104240 0.008203 0.997429 -0.724161
60.200000 1.104240 0.008203 0.997429 -0.710332
60.300000 1.104240 0.008203 0.997429 -0.705856
60.400000 1.104240 0.008203 0.997429 -0.710540
60.500000 1.104240 0.008203 0.997429 -0.715293
60.600000 1.104240 0.008203 0.997429 -0.713177
60.700000 1.104240 0.008203 0.997429 -0.718552
60.800000 1.104240 0.008203 0.997429 -0.714973
60.900000 1.104240 0.008203 0.997429 -0.716952
61.000000 1.104240 0.008203 0.997429 -0.722193
61.100000 1.104240 0.008203 0.997429 -0.730374
61.200000 1.104240 0.008203 0.997429 -0.733548
61.300000 1.104240 0.008203 0.997429 -0.736008
61.400000 1.104240 0.008203 0.997429 -0.744306
61.500000 1.104240 0.008203 0.997429 -0.756862
61.600000 1.104240 0.008203 0.997429 -0.750648
61.700000 1.104240 0.008203 0.997429 -0.751445
61.800000 1.104240 0.008203 0.997429 -0.745581
61.900000 1.104240 0.008203 0.997429 -0.750520
62.000000 1.104240 0.008203 0.997429 -0.751061
62.100000 1.104240 0.008203 0.997429 -0.748625
62.200000 1.104240 0.008203 0.997429 -0.752888
62.300000 1.104240 0.008203 0.997429 -0.751965
62.400000 1.104240 0.008203 0.997429 -0.744934
62.500000 1.104240 0.008203 0.997429 -0.747756
62.600000 1.104240 0.008203 0.997429 -0.744739
62.700000 1.104240 0.008203 0.997429 -0.750264
62.800000 1.104240 0.008203 0.997429 -0.742163
62.900000 1.104240 0.008203 0.997429 -0.748514
63.000000 1.104240 0.008203 0.997429 -0.764584
63.100000 1.104240 0.008203 0.997429 -0.771729
63.200000 1.104240 0.008203 0.997429 -0.757664
63.300000 1.104240 0.008203 0.997429 -0.764108
63.400000 1.104240 0.008203 0.997429 -0.768443
63.500000 1.104240 0.008203 0.997429 -0.767434
63.600000 1.104240 0.008203 0.997429 -0.774328
63.700000 1.104240 0.008203 0.997429 -0.781978
63.800000 1.104240 0.008203 0.997429 -0.781675
63.900000 1.104240 0.008203 0.997429 -0.790786
64.000000 1.104240 0.008203 0.997429 -0.786508
64.100000 1.104240 0.008203 0.997429 -0.784416
64.200000 1.104240 0.008203 0.997429 -0.795466
64.300000 1.104240 0.008203 0.997429 -0.790412
64.400000 1.104240 0.008203 0.997429 -0.785240
64.500000 1.104240 0.008203 0.997429 -0.793367
64.600000 1.104240 0.008203 0.997429 -0.796626
64.700000 1.104240 0.008203 0.997429 -0.797856
64.800000 1.104240 0.008203 0.997429 -0.796717
64.900000 1.104240 0.008203 0.997429 -0.787119
65.000000 1.104240 0.008203 0.997429 -0.801895
65.100000 1.104240 0.008203 0.997429 -0.799995
65.200000 1.104240 0.008203 0.997429 -0.796686
65.300000 1.104240 0.008203 0.997429 -0.786387
65.400000 1.104240 0.008203 0.997429 -0.787894
65.500000 1.104240 0.008203 0.997429 -0.786717
65.600000 1.104240 0.008203 0.997429 -0.783402
65.700000 1.104240 0.008203 0.997429 -0.797081
65.800000 1.104240 0.008203 0.997429 -0.807328
65.900000 1.104240 0.008203 0.997429 -0.804512
66.000000 1.104240 0.008203 0.997429 -0.810005
66.100000 1.104240 0.008203 0.997429 -0.815720
66.200000 1.104240 0.008203 0.997429 -0.807658
66.300000 1.104240 0.008203 0.997429 -0.804728
66.400000 1.104240 0.008203 0.997429 -0.794064
66.500000 1.104240 0.008203 0.997429 -0.794774
66.600000 1.104240 0.008203 0.997429 -0.804103
66.700000 1.104240 0.008203 0.997429 -0.804168
66.800000 1.104240 0.008203 0.997429 -0.805336
66.900000 1.104240 0.008203 0.997429 -0.808158
67.000000 1.104240 0.008203 0.997429 -0.818892
67.100000 1.104240 0.008203 0.997429 -0.832420
67.200000 1.104240 0.008203 0.997429 -0.831789
67.300000 1.104240 0.008203 0.997429 -0.822545
67.400000 1.104240 0.008203 0.997429 -0.817712
67.500000 1.104240 0.008203 0.997429 -0.834375
67.600000 1.104240 0.008203 0.997429 -0.849072
67.700000 1.104240 0.008203 0.997429 -0.854936
67.800000 1.104240 0.008203 0.997429 -0.868065
67.900000 1.104240 0.008203 0.997429 -0.861532
68.000000 1.104240 0.008203 0.997429 -0.845484
68.100000 1.104240 0.008203 0.997429 -0.828925
68.200000 1.104240 0.008203 0.997429 -0.844002
68.300000 1.104240 0.008203 0.997429 -0.861203
68.400000 1.104240 0.008203 0.997429 -0.874656
68.500000 1.104240 0.008203 0.997429 -0.891458
68.600000 1.104240 0.008203 0.997429 -0.880743
68.700000 1.104240 0.008203 0.997429 -0.922539
68.800000 1.104240 0.008203 0.997429 -0.899142
68.900000 1.104240 0.008203 0.997429 -0.907104
69.000000 1.104240 0.008203 0.997429 -0.909551
69.100000 1.104240 0.008203 0.997429 -0.922496
69.200000 1.104240 0.008203 0.997429 -0.922854
69.300000 1.104240 0.008203 0.997429 -0.915471
69.400000 1.104240 0.008203 0.997429 -0.922445
69.500000 1.104240 0.008203 0.997429 -0.918929
69.600000 1.104240 0.008203 0.997429 -0.925130
69.700000 1.104240 0.008203 0.997429 -0.941324
69.800000 1.104240 0.008203 0.997429 -0.936973
69.900000 1.104240 0.008203 0.997429 -0.945655
70.000000 1.104240 0.008203 0.997429 -0.936753
70.100000 1.104240 0.008203 0.997429 -0.942060
70.200000 1.104240 0.008203 0.997429 -0.956980
70.300000 1.104240 0.008203 0.997429 -0.978131
70.400000 1.104240 0.008203 0.997429 -0.965437
70.500000 1.104240 0.008203 0.997429 -0.962874
70.600000 1.104240 0.008203 0.997429 -0.965735
70.700000 1.104240 0.008203 0.997429 -0.931530
70.800000 1.104240 0.008203 0.997429 -0.918373
70.900000 1.104240 0.008203 0.997429 -0.937620
71.000000 1.104240 0.008203 0.997429 -0.924824
71.100000 1.104240 0.008203 0.997429 -0.906338
71.200000 1.104240 0.008203 0.997429 -0.899187
71.300000 1.104240 0.008203 0.997429 -0.922923
71.400000 1.104240 0.008203 0.997429 -0.930390
71.500000 1.104240 0.008203 0.997429 -0.962665
71.600000 1.104240 0.008203 0.997429 -0.970779
71.700000 1.104240 0.008203 0.997429 -0.975167
71.800000 1.104240 0.008203 0.997429 -0.965685
71.900000 1.104240 0.008203 0.997429 -0.984003
72.000000 1.104240 0.008203 0.997429 -0.982155
72.100000 1.104240 0.008203 0.997429 -0.960209
72.200000 1.104240 0.008203 0.997429 -0.963583
72.300000 1.104240 0.008203 0.997429 -0.983796
72.400000 1.104240 0.008203 0.997429 -0.970099
72.500000 1.104240 0.008203 0.997429 -0.995207
72.600000 1.104240 0.008203 0.997429 -1.001637
72.700000 1.104240 0.008203 0.997429 -1.015621
72.800000 1.104240 0.008203 0.997429 -1.035472
72.900000 1.104240 0.008203 0.997429 -1.044267
73.000000 1.104240 0.008203 0.997429 -1.055376
73.100000 1.104240 0.008203 0.997429 -1.043121
73.200000 1.104240 0.008203 0.997429 -1.104246
73.300000 1.104240 0.008203 0.997429 -1.188819
73.400000 1.104240 0.008203 0.997429 -1.208253
73.500000 1.104240 0.008203 0.997429 -1.245594
73.600000 1.104240 0.008203 0.997429 -1.293249
73.700000 1.104240 0.008203 0.997429 -1.418036
73.800000 1.104240 0.008203 0.997429 -1.408900
73.900000 1.104240 0.008203 0.997429 -1.394006
74.000000 1.104240 0.008203 0.997429 -1.432323
74.100000 1.104240 0.008203 0.997429 -1.425724
74.200000 1.104240 0.008203 0.997429 -1.419537
74.300000 1.104240 0.008203 0.997429 -1.365018
74.400000 1.104240 0.008203 0.997429 -1.384028
74.500000 1.104240 0.008203 0.997429 -1.471472
74.600000 1.104240 0.008203 0.997429 -1.420697
74.700000 1.104240 0.008203 0.997429 -1.456659
74.800000 1.104240 0.008203 0.997429 -1.373516
74.900000 1.104240 0.008203 0.997429 -1.352772
75.000000 1.104240 0.008203 0.997429 -1.400467
75.100000 1.104240 0.008203 0.997429 -1.397242
75.200000 1.104240 0.008203 0.997429 -1.483005
75.300000 1.104240 0.008203 0.997429 -1.496544
75.400000 1.104240 0.008203 0.997429 -1.596234
75.500000 1.104240 0.008203 0.997429 -1.636989
75.600000 1.104240 0.008203 0.997429 -1.596778
75.700000 1.104240 0.008203 0.997429 -1.556893
75.800000 1.104240 0.008203 0.997429 -1.454514
75.900000 1.104240 0.008203 0.997429 -1.471791
76.000000 1.104240 0.008203 0.997429 -1.407850
76.100000 1.104240 0.008203 0.997429 -1.420330
76.200000 1.104240 0.008203 0.997429 -1.470765
76.300000 1.104240 0.008203 0.997429 -1.459681
76.400000 1.104240 0.008203 0.997429 -1.450011
76.500000 1.104240 0.008203 0.997429 -1.428788
76.600000 1.104240 0.008203 0.997429 -1.453455
76.700000 1.104240 0.008203 0.997429 -1.361681
76.800000 1.104240 0.008203 0.997429 -1.409136
76.900000 1.104240 0.008203 0.997429 -1.370538
77.000000 1.104240 0.008203 0.997429 -1.407385
77.100000 1.104240 0.008203 0.997429 -1.388612
77.200000 1.104240 0.008203 0.997429 -1.407161
77.300000 1.104240 0.008203 0.997429 -1.489134
77.400000 1.104240 0.008203 0.997429 -1.484651
77.500000 1.104240 0.008203 0.997429 -1.434209
77.600000 1.104240 0.008203 0.997429 -1.378872
77.700000 1.104240 0.008203 0.997429 -1.304068
77.800000 1.104240 0.008203 0.997429 -1.278894
77.900000 1.104240 0.008203 0.997429 -1.248350
78.000000 1.104240 0.008203 0.997429 -1.311795
78.100000 1.104240 0.008203 0.997429 -1.273458
78.200000 1.104240 0.008203 0.997429 -1.349671
78.300000 1.104240 0.008203 0.997429 -1.291401
78.400000 1.104240 0.008203 0.997429 -1.288656
78.500000 1.104240 0.008203 0.997429 -1.301868
78.600000 1.104240 0.008203 0.997429 -1.283035
78.700000 1.104240 0.008203 0.997429 -1.228360
78.800000 1.104240 0.008203 0.997429 -1.209440
78.900000 1.104240 0.008203 0.997429 -1.208001
79.000000 1.104240 0.008203 0.997429 -1.173561
79.100000 1.104240 0.008203 0.997429 -1.247544
79.200000 1.104240 0.008203 0.997429 -1.221933
79.300000 1.104240 0.008203 0.997429 -1.191202
79.400000 1.104240 0.008203 0.997429 -1.156849
79.500000 1.104240 0.008203 0.997429 -1.135830
79.600000 1.104240 0.008203 0.997429 -1.171118
79.700000 1.104240 0.008203 0.997429 -1.232123
79.800000 1.104240 0.008203 0.997429 -1.186683
79.900000 1.104240 0.008203 0.997429 -1.202817
80.000000 1.104240 0.008203 0.997429 -1.177910
80.100000 1.104240 0.008203 0.997429 -1.204318
80.200000 1.104240 0.008203 0.997429 -1.187195
80.300000 1.104240 0.008203 0.997429 -1.162362
80.400000 1.104240 0.008203 0.997429 -1.174307
80.500000 1.104240 0.008203 0.997429 -1.158698
80.600000 1.104240 0.008203 0.997429 -1.168832
80.700000 1.104240 0.008203 0.997429 -1.203898
80.800000 1.104240 0.008203 0.997429 -1.197402
80.900000 1.104240 0.008203 0.997429 -1.214148
81.000000 1.104240 0.008203 0.997429 -1.240042
81.100000 1.104240 0.008203 0.997429 -1.268085
81.200000 1.104240 0.008203 0.997429 -1.275944
81.300000 1.104240 0.008203 0.997429 -1.242824
81.400000 1.104240 0.008203 0.997429 -1.249374
81.500000 1.104240 0.008203 0.997429 -1.273538
81.600000 1.104240 0.008203 0.997429 -1.214613
81.700000 1.104240 0.008203 0.997429 -1.210737
81.800000 1.104240 0.008203 0.997429 -1.181841
81.900000 1.104240 0.008203 0.997429 -1.208337
82.000000 1.104240 0.008203 0.997429 -1.209527
82.100000 1.104240 0.008203 0.997429 -1.197557
82.200000 1.104240 0.008203 0.997429 -1.234831
82.300000 1.104240 0.008203 0.997429 -1.266853
82.400000 1.104240 0.008203 0.997429 -1.281210
82.500000 1.104240 0.008203 0.997429 -1.290654
82.600000 1.104240 0.008203 0.997429 -1.327942
82.700000 1.104240 0.008203 0.997429 -1.446042
82.800000 1.104240 0.008203 0.997429 -1.397518
82.900000 1.104240 0.008203 0.997429 -1.427007
83.000000 1.104240 0.008203 0.997429 -1.384605
83.100000 1.104240 0.008203 0.997429 -1.320929
83.200000 1.104240 0.008203 0.997429 -1.369090
83.300000 1.104240 0.008203 0.997429 -1.316278
83.400000 1.104240 0.008203 0.997429 -1.275019
83.500000 1.104240 0.008203 0.997429 -1.303503
83.600000 1.104240 0.008203 0.997429 -1.268989
83.700000 1.104240 0.008203 0.997429 -1.249637
83.800000 1.104240 0.008203 0.997429 -1.235972
83.900000 1.104240 0.008203 0.997429 -1.269628
84.000000 1.104240 0.008203 0.997429 -1.255903
84.100000 1.104240 0.008203 0.997429 -1.264899
84.200000 1.104240 0.008203 0.997429 -1.215801
84.300000 1.104240 0.008203 0.997429 -1.233315
84.400000 1.104240 0.008203 0.997429 -1.256508
84.500000 1.104240 0.008203 0.997429 -1.228157
84.600000 1.104240 0.008203 0.997429 -1.253725
84.700000 1.104240 0.008203 0.997429 -1.205905
84.800000 1.104240 0.008203 0.997429 -1.190569
84.900000 1.104240 0.008203 0.997429 -1.163130
85.000000 1.104240 0.008203 0.997429 -1.161609
85.100000 1.104240 0.008203 0.997429 -1.139523
85.200000 1.104240 0.008203 0.997429 -1.151173
85.300000 1.104240 0.008203 0.997429 -1.199983
85.400000 1.104240 0.008203 0.997429 -1.165849
85.500000 1.104240 0.008203 0.997429 -1.186055
85.600000 1.104240 0.008203 0.997429 -1.197242
85.700000 1.104240 0.008203 0.997429 -1.196726
85.800000 1.104240 0.008203 0.997429 -1.188802
85.900000 1.104240 0.008203 0.997429 -1.199646
86.000000 1.104240 0.008203 0.997429 -1.160625
86.100000 1.104240 0.008203 0.997429 -1.189284
86.200000 1.104240 0.008203 0.997429 -1.180755
86.300000 1.104240 0.008203 0.997429 -1.190966
86.400000 1.104240 0.008203 0.997429 -1.202327
86.500000 1.104240 0.008203 0.997429 -1.175488
86.600000 1.104240 0.008203 0.997429 -1.198549
86.700000 1.104240 0.008203 0.997429 -1.174791
86.800000 1.104240 0.008203 0.997429 -1.196312
86.900000 1.104240 0.008203 0.997429 -1.173881
87.000000 1.104240 0.008203 0.997429 -1.166581
87.100000 1.104240 0.008203 0.997429 -1.176334
87.200000 1.104240 0.008203 0.997429 -1.211053
87.300000 1.104240 0.008203 0.997429 -1.218603
87.400000 1.104240 0.008203 0.997429 -1.225059
87.500000 1.104240 0.008203 0.997429 -1.169806
87.600000 1.104240 0.008203 0.997429 -1.167282
87.700000 1.104240 0.008203 0.997429 -1.134685
87.800000 1.104240 0.008203 0.997429 -1.124037
87.900000 1.104240 0.008203 0.997429 -1.141748
88.000000 1.104240 0.008203 0.997429 -1.131245
88.100000 1.104240 0.008203 0.997429 -1.130860
88.200000 1.104240 0.008203 0.997429 -1.147806
88.300000 1.104240 0.008203 0.997429 -1.195661
88.400000 1.104240 0.008203 0.997429 -1.217834
88.500000 1.104240 0.008203 0.997429 -1.243215
88.600000 1.104240 0.008203 0.997429 -1.245745
88.700000 1.104240 0.008203 0.997429 -1.260742
88.800000 1.104240 0.008203 0.997429 -1.271743
88.900000 1.104240 0.008203 0.997429 -1.268467
89.000000 1.104240 0.008203 0.997429 -1.344062
89.100000 1.104240 0.008203 0.997429 -1.293881
89.200000 1.104240 0.008203 0.997429 -1.252983
89.300000 1.104240 0.008203 0.997429 -1.245032
89.400000 1.104240 0.008203 0.997429 -1.281905
89.500000 1.104240 0.008203 0.997429 -1.289242
89.600000 1.104240 0.008203 0.997429 -1.301508
89.700000 1.104240 0.008203 0.997429 -1.299919
89.800000 1.104240 0.008203 0.997429 -1.287144
89.900000 1.104240 0.008203 0.997429 -1.317893
90.000000 1.104240 0.008203 0.997429 -1.300430
90.100000 1.104240 0.008203 0.997429 -1.268494
90.200000 1.104240 0.008203 0.997429 -1.242383
90.300000 1.104240 0.008203 0.997429 -1.220411
90.400000 1.104240 0.008203 0.997429 -1.207754
90.500000 1.104240 0.008203 0.997429 -1.216880
90.600000 1.104240 0.008203 0.997429 -1.223497
90.700000 1.104240 0.008203 0.997429 -1.270285
90.800000 1.104240 0.008203 0.997429 -1.298022
90.900000 1.104240 0.008203 0.997429 -1.337174
91.000000 1.104240 0.008203 0.997429 -1.316658
91.100000 1.104240 0.008203 0.997429 -1.416896
91.200000 1.104240 0.008203 0.997429 -1.423049
91.300000 1.104240 0.008203 0.997429 -1.462015
91.400000 1.104240 0.008203 0.997429 -1.459303
91.500000 1.104240 0.008203 0.997429 -1.433632
91.600000 1.104240 0.008203 0.997429 -1.362343
91.700000 1.104240 0.008203 0.997429 -1.247222
91.800000 1.104240 0.008203 0.997429 -1.231380
91.900000 1.104240 0.008203 0.997429 -1.208849
92.000000 1.104240 0.008203 0.997429 -1.212125
92.100000 1.104240 0.008203 0.997429 -1.196008
92.200000 1.104240 0.008203 0.997429 -1.181208
92.300000 1.104240 0.008203 0.997429 -1.211684
92.400000 1.104240 0.008203 0.997429 -1.195517
92.500000 1.104240 0.008203 0.997429 -1.189480
92.600000 1.104240 0.008203 0.997429 -1.197217
92.700000 1.104240 0.008203 0.997429 -1.172996
92.800000 1.104240 0.008203 0.997429 -1.183093
92.900000 1.104240 0.008203 0.997429 -1.203824
93.000000 1.104240 0.008203 0.997429 -1.187965
93.100000 1.104240 0.008203 0.997429 -1.210773
93.200000 1.104240 0.008203 0.997429 -1.189890
93.300000 1.104240 0.008203 0.997429 -1.175486
93.400000 1.104240 0.008203 0.997429 -1.164518
93.500000 1.104240 0.008203 0.997429 -1.183168
93.600000 1.104240 0.008203 0.997429 -1.218460
93.700000 1.104240 0.008203 0.997429 -1.264709
93.800000 1.104240 0.008203 0.997429 -1.232461
93.900000 1.104240 0.008203 0.997429 -1.278311
94.000000 1.104240 0.008203 0.997429 -1.289516
94.100000 1.104240 0.008203 0.997429 -1.308673
94.200000 1.104240 0.008203 0.997429 -1.305897
94.300000 1.104240 0.008203 0.997429 -1.322887
94.400000 1.104240 0.008203 0.997429 -1.325231
94.500000 1.104240 0.008203 0.997429 -1.344140
94.600000 1.104240 0.008203 0.997429 -1.303090
94.700000 1.104240 0.008203 0.997429 -1.293038
94.800000 1.104240 0.008203 0.997429 -1.313705
94.900000 1.104240 0.008203 0.997429 -1.305167
95.000000 1.104240 0.008203 0.997429 -1.295726
95.100000 1.104240 0.008203 0.997429 -1.298270
95.200000 1.104240 0.008203 0.997429 -1.320168
95.300000 1.104240 0.008203 0.997429 -1.283296
95.400000 1.104240 0.008203 0.997429 -1.309152
95.500000 1.104240 0.008203 0.997429 -1.287102
95.600000 1.104240 0.008203 0.997429 -1.314605
95.700000 1.104240 0.008203 0.997429 -1.309305
95.800000 1.104240 0.008203 0.997429 -1.349522
95.900000 1.104240 0.008203 0.997429 -1.394776
96.000000 1.104240 0.008203 0.997429 -1.381363
96.100000 1.104240 0.008203 0.997429 -1.338653
96.200000 1.104240 0.008203 0.997429 -1.320663
96.300000 1.104240 0.008203 0.997429 -1.302763
96.400000 1.104240 0.008203 0.997429 -1.295759
96.500000 1.104240 0.008203 0.997429 -1.295216
96.600000 1.104240 0.008203 0.997429 -1.324049
96.700000 1.104240 0.008203 0.997429 -1.303748
96.800000 1.104240 0.008203 0.997429 -1.344804
96.900000 1.104240 0.008203 0.997429 -1.396688
97.000000 1.104240 0.008203 0.997429 -1.344859
97.100000 1.104240 0.008203 0.997429 -1.349038
97.200000 1.104240 0.008203 0.997429 -1.345344
97.300000 1.104240 0.008203 0.997429 -1.332414
97.400000 1.104240 0.008203 0.997429 -1.378447
97.500000 1.104240 0.008203 0.997429 -1.388280
97.600000 1.104240 0.008203 0.997429 -1.411910
97.700000 1.104240 0.008203 0.997429 -1.358395
97.800000 1.104240 0.008203 0.997429 -1.391032
97.900000 1.104240 0.008203 0.997429 -1.342161
98.000000 1.104240 0.008203 0.997429 -1.362340
98.100000 1.104240 0.008203 0.997429 -1.325872
98.200000 1.104240 0.008203 0.997429 -1.326113
98.300000 1.104240 0.008203 0.997429 -1.338051
98.400000 1.104240 0.008203 0.997429 -1.330003
98.500000 1.104240 0.008203 0.997429 -1.350693
98.600000 1.104240 0.008203 0.997429 -1.370969
98.700000 1.104240 0.008203 0.997429 -1.310256
98.800000 1.104240 0.008203 0.997429 -1.295204
98.900000 1.104240 0.008203 0.997429 -1.294490
99.000000 1.104240 0.008203 0.997429 -1.283960
99.100000 1.104240 0.008203 0.997429 -1.317204
99.200000 1.104240 0.008203 0.997429 -1.293480
99.300000 1.104240 0.008203 0.997429 -1.310265
99.400000 1.104240 0.008203 0.997429 -1.284669
99.500000 1.104240 0.008203 0.997429 -1.327803
99.600000 1.104240 0.008203 0.997429 -1.378506
99.700000 1.104240 0.008203 0.997429 -1.360676
99.800000 1.104240 0.008203 0.997429 -1.386792
99.900000 1.104240 0.008203 0.997429 -1.389877
