0.000000 0.000000 1.000000
4.086114 1.086139 333334.333000
4.086117 -inf 666667.666000
4.086118 -inf 1000000.999000
3.419451 -inf 1333334.332000
2.752785 -inf 1666667.665000
2.086118 -inf 2000000.998000
1.419451 -inf 2333334.331000
0.752785 -inf 2666667.664000
0.086118 -inf 3000000.997000
-0.580549 -inf 3333334.330000
-1.247215 -inf 3666667.663000
-1.913882 -inf 4000000.996000
-2.580549 -inf 4333334.329000
-3.247215 -inf 4666667.662000
-3.913882 -inf 5000000.995000
-4.580549 -inf 5333334.328000
-5.247215 -inf 5666667.661000
-5.913882 -inf 6000000.994000
-6.580549 -inf 6333334.327000
-7.247215 -inf 6666667.660000
-7.913882 -inf 7000000.993000
-8.580549 -inf 7333334.326000
-9.247215 -inf 7666667.659000
-9.913882 -inf 8000000.992000
-10.580549 -inf 8333334.325000
-11.247215 -inf 8666667.658000
-11.913882 -inf 9000000.991000
-12.580549 -inf 9333334.324000
-13.247215 -inf 9666667.657000
-13.913882 -inf 10000000.990000
-14.580549 -inf 10333334.323000
-15.247215 -inf 10666667.656000
-15.913882 -inf 11000000.989000
-16.580549 -inf 11333334.322000
-17.247215 -inf 11666667.655000
-17.913882 -inf 12000000.988000
-18.580549 -inf 12333334.321000
-19.247215 -inf 12666667.654000
-19.913882 -inf 13000000.987000
-20.580549 -inf 13333334.320000
-21.247215 -inf 13666667.653000
-21.913882 -inf 14000000.986000
-22.580549 -inf 14333334.319000
-23.247215 -inf 14666667.652000
-23.913882 -inf 15000000.985000
-24.580549 -inf 15333334.318000
-25.247215 -inf 15666667.651000
-25.913882 -inf 16000000.984000
-26.580549 -inf 16333334.317000
-27.247215 -inf 16666667.650000
-27.913882 -inf 17000000.983000
-28.580549 -inf 17333334.316000
-29.247215 -inf 17666667.649000
-29.913882 -inf 18000000.982000
-30.580549 -inf 18333334.315000
-31.247215 -inf 18666667.648000
-31.913882 -inf 19000000.981000
-32.580549 -inf 19333334.314000
-33.247215 -inf 19666667.647000
-33.913882 -inf 20000000.980000
-34.580549 -inf 20333334.313000
-35.247215 -inf 20666667.646000
-35.913882 -inf 21000000.979000
-36.580549 -inf 21333334.312000
-37.247215 -inf 21666667.645000
-37.913882 -inf 22000000.978000
-38.580549 -inf 22333334.311000
-39.247215 -inf 22666667.644000
-39.913882 -inf 23000000.977000
-40.580549 -inf 23333334.310000
-41.247215 -inf 23666667.643000
-41.913882 -inf 24000000.976000
-42.580549 -inf 24333334.309000
-43.247215 -inf 24666667.642000
-43.913882 -inf 25000000.975000
-44.580549 -inf 25333334.308000
-45.247215 -inf 25666667.641000
-45.913882 -inf 26000000.974000
-46.580549 -inf 26333334.307000
-47.247215 -inf 26666667.640000
-47.913882 -inf 27000000.973000
-48.580549 -inf 27333334.306000
-49.247215 -inf 27666667.639000
-49.913882 -inf 28000000.972000
-50.580549 -inf 28333334.305000
-51.247215 -inf 28666667.638000
-51.913882 -inf 29000000.971000
-52.580549 -inf 29333334.304000
-53.247215 -inf 29666667.637000
-53.913882 -inf 30000000.970000
-54.580549 -inf 30333334.303000
-55.247215 -inf 30666667.636000
-55.913882 -inf 31000000.969000
-56.580549 -inf 31333334.302000
-57.247215 -inf 31666667.635000
-57.913882 -inf 32000000.968000
-58.580549 -inf 32333334.301000
-59.247215 -inf 32666667.634000
-59.913882 -inf 33000000.967000
-60.580549 -inf 33333334.300000
-61.247215 -inf 33666667.633000
-61.913882 -inf 34000000.966000
-62.580549 -inf 34333334.299000
-63.247215 -inf 34666667.632000
-63.913882 -inf 35000000.965000
-64.580549 -inf 35333334.298000
-65.247215 -inf 35666667.631000
-65.913882 -inf 36000000.964000
-66.580549 -inf 36333334.297000
-67.247215 -inf 36666667.630000
-67.913882 -inf 37000000.963000
-68.580549 -inf 37333334.296000
-69.247215 -inf 37666667.629000
-69.913882 -inf 38000000.962000
-70.580549 -inf 38333334.295000
-71.247215 -inf 38666667.628000
-71.913882 -inf 39000000.961000
-72.580549 -inf 39333334.294000
-73.247215 -inf 39666667.627000
-73.913882 -inf 40000000.960000
-74.580549 -inf 40333334.293000
-75.247215 -inf 40666667.626000
-75.913882 -inf 41000000.959000
-76.580549 -inf 41333334.292000
-77.247215 -inf 41666667.625000
-77.913882 -inf 42000000.958000
-78.580549 -inf 42333334.291000
-79.247215 -inf 42666667.624000
-79.913882 -inf 43000000.957000
-80.580549 -inf 43333334.290000
-81.247215 -inf 43666667.623000
-81.913882 -inf 44000000.956000
-82.580549 -inf 44333334.289000
-83.247215 -inf 44666667.622000
-83.913882 -inf 45000000.955000
-84.580549 -inf 45333334.288000
-85.247215 -inf 45666667.621000
-85.913882 -inf 46000000.954000
-86.580549 -inf 46333334.287000
-87.247215 -inf 46666667.620000
-87.913882 -inf 47000000.953000
-88.580549 -inf 47333334.286000
-89.247215 -inf 47666667.619000
-89.913882 -inf 48000000.952000
-90.580549 -inf 48333334.285000
-91.247215 -inf 48666667.618000
-91.913882 -inf 49000000.951000
-92.580549 -inf 49333334.284000
-93.247215 -inf 49666667.617000
-43.913881 -inf 50000000.950000
-44.247214 -inf 50333334.283000
-44.580548 -inf 50666667.616000
-44.913881 -inf 51000000.949000
-45.247214 -inf 51333334.282000
-45.580548 -inf 51666667.615000
-45.913881 -inf 52000000.948000
-46.247214 -inf 52333334.281000
-46.580548 -inf 52666667.614000
-46.913881 -inf 53000000.947000
-47.247214 -inf 53333334.280000
-47.580548 -inf 53666667.613000
-47.913881 -inf 54000000.946000
-48.247214 -inf 54333334.279000
-48.580548 -inf 54666667.612000
-48.913881 -inf 55000000.945000
-49.247214 -inf 55333334.278000
-49.580548 -inf 55666667.611000
-49.913881 -inf 56000000.944000
-50.247214 -inf 56333334.277000
-50.580548 -inf 56666667.610000
-50.913881 -inf 57000000.943000
-51.247214 -inf 57333334.276000
-51.580548 -inf 57666667.609000
-51.913881 -inf 58000000.942000
-52.247214 -inf 58333334.275000
-52.580548 -inf 58666667.608000
-52.913881 -inf 59000000.941000
-53.247214 -inf 59333334.274000
-53.580548 -inf 59666667.607000
-53.913881 -inf 60000000.940000
-54.247214 -inf 60333334.273000
-54.580548 -inf 60666667.606000
-54.913881 -inf 61000000.939000
-55.247214 -inf 61333334.272000
-55.580548 -inf 61666667.605000
-55.913881 -inf 62000000.938000
-56.247214 -inf 62333334.271000
-56.580548 -inf 62666667.604000
-56.913881 -inf 63000000.937000
-57.247214 -inf 63333334.270000
-57.580548 -inf 63666667.603000
-57.913881 -inf 64000000.936000
-58.247214 -inf 64333334.269000
-58.580548 -inf 64666667.602000
-58.913881 -inf 65000000.935000
-59.247214 -inf 65333334.268000
-59.580548 -inf 65666667.601000
-59.913881 -inf 66000000.934000
-60.247214 -inf 66333334.267000
-60.580548 -inf 66666667.600000
-60.913881 -inf 67000000.933000
-61.247214 -inf 67333334.266000
-61.580548 -inf 67666667.599000
-61.913881 -inf 68000000.932000
-62.247214 -inf 68333334.265000
-62.580548 -inf 68666667.598000
-62.913881 -inf 69000000.931000
-63.247214 -inf 69333334.264000
-63.580548 -inf 69666667.597000
-63.913881 -inf 70000000.930000
-64.247214 -inf 70333334.263000
-64.580548 -inf 70666667.596000
-64.913881 -inf 71000000.929000
-65.247214 -inf 71333334.262000
-65.580548 -inf 71666667.595000
-65.913881 -inf 72000000.928000
-66.247214 -inf 72333334.261000
-66.580548 -inf 72666667.594000
-66.913881 -inf 73000000.927000
-67.247214 -inf 73333334.260000
-67.580548 -inf 73666667.593000
-67.913881 -inf 74000000.926000
-68.247214 -inf 74333334.259000
-68.580548 -inf 74666667.592000
-68.913881 -inf 75000000.925000
-69.247214 -inf 75333334.258000
-69.580548 -inf 75666667.591000
-69.913881 -inf 76000000.924000
-70.247214 -inf 76333334.257000
-70.580548 -inf 76666667.590000
-70.913881 -inf 77000000.923000
-71.247214 -inf 77333334.256000
-71.580548 -inf 77666667.589000
-71.913881 -inf 78000000.922000
-72.247214 -inf 78333334.255000
-72.580548 -inf 78666667.588000
-72.913881 -inf 79000000.921000
-73.247214 -inf 79333334.254000
-73.580548 -inf 79666667.587000
-73.913881 -inf 80000000.920000
-74.247214 -inf 80333334.253000
-74.580548 -inf 80666667.586000
-74.913881 -inf 81000000.919000
-75.247214 -inf 81333334.252000
-75.580548 -inf 81666667.585000
-75.913881 -inf 82000000.918000
-76.247214 -inf 82333334.251000
-76.580548 -inf 82666667.584000
-76.913881 -inf 83000000.917000
-77.247214 -inf 83333334.250000
-77.580548 -inf 83666667.583000
-77.913881 -inf 84000000.916000
-78.247214 -inf 84333334.249000
-78.580548 -inf 84666667.582000
-78.913881 -inf 85000000.915000
-79.247214 -inf 85333334.248000
-79.580548 -inf 85666667.581000
-79.913881 -inf 86000000.914000
-80.247214 -inf 86333334.247000
-80.580548 -inf 86666667.580000
-80.913881 -inf 87000000.913000
-81.247214 -inf 87333334.246000
-81.580548 -inf 87666667.579000
-81.913881 -inf 88000000.912000
-82.247214 -inf 88333334.245000
-82.580548 -inf 88666667.578000
-82.913881 -inf 89000000.911000
-83.247214 -inf 89333334.244000
-83.580548 -inf 89666667.577000
-83.913881 -inf 90000000.910000
-84.247214 -inf 90333334.243000
-84.580548 -inf 90666667.576000
-84.913881 -inf 91000000.909000
-85.247214 -inf 91333334.242000
-85.580548 -inf 91666667.575000
-85.913881 -inf 92000000.908000
-86.247214 -inf 92333334.241000
-86.580548 -inf 92666667.574000
-86.913881 -inf 93000000.907000
-87.247214 -inf 93333334.240000
-87.580548 -inf 93666667.573000
-87.913881 -inf 94000000.906000
-88.247214 -inf 94333334.239000
-88.580548 -inf 94666667.572000
-88.913881 -inf 95000000.905000
-89.247214 -inf 95333334.238000
-89.580548 -inf 95666667.571000
-89.913881 -inf 96000000.904000
-90.247214 -inf 96333334.237000
-90.580548 -inf 96666667.570000
-90.913881 -inf 97000000.903000
-91.247214 -inf 97333334.236000
-91.580548 -inf 97666667.569000
-91.913881 -inf 98000000.902000
-92.247214 -inf 98333334.235000
-92.580548 -inf 98666667.568000
-92.913881 -inf 99000000.901000
-93.247214 -inf 99333334.234000
-93.580548 -inf 99666667.567000
-inf -inf 100000000.900000
-inf -inf 100333334.233000
-inf -inf 100666667.566000
-inf -inf 101000000.899000
-inf -inf 101333334.232000
-inf -inf 101666667.565000
-inf -inf 102000000.898000
-inf -inf 102333334.231000
-inf -inf 102666667.564000
-inf -inf 103000000.897000
-inf -inf 103333334.230000
-inf -inf 103666667.563000
-inf -inf 104000000.896000
-inf -inf 104333334.229000
-inf -inf 104666667.562000
-inf -inf 105000000.895000
-inf -inf 105333334.228000
-inf -inf 105666667.561000
-inf -inf 106000000.894000
-inf -inf 106333334.227000
-inf -inf 106666667.560000
-inf -inf 107000000.893000
-inf -inf 107333334.226000
-inf -inf 107666667.559000
-inf -inf 108000000.892000
-inf -inf 108333334.225000
-inf -inf 108666667.558000
-inf -inf 109000000.891000
-inf -inf 109333334.224000
-inf -inf 109666667.557000
-inf -inf 110000000.890000
-inf -inf 110333334.223000
-inf -inf 110666667.556000
-inf -inf 111000000.889000
-inf -inf 111333334.222000
-inf -inf 111666667.555000
-inf -inf 112000000.888000
-inf -inf 112333334.221000
-inf -inf 112666667.554000
-inf -inf 113000000.887000
-inf -inf 113333334.220000
-inf -inf 113666667.553000
-inf -inf 114000000.886000
-inf -inf 114333334.219000
-inf -inf 114666667.552000
-inf -inf 115000000.885000
-inf -inf 115333334.218000
-inf -inf 115666667.551000
-inf -inf 116000000.884000
-inf -inf 116333334.217000
-inf -inf 116666667.550000
-inf -inf 117000000.883000
-inf -inf 117333334.216000
-inf -inf 117666667.549000
-inf -inf 118000000.882000
-inf -inf 118333334.215000
-inf -inf 118666667.548000
-inf -inf 119000000.881000
-inf -inf 119333334.214000
-inf -inf 119666667.547000
-inf -inf 120000000.880000
-inf -inf 120333334.213000
-inf -inf 120666667.546000
-inf -inf 121000000.879000
-inf -inf 121333334.212000
-inf -inf 121666667.545000
-inf -inf 122000000.878000
-inf -inf 122333334.211000
-inf -inf 122666667.544000
-inf -inf 123000000.877000
-inf -inf 123333334.210000
-inf -inf 123666667.543000
-inf -inf 124000000.876000
-inf -inf 124333334.209000
-inf -inf 124666667.542000
-inf -inf 125000000.875000
-inf -inf 125333334.208000
-inf -inf 125666667.541000
-inf -inf 126000000.874000
-inf -inf 126333334.207000
-inf -inf 126666667.540000
-inf -inf 127000000.873000
-inf -inf 127333334.206000
-inf -inf 127666667.539000
-inf -inf 128000000.872000
-inf -inf 128333334.205000
-inf -inf 128666667.538000
-inf -inf 129000000.871000
-inf -inf 129333334.204000
-inf -inf 129666667.537000
-inf -inf 130000000.870000
-inf -inf 130333334.203000
-inf -inf 130666667.536000
-inf -inf 131000000.869000
-inf -inf 131333334.202000
-inf -inf 131666667.535000
-inf -inf 132000000.868000
-inf -inf 132333334.201000
-inf -inf 132666667.534000
-inf -inf 133000000.867000
-inf -inf 133333334.200000
-inf -inf 133666667.533000
-inf -inf 134000000.866000
-inf -inf 134333334.199000
-inf -inf 134666667.532000
-inf -inf 135000000.865000
-inf -inf 135333334.198000
-inf -inf 135666667.531000
-inf -inf 136000000.864000
-inf -inf 136333334.197000
-inf -inf 136666667.530000
-inf -inf 137000000.863000
-inf -inf 137333334.196000
-inf -inf 137666667.529000
-inf -inf 138000000.862000
-inf -inf 138333334.195000
-inf -inf 138666667.528000
-inf -inf 139000000.861000
-inf -inf 139333334.194000
-inf -inf 139666667.527000
-inf -inf 140000000.860000
-inf -inf 140333334.193000
-inf -inf 140666667.526000
-inf -inf 141000000.859000
-inf -inf 141333334.192000
-inf -inf 141666667.525000
-inf -inf 142000000.858000
-inf -inf 142333334.191000
-inf -inf 142666667.524000
-inf -inf 143000000.857000
-inf -inf 143333334.190000
-inf -inf 143666667.523000
-inf -inf 144000000.856000
-inf -inf 144333334.189000
-inf -inf 144666667.522000
-inf -inf 145000000.855000
-inf -inf 145333334.188000
-inf -inf 145666667.521000
-inf -inf 146000000.854000
-inf -inf 146333334.187000
-inf -inf 146666667.520000
-inf -inf 147000000.853000
-inf -inf 147333334.186000
-inf -inf 147666667.519000
-inf -inf 148000000.852000
-inf -inf 148333334.185000
-inf -inf 148666667.518000
-inf -inf 149000000.851000
-inf -inf 149333334.184000
-inf -inf 149666667.517000
-inf -inf 150000000.850000
-inf -inf 150333334.183000
-inf -inf 150666667.516000
-inf -inf 151000000.849000
-inf -inf 151333334.182000
-inf -inf 151666667.515000
-inf -inf 152000000.848000
-inf -inf 152333334.181000
-inf -inf 152666667.514000
-inf -inf 153000000.847000
-inf -inf 153333334.180000
-inf -inf 153666667.513000
-inf -inf 154000000.846000
-inf -inf 154333334.179000
-inf -inf 154666667.512000
-inf -inf 155000000.845000
-inf -inf 155333334.178000
-inf -inf 155666667.511000
-inf -inf 156000000.844000
-inf -inf 156333334.177000
-inf -inf 156666667.510000
-inf -inf 157000000.843000
-inf -inf 157333334.176000
-inf -inf 157666667.509000
-inf -inf 158000000.842000
-inf -inf 158333334.175000
-inf -inf 158666667.508000
-inf -inf 159000000.841000
-inf -inf 159333334.174000
-inf -inf 159666667.507000
-inf -inf 160000000.840000
-inf -inf 160333334.173000
-inf -inf 160666667.506000
-inf -inf 161000000.839000
-inf -inf 161333334.172000
-inf -inf 161666667.505000
-inf -inf 162000000.838000
-inf -inf 162333334.171000
-inf -inf 162666667.504000
-inf -inf 163000000.837000
-inf -inf 163333334.170000
-inf -inf 163666667.503000
-inf -inf 164000000.836000
-inf -inf 164333334.169000
-inf -inf 164666667.502000
-inf -inf 165000000.835000
-inf -inf 165333334.168000
-inf -inf 165666667.501000
-inf -inf 166000000.834000
-inf -inf 166333334.167000
-inf -inf 166666667.500000
-inf -inf 167000000.833000
-inf -inf 167333334.166000
-inf -inf 167666667.499000
-inf -inf 168000000.832000
-inf -inf 168333334.165000
-inf -inf 168666667.498000
-inf -inf 169000000.831000
-inf -inf 169333334.164000
-inf -inf 169666667.497000
-inf -inf 170000000.830000
-inf -inf 170333334.163000
-inf -inf 170666667.496000
-inf -inf 171000000.829000
-inf -inf 171333334.162000
-inf -inf 171666667.495000
-inf -inf 172000000.828000
-inf -inf 172333334.161000
-inf -inf 172666667.494000
-inf -inf 173000000.827000
-inf -inf 173333334.160000
-inf -inf 173666667.493000
-inf -inf 174000000.826000
-inf -inf 174333334.159000
-inf -inf 174666667.492000
-inf -inf 175000000.825000
-inf -inf 175333334.158000
-inf -inf 175666667.491000
-inf -inf 176000000.824000
-inf -inf 176333334.157000
-inf -inf 176666667.490000
-inf -inf 177000000.823000
-inf -inf 177333334.156000
-inf -inf 177666667.489000
-inf -inf 178000000.822000
-inf -inf 178333334.155000
-inf -inf 178666667.488000
-inf -inf 179000000.821000
-inf -inf 179333334.154000
-inf -inf 179666667.487000
-inf -inf 180000000.820000
-inf -inf 180333334.153000
-inf -inf 180666667.486000
-inf -inf 181000000.819000
-inf -inf 181333334.152000
-inf -inf 181666667.485000
-inf -inf 182000000.818000
-inf -inf 182333334.151000
-inf -inf 182666667.484000
-inf -inf 183000000.817000
-inf -inf 183333334.150000
-inf -inf 183666667.483000
-inf -inf 184000000.816000
-inf -inf 184333334.149000
-inf -inf 184666667.482000
-inf -inf 185000000.815000
-inf -inf 185333334.148000
-inf -inf 185666667.481000
-inf -inf 186000000.814000
-inf -inf 186333334.147000
-inf -inf 186666667.480000
-inf -inf 187000000.813000
-inf -inf 187333334.146000
-inf -inf 187666667.479000
-inf -inf 188000000.812000
-inf -inf 188333334.145000
-inf -inf 188666667.478000
-inf -inf 189000000.811000
-inf -inf 189333334.144000
-inf -inf 189666667.477000
-inf -inf 190000000.810000
-inf -inf 190333334.143000
-inf -inf 190666667.476000
-inf -inf 191000000.809000
-inf -inf 191333334.142000
-inf -inf 191666667.475000
-inf -inf 192000000.808000
-inf -inf 192333334.141000
-inf -inf 192666667.474000
-inf -inf 193000000.807000
-inf -inf 193333334.140000
-inf -inf 193666667.473000
-inf -inf 194000000.806000
-inf -inf 194333334.139000
-inf -inf 194666667.472000
-inf -inf 195000000.805000
-inf -inf 195333334.138000
-inf -inf 195666667.471000
-inf -inf 196000000.804000
-inf -inf 196333334.137000
-inf -inf 196666667.470000
-inf -inf 197000000.803000
-inf -inf 197333334.136000
-inf -inf 197666667.469000
-inf -inf 198000000.802000
-inf -inf 198333334.135000
-inf -inf 198666667.468000
-inf -inf 199000000.801000
-inf -inf 199333334.134000
-inf -inf 199666667.467000
-inf -inf 200000000.800000
-inf -inf 200333334.133000
-inf -inf 200666667.466000
-inf -inf 201000000.799000
-inf -inf 201333334.132000
-inf -inf 201666667.465000
-inf -inf 202000000.798000
-inf -inf 202333334.131000
-inf -inf 202666667.464000
-inf -inf 203000000.797000
-inf -inf 203333334.130000
-inf -inf 203666667.463000
-inf -inf 204000000.796000
-inf -inf 204333334.129000
-inf -inf 204666667.462000
-inf -inf 205000000.795000
-inf -inf 205333334.128000
-inf -inf 205666667.461000
-inf -inf 206000000.794000
-inf -inf 206333334.127000
-inf -inf 206666667.460000
-inf -inf 207000000.793000
-inf -inf 207333334.126000
-inf -inf 207666667.459000
-inf -inf 208000000.792000
-inf -inf 208333334.125000
-inf -inf 208666667.458000
-inf -inf 209000000.791000
-inf -inf 209333334.124000
-inf -inf 209666667.457000
-inf -inf 210000000.790000
-inf -inf 210333334.123000
-inf -inf 210666667.456000
-inf -inf 211000000.789000
-inf -inf 211333334.122000
-inf -inf 211666667.455000
-inf -inf 212000000.788000
-inf -inf 212333334.121000
-inf -inf 212666667.454000
-inf -inf 213000000.787000
-inf -inf 213333334.120000
-inf -inf 213666667.453000
-inf -inf 214000000.786000
-inf -inf 214333334.119000
-inf -inf 214666667.452000
-inf -inf 215000000.785000
-inf -inf 215333334.118000
-inf -inf 215666667.451000
-inf -inf 216000000.784000
-inf -inf 216333334.117000
-inf -inf 216666667.450000
-inf -inf 217000000.783000
-inf -inf 217333334.116000
-inf -inf 217666667.449000
-inf -inf 218000000.782000
-inf -inf 218333334.115000
-inf -inf 218666667.448000
-inf -inf 219000000.781000
-inf -inf 219333334.114000
-inf -inf 219666667.447000
-inf -inf 220000000.780000
-inf -inf 220333334.113000
-inf -inf 220666667.446000
-inf -inf 221000000.779000
-inf -inf 221333334.112000
-inf -inf 221666667.445000
-inf -inf 222000000.778000
-inf -inf 222333334.111000
-inf -inf 222666667.444000
-inf -inf 223000000.777000
-inf -inf 223333334.110000
-inf -inf 223666667.443000
-inf -inf 224000000.776000
-inf -inf 224333334.109000
-inf -inf 224666667.442000
-inf -inf 225000000.775000
-inf -inf 225333334.108000
-inf -inf 225666667.441000
-inf -inf 226000000.774000
-inf -inf 226333334.107000
-inf -inf 226666667.440000
-inf -inf 227000000.773000
-inf -inf 227333334.106000
-inf -inf 227666667.439000
-inf -inf 228000000.772000
-inf -inf 228333334.105000
-inf -inf 228666667.438000
-inf -inf 229000000.771000
-inf -inf 229333334.104000
-inf -inf 229666667.437000
-inf -inf 230000000.770000
-inf -inf 230333334.103000
-inf -inf 230666667.436000
-inf -inf 231000000.769000
-inf -inf 231333334.102000
-inf -inf 231666667.435000
-inf -inf 232000000.768000
-inf -inf 232333334.101000
-inf -inf 232666667.434000
-inf -inf 233000000.767000
-inf -inf 233333334.100000
-inf -inf 233666667.433000
-inf -inf 234000000.766000
-inf -inf 234333334.099000
-inf -inf 234666667.432000
-inf -inf 235000000.765000
-inf -inf 235333334.098000
-inf -inf 235666667.431000
-inf -inf 236000000.764000
-inf -inf 236333334.097000
-inf -inf 236666667.430000
-inf -inf 237000000.763000
-inf -inf 237333334.096000
-inf -inf 237666667.429000
-inf -inf 238000000.762000
-inf -inf 238333334.095000
-inf -inf 238666667.428000
-inf -inf 239000000.761000
-inf -inf 239333334.094000
-inf -inf 239666667.427000
-inf -inf 240000000.760000
-inf -inf 240333334.093000
-inf -inf 240666667.426000
-inf -inf 241000000.759000
-inf -inf 241333334.092000
-inf -inf 241666667.425000
-inf -inf 242000000.758000
-inf -inf 242333334.091000
-inf -inf 242666667.424000
-inf -inf 243000000.757000
-inf -inf 243333334.090000
-inf -inf 243666667.423000
-inf -inf 244000000.756000
-inf -inf 244333334.089000
-inf -inf 244666667.422000
-inf -inf 245000000.755000
-inf -inf 245333334.088000
-inf -inf 245666667.421000
-inf -inf 246000000.754000
-inf -inf 246333334.087000
-inf -inf 246666667.420000
-inf -inf 247000000.753000
-inf -inf 247333334.086000
-inf -inf 247666667.419000
-inf -inf 248000000.752000
-inf -inf 248333334.085000
-inf -inf 248666667.418000
-inf -inf 249000000.751000
-inf -inf 249333334.084000
-inf -inf 249666667.417000
-inf -inf 250000000.750000
-inf -inf 250333334.083000
-inf -inf 250666667.416000
-inf -inf 251000000.749000
-inf -inf 251333334.082000
-inf -inf 251666667.415000
-inf -inf 252000000.748000
-inf -inf 252333334.081000
-inf -inf 252666667.414000
-inf -inf 253000000.747000
-inf -inf 253333334.080000
-inf -inf 253666667.413000
-inf -inf 254000000.746000
-inf -inf 254333334.079000
-inf -inf 254666667.412000
-inf -inf 255000000.745000
-inf -inf 255333334.078000
-inf -inf 255666667.411000
-inf -inf 256000000.744000
-inf -inf 256333334.077000
-inf -inf 256666667.410000
-inf -inf 257000000.743000
-inf -inf 257333334.076000
-inf -inf 257666667.409000
-inf -inf 258000000.742000
-inf -inf 258333334.075000
-inf -inf 258666667.408000
-inf -inf 259000000.741000
-inf -inf 259333334.074000
-inf -inf 259666667.407000
-inf -inf 260000000.740000
-inf -inf 260333334.073000
-inf -inf 260666667.406000
-inf -inf 261000000.739000
-inf -inf 261333334.072000
-inf -inf 261666667.405000
-inf -inf 262000000.738000
-inf -inf 262333334.071000
-inf -inf 262666667.404000
-inf -inf 263000000.737000
-inf -inf 263333334.070000
-inf -inf 263666667.403000
-inf -inf 264000000.736000
-inf -inf 264333334.069000
-inf -inf 264666667.402000
-inf -inf 265000000.735000
-inf -inf 265333334.068000
-inf -inf 265666667.401000
-inf -inf 266000000.734000
-inf -inf 266333334.067000
-inf -inf 266666667.400000
-inf -inf 267000000.733000
-inf -inf 267333334.066000
-inf -inf 267666667.399000
-inf -inf 268000000.732000
-inf -inf 268333334.065000
-inf -inf 268666667.398000
-inf -inf 269000000.731000
-inf -inf 269333334.064000
-inf -inf 269666667.397000
-inf -inf 270000000.730000
-inf -inf 270333334.063000
-inf -inf 270666667.396000
-inf -inf 271000000.729000
-inf -inf 271333334.062000
-inf -inf 271666667.395000
-inf -inf 272000000.728000
-inf -inf 272333334.061000
-inf -inf 272666667.394000
-inf -inf 273000000.727000
-inf -inf 273333334.060000
-inf -inf 273666667.393000
-inf -inf 274000000.726000
-inf -inf 274333334.059000
-inf -inf 274666667.392000
-inf -inf 275000000.725000
-inf -inf 275333334.058000
-inf -inf 275666667.391000
-inf -inf 276000000.724000
-inf -inf 276333334.057000
-inf -inf 276666667.390000
-inf -inf 277000000.723000
-inf -inf 277333334.056000
-inf -inf 277666667.389000
-inf -inf 278000000.722000
-inf -inf 278333334.055000
-inf -inf 278666667.388000
-inf -inf 279000000.721000
-inf -inf 279333334.054000
-inf -inf 279666667.387000
-inf -inf 280000000.720000
-inf -inf 280333334.053000
-inf -inf 280666667.386000
-inf -inf 281000000.719000
-inf -inf 281333334.052000
-inf -inf 281666667.385000
-inf -inf 282000000.718000
-inf -inf 282333334.051000
-inf -inf 282666667.384000
-inf -inf 283000000.717000
-inf -inf 283333334.050000
-inf -inf 283666667.383000
-inf -inf 284000000.716000
-inf -inf 284333334.049000
-inf -inf 284666667.382000
-inf -inf 285000000.715000
-inf -inf 285333334.048000
-inf -inf 285666667.381000
-inf -inf 286000000.714000
-inf -inf 286333334.047000
-inf -inf 286666667.380000
-inf -inf 287000000.713000
-inf -inf 287333334.046000
-inf -inf 287666667.379000
-inf -inf 288000000.712000
-inf -inf 288333334.045000
-inf -inf 288666667.378000
-inf -inf 289000000.711000
-inf -inf 289333334.044000
-inf -inf 289666667.377000
-inf -inf 290000000.710000
-inf -inf 290333334.043000
-inf -inf 290666667.376000
-inf -inf 291000000.709000
-inf -inf 291333334.042000
-inf -inf 291666667.375000
-inf -inf 292000000.708000
-inf -inf 292333334.041000
-inf -inf 292666667.374000
-inf -inf 293000000.707000
-inf -inf 293333334.040000
-inf -inf 293666667.373000
-inf -inf 294000000.706000
-inf -inf 294333334.039000
-inf -inf 294666667.372000
-inf -inf 295000000.705000
-inf -inf 295333334.038000
-inf -inf 295666667.371000
-inf -inf 296000000.704000
-inf -inf 296333334.037000
-inf -inf 296666667.370000
-inf -inf 297000000.703000
-inf -inf 297333334.036000
-inf -inf 297666667.369000
-inf -inf 298000000.702000
-inf -inf 298333334.035000
-inf -inf 298666667.368000
-inf -inf 299000000.701000
-inf -inf 299333334.034000
-inf -inf 299666667.367000
-inf -inf 300000000.700000
-inf -inf 300333334.033000
-inf -inf 300666667.366000
-inf -inf 301000000.699000
-inf -inf 301333334.032000
-inf -inf 301666667.365000
-inf -inf 302000000.698000
-inf -inf 302333334.031000
-inf -inf 302666667.364000
-inf -inf 303000000.697000
-inf -inf 303333334.030000
-inf -inf 303666667.363000
-inf -inf 304000000.696000
-inf -inf 304333334.029000
-inf -inf 304666667.362000
-inf -inf 305000000.695000
-inf -inf 305333334.028000
-inf -inf 305666667.361000
-inf -inf 306000000.694000
-inf -inf 306333334.027000
-inf -inf 306666667.360000
-inf -inf 307000000.693000
-inf -inf 307333334.026000
-inf -inf 307666667.359000
-inf -inf 308000000.692000
-inf -inf 308333334.025000
-inf -inf 308666667.358000
-inf -inf 309000000.691000
-inf -inf 309333334.024000
-inf -inf 309666667.357000
-inf -inf 310000000.690000
-inf -inf 310333334.023000
-inf -inf 310666667.356000
-inf -inf 311000000.689000
-inf -inf 311333334.022000
-inf -inf 311666667.355000
-inf -inf 312000000.688000
-inf -inf 312333334.021000
-inf -inf 312666667.354000
-inf -inf 313000000.687000
-inf -inf 313333334.020000
-inf -inf 313666667.353000
-inf -inf 314000000.686000
-inf -inf 314333334.019000
-inf -inf 314666667.352000
-inf -inf 315000000.685000
-inf -inf 315333334.018000
-inf -inf 315666667.351000
-inf -inf 316000000.684000
-inf -inf 316333334.017000
-inf -inf 316666667.350000
-inf -inf 317000000.683000
-inf -inf 317333334.016000
-inf -inf 317666667.349000
-inf -inf 318000000.682000
-inf -inf 318333334.015000
-inf -inf 318666667.348000
-inf -inf 319000000.681000
-inf -inf 319333334.014000
-inf -inf 319666667.347000
-inf -inf 320000000.680000
-inf -inf 320333334.013000
-inf -inf 320666667.346000
-inf -inf 321000000.679000
-inf -inf 321333334.012000
-inf -inf 321666667.345000
-inf -inf 322000000.678000
-inf -inf 322333334.011000
-inf -inf 322666667.344000
-inf -inf 323000000.677000
-inf -inf 323333334.010000
-inf -inf 323666667.343000
-inf -inf 324000000.676000
-inf -inf 324333334.009000
-inf -inf 324666667.342000
-inf -inf 325000000.675000
-inf -inf 325333334.008000
-inf -inf 325666667.341000
-inf -inf 326000000.674000
-inf -inf 326333334.007000
-inf -inf 326666667.340000
-inf -inf 327000000.673000
-inf -inf 327333334.006000
-inf -inf 327666667.339000
-inf -inf 328000000.672000
-inf -inf 328333334.005000
-inf -inf 328666667.338000
-inf -inf 329000000.671000
-inf -inf 329333334.004000
-inf -inf 329666667.337000
-inf -inf 330000000.670000
-inf -inf 330333334.003000
-inf -inf 330666667.336000
-inf -inf 331000000.669000
-inf -inf 331333334.002000
-inf -inf 331666667.335000
-inf -inf 332000000.668000
-inf -inf 332333334.001000
-inf -inf 332666667.334000
-inf -inf 333000000.667000
-inf -inf 333333334.000000
-inf -inf 333666667.333000
-inf -inf 334000000.666000
-inf -inf 334333333.999000
-inf -inf 334666667.332000
-inf -inf 335000000.665000
-inf -inf 335333333.998000
-inf -inf 335666667.331000
-inf -inf 336000000.664000
-inf -inf 336333333.997000
-inf -inf 336666667.330000
-inf -inf 337000000.663000
-inf -inf 337333333.996000
-inf -inf 337666667.329000
-inf -inf 338000000.662000
-inf -inf 338333333.995000
-inf -inf 338666667.328000
-inf -inf 339000000.661000
-inf -inf 339333333.994000
-inf -inf 339666667.327000
-inf -inf 340000000.660000
-inf -inf 340333333.993000
-inf -inf 340666667.326000
-inf -inf 341000000.659000
-inf -inf 341333333.992000
-inf -inf 341666667.325000
-inf -inf 342000000.658000
-inf -inf 342333333.991000
-inf -inf 342666667.324000
-inf -inf 343000000.657000
-inf -inf 343333333.990000
-inf -inf 343666667.323000
-inf -inf 344000000.656000
-inf -inf 344333333.989000
-inf -inf 344666667.322000
-inf -inf 345000000.655000
-inf -inf 345333333.988000
-inf -inf 345666667.321000
-inf -inf 346000000.654000
-inf -inf 346333333.987000
-inf -inf 346666667.320000
-inf -inf 347000000.653000
-inf -inf 347333333.986000
-inf -inf 347666667.319000
-inf -inf 348000000.652000
-inf -inf 348333333.985000
-inf -inf 348666667.318000
-inf -inf 349000000.651000
-inf -inf 349333333.984000
-inf -inf 349666667.317000
-inf -inf 350000000.650000
-inf -inf 350333333.983000
-inf -inf 350666667.316000
-inf -inf 351000000.649000
-inf -inf 351333333.982000
-inf -inf 351666667.315000
-inf -inf 352000000.648000
-inf -inf 352333333.981000
-inf -inf 352666667.314000
-inf -inf 353000000.647000
-inf -inf 353333333.980000
-inf -inf 353666667.313000
-inf -inf 354000000.646000
-inf -inf 354333333.979000
-inf -inf 354666667.312000
-inf -inf 355000000.645000
-inf -inf 355333333.978000
-inf -inf 355666667.311000
-inf -inf 356000000.644000
-inf -inf 356333333.977000
-inf -inf 356666667.310000
-inf -inf 357000000.643000
-inf -inf 357333333.976000
-inf -inf 357666667.309000
-inf -inf 358000000.642000
-inf -inf 358333333.975000
-inf -inf 358666667.308000
-inf -inf 359000000.641000
-inf -inf 359333333.974000
-inf -inf 359666667.307000
-inf -inf 360000000.640000
-inf -inf 360333333.973000
-inf -inf 360666667.306000
-inf -inf 361000000.639000
-inf -inf 361333333.972000
-inf -inf 361666667.305000
-inf -inf 362000000.638000
-inf -inf 362333333.971000
-inf -inf 362666667.304000
-inf -inf 363000000.637000
-inf -inf 363333333.970000
-inf -inf 363666667.303000
-inf -inf 364000000.636000
-inf -inf 364333333.969000
-inf -inf 364666667.302000
-inf -inf 365000000.635000
-inf -inf 365333333.968000
-inf -inf 365666667.301000
-inf -inf 366000000.634000
-inf -inf 366333333.967000
-inf -inf 366666667.300000
-inf -inf 367000000.633000
-inf -inf 367333333.966000
-inf -inf 367666667.299000
-inf -inf 368000000.632000
-inf -inf 368333333.965000
-inf -inf 368666667.298000
-inf -inf 369000000.631000
-inf -inf 369333333.964000
-inf -inf 369666667.297000
-inf -inf 370000000.630000
-inf -inf 370333333.963000
-inf -inf 370666667.296000
-inf -inf 371000000.629000
-inf -inf 371333333.962000
-inf -inf 371666667.295000
-inf -inf 372000000.628000
-inf -inf 372333333.961000
-inf -inf 372666667.294000
-inf -inf 373000000.627000
-inf -inf 373333333.960000
-inf -inf 373666667.293000
-inf -inf 374000000.626000
-inf -inf 374333333.959000
-inf -inf 374666667.292000
-inf -inf 375000000.625000
-inf -inf 375333333.958000
-inf -inf 375666667.291000
-inf -inf 376000000.624000
-inf -inf 376333333.957000
-inf -inf 376666667.290000
-inf -inf 377000000.623000
-inf -inf 377333333.956000
-inf -inf 377666667.289000
-inf -inf 378000000.622000
-inf -inf 378333333.955000
-inf -inf 378666667.288000
-inf -inf 379000000.621000
-inf -inf 379333333.954000
-inf -inf 379666667.287000
-inf -inf 380000000.620000
-inf -inf 380333333.953000
-inf -inf 380666667.286000
-inf -inf 381000000.619000
-inf -inf 381333333.952000
-inf -inf 381666667.285000
-inf -inf 382000000.618000
-inf -inf 382333333.951000
-inf -inf 382666667.284000
-inf -inf 383000000.617000
-inf -inf 383333333.950000
-inf -inf 383666667.283000
-inf -inf 384000000.616000
-inf -inf 384333333.949000
-inf -inf 384666667.282000
-inf -inf 385000000.615000
-inf -inf 385333333.948000
-inf -inf 385666667.281000
-inf -inf 386000000.614000
-inf -inf 386333333.947000
-inf -inf 386666667.280000
-inf -inf 387000000.613000
-inf -inf 387333333.946000
-inf -inf 387666667.279000
-inf -inf 388000000.612000
-inf -inf 388333333.945000
-inf -inf 388666667.278000
-inf -inf 389000000.611000
-inf -inf 389333333.944000
-inf -inf 389666667.277000
-inf -inf 390000000.610000
-inf -inf 390333333.943000
-inf -inf 390666667.276000
-inf -inf 391000000.609000
-inf -inf 391333333.942000
-inf -inf 391666667.275000
-inf -inf 392000000.608000
-inf -inf 392333333.941000
-inf -inf 392666667.274000
-inf -inf 393000000.607000
-inf -inf 393333333.940000
-inf -inf 393666667.273000
-inf -inf 394000000.606000
-inf -inf 394333333.939000
-inf -inf 394666667.272000
-inf -inf 395000000.605000
-inf -inf 395333333.938000
-inf -inf 395666667.271000
-inf -inf 396000000.604000
-inf -inf 396333333.937000
-inf -inf 396666667.270000
-inf -inf 397000000.603000
-inf -inf 397333333.936000
-inf -inf 397666667.269000
-inf -inf 398000000.602000
-inf -inf 398333333.935000
-inf -inf 398666667.268000
-inf -inf 399000000.601000
-inf -inf 399333333.934000
-inf -inf 399666667.267000
-inf -inf 400000000.600000
-inf -inf 400333333.933000
-inf -inf 400666667.266000
-inf -inf 401000000.599000
-inf -inf 401333333.932000
-inf -inf 401666667.265000
-inf -inf 402000000.598000
-inf -inf 402333333.931000
-inf -inf 402666667.264000
-inf -inf 403000000.597000
-inf -inf 403333333.930000
-inf -inf 403666667.263000
-inf -inf 404000000.596000
-inf -inf 404333333.929000
-inf -inf 404666667.262000
-inf -inf 405000000.595000
-inf -inf 405333333.928000
-inf -inf 405666667.261000
-inf -inf 406000000.594000
-inf -inf 406333333.927000
-inf -inf 406666667.260000
-inf -inf 407000000.593000
-inf -inf 407333333.926000
-inf -inf 407666667.259000
-inf -inf 408000000.592000
-inf -inf 408333333.925000
-inf -inf 408666667.258000
-inf -inf 409000000.591000
-inf -inf 409333333.924000
-inf -inf 409666667.257000
-inf -inf 410000000.590000
-inf -inf 410333333.923000
-inf -inf 410666667.256000
-inf -inf 411000000.589000
-inf -inf 411333333.922000
-inf -inf 411666667.255000
-inf -inf 412000000.588000
-inf -inf 412333333.921000
-inf -inf 412666667.254000
-inf -inf 413000000.587000
-inf -inf 413333333.920000
-inf -inf 413666667.253000
-inf -inf 414000000.586000
-inf -inf 414333333.919000
-inf -inf 414666667.252000
-inf -inf 415000000.585000
-inf -inf 415333333.918000
-inf -inf 415666667.251000
-inf -inf 416000000.584000
-inf -inf 416333333.917000
-inf -inf 416666667.250000
-inf -inf 417000000.583000
-inf -inf 417333333.916000
-inf -inf 417666667.249000
-inf -inf 418000000.582000
-inf -inf 418333333.915000
-inf -inf 418666667.248000
-inf -inf 419000000.581000
-inf -inf 419333333.914000
-inf -inf 419666667.247000
-inf -inf 420000000.580000
-inf -inf 420333333.913000
-inf -inf 420666667.246000
-inf -inf 421000000.579000
-inf -inf 421333333.912000
-inf -inf 421666667.245000
-inf -inf 422000000.578000
-inf -inf 422333333.911000
-inf -inf 422666667.244000
-inf -inf 423000000.577000
-inf -inf 423333333.910000
-inf -inf 423666667.243000
-inf -inf 424000000.576000
-inf -inf 424333333.909000
-inf -inf 424666667.242000
-inf -inf 425000000.575000
-inf -inf 425333333.908000
-inf -inf 425666667.241000
-inf -inf 426000000.574000
-inf -inf 426333333.907000
-inf -inf 426666667.240000
-inf -inf 427000000.573000
-inf -inf 427333333.906000
-inf -inf 427666667.239000
-inf -inf 428000000.572000
-inf -inf 428333333.905000
-inf -inf 428666667.238000
-inf -inf 429000000.571000
-inf -inf 429333333.904000
-inf -inf 429666667.237000
-inf -inf 430000000.570000
-inf -inf 430333333.903000
-inf -inf 430666667.236000
-inf -inf 431000000.569000
-inf -inf 431333333.902000
-inf -inf 431666667.235000
-inf -inf 432000000.568000
-inf -inf 432333333.901000
-inf -inf 432666667.234000
-inf -inf 433000000.567000
-inf -inf 433333333.900000
-inf -inf 433666667.233000
-inf -inf 434000000.566000
-inf -inf 434333333.899000
-inf -inf 434666667.232000
-inf -inf 435000000.565000
-inf -inf 435333333.898000
-inf -inf 435666667.231000
-inf -inf 436000000.564000
-inf -inf 436333333.897000
-inf -inf 436666667.230000
-inf -inf 437000000.563000
-inf -inf 437333333.896000
-inf -inf 437666667.229000
-inf -inf 438000000.562000
-inf -inf 438333333.895000
-inf -inf 438666667.228000
-inf -inf 439000000.561000
-inf -inf 439333333.894000
-inf -inf 439666667.227000
-inf -inf 440000000.560000
-inf -inf 440333333.893000
-inf -inf 440666667.226000
-inf -inf 441000000.559000
-inf -inf 441333333.892000
-inf -inf 441666667.225000
-inf -inf 442000000.558000
-inf -inf 442333333.891000
-inf -inf 442666667.224000
-inf -inf 443000000.557000
-inf -inf 443333333.890000
-inf -inf 443666667.223000
-inf -inf 444000000.556000
-inf -inf 444333333.889000
-inf -inf 444666667.222000
-inf -inf 445000000.555000
-inf -inf 445333333.888000
-inf -inf 445666667.221000
-inf -inf 446000000.554000
-inf -inf 446333333.887000
-inf -inf 446666667.220000
-inf -inf 447000000.553000
-inf -inf 447333333.886000
-inf -inf 447666667.219000
-inf -inf 448000000.552000
-inf -inf 448333333.885000
-inf -inf 448666667.218000
-inf -inf 449000000.551000
-inf -inf 449333333.884000
-inf -inf 449666667.217000
-inf -inf 450000000.550000
-inf -inf 450333333.883000
-inf -inf 450666667.216000
-inf -inf 451000000.549000
-inf -inf 451333333.882000
-inf -inf 451666667.215000
-inf -inf 452000000.548000
-inf -inf 452333333.881000
-inf -inf 452666667.214000
-inf -inf 453000000.547000
-inf -inf 453333333.880000
-inf -inf 453666667.213000
-inf -inf 454000000.546000
-inf -inf 454333333.879000
-inf -inf 454666667.212000
-inf -inf 455000000.545000
-inf -inf 455333333.878000
-inf -inf 455666667.211000
-inf -inf 456000000.544000
-inf -inf 456333333.877000
-inf -inf 456666667.210000
-inf -inf 457000000.543000
-inf -inf 457333333.876000
-inf -inf 457666667.209000
-inf -inf 458000000.542000
-inf -inf 458333333.875000
-inf -inf 458666667.208000
-inf -inf 459000000.541000
-inf -inf 459333333.874000
-inf -inf 459666667.207000
-inf -inf 460000000.540000
-inf -inf 460333333.873000
-inf -inf 460666667.206000
-inf -inf 461000000.539000
-inf -inf 461333333.872000
-inf -inf 461666667.205000
-inf -inf 462000000.538000
-inf -inf 462333333.871000
-inf -inf 462666667.204000
-inf -inf 463000000.537000
-inf -inf 463333333.870000
-inf -inf 463666667.203000
-inf -inf 464000000.536000
-inf -inf 464333333.869000
-inf -inf 464666667.202000
-inf -inf 465000000.535000
-inf -inf 465333333.868000
-inf -inf 465666667.201000
-inf -inf 466000000.534000
-inf -inf 466333333.867000
-inf -inf 466666667.200000
-inf -inf 467000000.533000
-inf -inf 467333333.866000
-inf -inf 467666667.199000
-inf -inf 468000000.532000
-inf -inf 468333333.865000
-inf -inf 468666667.198000
-inf -inf 469000000.531000
-inf -inf 469333333.864000
-inf -inf 469666667.197000
-inf -inf 470000000.530000
-inf -inf 470333333.863000
-inf -inf 470666667.196000
-inf -inf 471000000.529000
-inf -inf 471333333.862000
-inf -inf 471666667.195000
-inf -inf 472000000.528000
-inf -inf 472333333.861000
-inf -inf 472666667.194000
-inf -inf 473000000.527000
-inf -inf 473333333.860000
-inf -inf 473666667.193000
-inf -inf 474000000.526000
-inf -inf 474333333.859000
-inf -inf 474666667.192000
-inf -inf 475000000.525000
-inf -inf 475333333.858000
-inf -inf 475666667.191000
-inf -inf 476000000.524000
-inf -inf 476333333.857000
-inf -inf 476666667.190000
-inf -inf 477000000.523000
-inf -inf 477333333.856000
-inf -inf 477666667.189000
-inf -inf 478000000.522000
-inf -inf 478333333.855000
-inf -inf 478666667.188000
-inf -inf 479000000.521000
-inf -inf 479333333.854000
-inf -inf 479666667.187000
-inf -inf 480000000.520000
-inf -inf 480333333.853000
-inf -inf 480666667.186000
-inf -inf 481000000.519000
-inf -inf 481333333.852000
-inf -inf 481666667.185000
-inf -inf 482000000.518000
-inf -inf 482333333.851000
-inf -inf 482666667.184000
-inf -inf 483000000.517000
-inf -inf 483333333.850000
-inf -inf 483666667.183000
-inf -inf 484000000.516000
-inf -inf 484333333.849000
-inf -inf 484666667.182000
-inf -inf 485000000.515000
-inf -inf 485333333.848000
-inf -inf 485666667.181000
-inf -inf 486000000.514000
-inf -inf 486333333.847000
-inf -inf 486666667.180000
-inf -inf 487000000.513000
-inf -inf 487333333.846000
-inf -inf 487666667.179000
-inf -inf 488000000.512000
-inf -inf 488333333.845000
-inf -inf 488666667.178000
-inf -inf 489000000.511000
-inf -inf 489333333.844000
-inf -inf 489666667.177000
-inf -inf 490000000.510000
-inf -inf 490333333.843000
-inf -inf 490666667.176000
-inf -inf 491000000.509000
-inf -inf 491333333.842000
-inf -inf 491666667.175000
-inf -inf 492000000.508000
-inf -inf 492333333.841000
-inf -inf 492666667.174000
-inf -inf 493000000.507000
-inf -inf 493333333.840000
-inf -inf 493666667.173000
-inf -inf 494000000.506000
-inf -inf 494333333.839000
-inf -inf 494666667.172000
-inf -inf 495000000.505000
-inf -inf 495333333.838000
-inf -inf 495666667.171000
-inf -inf 496000000.504000
-inf -inf 496333333.837000
-inf -inf 496666667.170000
-inf -inf 497000000.503000
-inf -inf 497333333.836000
-inf -inf 497666667.169000
-inf -inf 498000000.502000
-inf -inf 498333333.835000
-inf -inf 498666667.168000
-inf -inf 499000000.501000
-inf -inf 499333333.834000
-inf -inf 499666667.167000
-inf -inf 500000000.500000
-inf -inf 500333333.833000
-inf -inf 500666667.166000
-inf -inf 501000000.499000
-inf -inf 501333333.832000
-inf -inf 501666667.165000
-inf -inf 502000000.498000
-inf -inf 502333333.831000
-inf -inf 502666667.164000
-inf -inf 503000000.497000
-inf -inf 503333333.830000
-inf -inf 503666667.163000
-inf -inf 504000000.496000
-inf -inf 504333333.829000
-inf -inf 504666667.162000
-inf -inf 505000000.495000
-inf -inf 505333333.828000
-inf -inf 505666667.161000
-inf -inf 506000000.494000
-inf -inf 506333333.827000
-inf -inf 506666667.160000
-inf -inf 507000000.493000
-inf -inf 507333333.826000
-inf -inf 507666667.159000
-inf -inf 508000000.492000
-inf -inf 508333333.825000
-inf -inf 508666667.158000
-inf -inf 509000000.491000
-inf -inf 509333333.824000
-inf -inf 509666667.157000
-inf -inf 510000000.490000
-inf -inf 510333333.823000
-inf -inf 510666667.156000
-inf -inf 511000000.489000
-inf -inf 511333333.822000
-inf -inf 511666667.155000
-inf -inf 512000000.488000
-inf -inf 512333333.821000
-inf -inf 512666667.154000
-inf -inf 513000000.487000
-inf -inf 513333333.820000
-inf -inf 513666667.153000
-inf -inf 514000000.486000
-inf -inf 514333333.819000
-inf -inf 514666667.152000
-inf -inf 515000000.485000
-inf -inf 515333333.818000
-inf -inf 515666667.151000
-inf -inf 516000000.484000
-inf -inf 516333333.817000
-inf -inf 516666667.150000
-inf -inf 517000000.483000
-inf -inf 517333333.816000
-inf -inf 517666667.149000
-inf -inf 518000000.482000
-inf -inf 518333333.815000
-inf -inf 518666667.148000
-inf -inf 519000000.481000
-inf -inf 519333333.814000
-inf -inf 519666667.147000
-inf -inf 520000000.480000
-inf -inf 520333333.813000
-inf -inf 520666667.146000
-inf -inf 521000000.479000
-inf -inf 521333333.812000
-inf -inf 521666667.145000
-inf -inf 522000000.478000
-inf -inf 522333333.811000
-inf -inf 522666667.144000
-inf -inf 523000000.477000
-inf -inf 523333333.810000
-inf -inf 523666667.143000
-inf -inf 524000000.476000
-inf -inf 524333333.809000
-inf -inf 524666667.142000
-inf -inf 525000000.475000
-inf -inf 525333333.808000
-inf -inf 525666667.141000
-inf -inf 526000000.474000
-inf -inf 526333333.807000
-inf -inf 526666667.140000
-inf -inf 527000000.473000
-inf -inf 527333333.806000
-inf -inf 527666667.139000
-inf -inf 528000000.472000
-inf -inf 528333333.805000
-inf -inf 528666667.138000
-inf -inf 529000000.471000
-inf -inf 529333333.804000
-inf -inf 529666667.137000
-inf -inf 530000000.470000
-inf -inf 530333333.803000
-inf -inf 530666667.136000
-inf -inf 531000000.469000
-inf -inf 531333333.802000
-inf -inf 531666667.135000
-inf -inf 532000000.468000
-inf -inf 532333333.801000
-inf -inf 532666667.134000
-inf -inf 533000000.467000
-inf -inf 533333333.800000
-inf -inf 533666667.133000
-inf -inf 534000000.466000
-inf -inf 534333333.799000
-inf -inf 534666667.132000
-inf -inf 535000000.465000
-inf -inf 535333333.798000
-inf -inf 535666667.131000
-inf -inf 536000000.464000
-inf -inf 536333333.797000
-inf -inf 536666667.130000
-inf -inf 537000000.463000
-inf -inf 537333333.796000
-inf -inf 537666667.129000
-inf -inf 538000000.462000
-inf -inf 538333333.795000
-inf -inf 538666667.128000
-inf -inf 539000000.461000
-inf -inf 539333333.794000
-inf -inf 539666667.127000
-inf -inf 540000000.460000
-inf -inf 540333333.793000
-inf -inf 540666667.126000
-inf -inf 541000000.459000
-inf -inf 541333333.792000
-inf -inf 541666667.125000
-inf -inf 542000000.458000
-inf -inf 542333333.791000
-inf -inf 542666667.124000
-inf -inf 543000000.457000
-inf -inf 543333333.790000
-inf -inf 543666667.123000
-inf -inf 544000000.456000
-inf -inf 544333333.789000
-inf -inf 544666667.122000
-inf -inf 545000000.455000
-inf -inf 545333333.788000
-inf -inf 545666667.121000
-inf -inf 546000000.454000
-inf -inf 546333333.787000
-inf -inf 546666667.120000
-inf -inf 547000000.453000
-inf -inf 547333333.786000
-inf -inf 547666667.119000
-inf -inf 548000000.452000
-inf -inf 548333333.785000
-inf -inf 548666667.118000
-inf -inf 549000000.451000
-inf -inf 549333333.784000
-inf -inf 549666667.117000
-inf -inf 550000000.450000
-inf -inf 550333333.783000
-inf -inf 550666667.116000
-inf -inf 551000000.449000
-inf -inf 551333333.782000
-inf -inf 551666667.115000
-inf -inf 552000000.448000
-inf -inf 552333333.781000
-inf -inf 552666667.114000
-inf -inf 553000000.447000
-inf -inf 553333333.780000
-inf -inf 553666667.113000
-inf -inf 554000000.446000
-inf -inf 554333333.779000
-inf -inf 554666667.112000
-inf -inf 555000000.445000
-inf -inf 555333333.778000
-inf -inf 555666667.111000
-inf -inf 556000000.444000
-inf -inf 556333333.777000
-inf -inf 556666667.110000
-inf -inf 557000000.443000
-inf -inf 557333333.776000
-inf -inf 557666667.109000
-inf -inf 558000000.442000
-inf -inf 558333333.775000
-inf -inf 558666667.108000
-inf -inf 559000000.441000
-inf -inf 559333333.774000
-inf -inf 559666667.107000
-inf -inf 560000000.440000
-inf -inf 560333333.773000
-inf -inf 560666667.106000
-inf -inf 561000000.439000
-inf -inf 561333333.772000
-inf -inf 561666667.105000
-inf -inf 562000000.438000
-inf -inf 562333333.771000
-inf -inf 562666667.104000
-inf -inf 563000000.437000
-inf -inf 563333333.770000
-inf -inf 563666667.103000
-inf -inf 564000000.436000
-inf -inf 564333333.769000
-inf -inf 564666667.102000
-inf -inf 565000000.435000
-inf -inf 565333333.768000
-inf -inf 565666667.101000
-inf -inf 566000000.434000
-inf -inf 566333333.767000
-inf -inf 566666667.100000
-inf -inf 567000000.433000
-inf -inf 567333333.766000
-inf -inf 567666667.099000
-inf -inf 568000000.432000
-inf -inf 568333333.765000
-inf -inf 568666667.098000
-inf -inf 569000000.431000
-inf -inf 569333333.764000
-inf -inf 569666667.097000
-inf -inf 570000000.430000
-inf -inf 570333333.763000
-inf -inf 570666667.096000
-inf -inf 571000000.429000
-inf -inf 571333333.762000
-inf -inf 571666667.095000
-inf -inf 572000000.428000
-inf -inf 572333333.761000
-inf -inf 572666667.094000
-inf -inf 573000000.427000
-inf -inf 573333333.760000
-inf -inf 573666667.093000
-inf -inf 574000000.426000
-inf -inf 574333333.759000
-inf -inf 574666667.092000
-inf -inf 575000000.425000
-inf -inf 575333333.758000
-inf -inf 575666667.091000
-inf -inf 576000000.424000
-inf -inf 576333333.757000
-inf -inf 576666667.090000
-inf -inf 577000000.423000
-inf -inf 577333333.756000
-inf -inf 577666667.089000
-inf -inf 578000000.422000
-inf -inf 578333333.755000
-inf -inf 578666667.088000
-inf -inf 579000000.421000
-inf -inf 579333333.754000
-inf -inf 579666667.087000
-inf -inf 580000000.420000
-inf -inf 580333333.753000
-inf -inf 580666667.086000
-inf -inf 581000000.419000
-inf -inf 581333333.752000
-inf -inf 581666667.085000
-inf -inf 582000000.418000
-inf -inf 582333333.751000
-inf -inf 582666667.084000
-inf -inf 583000000.417000
-inf -inf 583333333.750000
-inf -inf 583666667.083000
-inf -inf 584000000.416000
-inf -inf 584333333.749000
-inf -inf 584666667.082000
-inf -inf 585000000.415000
-inf -inf 585333333.748000
-inf -inf 585666667.081000
-inf -inf 586000000.414000
-inf -inf 586333333.747000
-inf -inf 586666667.080000
-inf -inf 587000000.413000
-inf -inf 587333333.746000
-inf -inf 587666667.079000
-inf -inf 588000000.412000
-inf -inf 588333333.745000
-inf -inf 588666667.078000
-inf -inf 589000000.411000
-inf -inf 589333333.744000
-inf -inf 589666667.077000
-inf -inf 590000000.410000
-inf -inf 590333333.743000
-inf -inf 590666667.076000
-inf -inf 591000000.409000
-inf -inf 591333333.742000
-inf -inf 591666667.075000
-inf -inf 592000000.408000
-inf -inf 592333333.741000
-inf -inf 592666667.074000
-inf -inf 593000000.407000
-inf -inf 593333333.740000
-inf -inf 593666667.073000
-inf -inf 594000000.406000
-inf -inf 594333333.739000
-inf -inf 594666667.072000
-inf -inf 595000000.405000
-inf -inf 595333333.738000
-inf -inf 595666667.071000
-inf -inf 596000000.404000
-inf -inf 596333333.737000
-inf -inf 596666667.070000
-inf -inf 597000000.403000
-inf -inf 597333333.736000
-inf -inf 597666667.069000
-inf -inf 598000000.402000
-inf -inf 598333333.735000
-inf -inf 598666667.068000
-inf -inf 599000000.401000
-inf -inf 599333333.734000
-inf -inf 599666667.067000
-inf -inf 600000000.400000
-inf -inf 600333333.733000
-inf -inf 600666667.066000
-inf -inf 601000000.399000
-inf -inf 601333333.732000
-inf -inf 601666667.065000
-inf -inf 602000000.398000
-inf -inf 602333333.731000
-inf -inf 602666667.064000
-inf -inf 603000000.397000
-inf -inf 603333333.730000
-inf -inf 603666667.063000
-inf -inf 604000000.396000
-inf -inf 604333333.729000
-inf -inf 604666667.062000
-inf -inf 605000000.395000
-inf -inf 605333333.728000
-inf -inf 605666667.061000
-inf -inf 606000000.394000
-inf -inf 606333333.727000
-inf -inf 606666667.060000
-inf -inf 607000000.393000
-inf -inf 607333333.726000
-inf -inf 607666667.059000
-inf -inf 608000000.392000
-inf -inf 608333333.725000
-inf -inf 608666667.058000
-inf -inf 609000000.391000
-inf -inf 609333333.724000
-inf -inf 609666667.057000
-inf -inf 610000000.390000
-inf -inf 610333333.723000
-inf -inf 610666667.056000
-inf -inf 611000000.389000
-inf -inf 611333333.722000
-inf -inf 611666667.055000
-inf -inf 612000000.388000
-inf -inf 612333333.721000
-inf -inf 612666667.054000
-inf -inf 613000000.387000
-inf -inf 613333333.720000
-inf -inf 613666667.053000
-inf -inf 614000000.386000
-inf -inf 614333333.719000
-inf -inf 614666667.052000
-inf -inf 615000000.385000
-inf -inf 615333333.718000
-inf -inf 615666667.051000
-inf -inf 616000000.384000
-inf -inf 616333333.717000
-inf -inf 616666667.050000
-inf -inf 617000000.383000
-inf -inf 617333333.716000
-inf -inf 617666667.049000
-inf -inf 618000000.382000
-inf -inf 618333333.715000
-inf -inf 618666667.048000
-inf -inf 619000000.381000
-inf -inf 619333333.714000
-inf -inf 619666667.047000
-inf -inf 620000000.380000
-inf -inf 620333333.713000
-inf -inf 620666667.046000
-inf -inf 621000000.379000
-inf -inf 621333333.712000
-inf -inf 621666667.045000
-inf -inf 622000000.378000
-inf -inf 622333333.711000
-inf -inf 622666667.044000
-inf -inf 623000000.377000
-inf -inf 623333333.710000
-inf -inf 623666667.043000
-inf -inf 624000000.376000
-inf -inf 624333333.709000
-inf -inf 624666667.042000
-inf -inf 625000000.375000
-inf -inf 625333333.708000
-inf -inf 625666667.041000
-inf -inf 626000000.374000
-inf -inf 626333333.707000
-inf -inf 626666667.040000
-inf -inf 627000000.373000
-inf -inf 627333333.706000
-inf -inf 627666667.039000
-inf -inf 628000000.372000
-inf -inf 628333333.705000
-inf -inf 628666667.038000
-inf -inf 629000000.371000
-inf -inf 629333333.704000
-inf -inf 629666667.037000
-inf -inf 630000000.370000
-inf -inf 630333333.703000
-inf -inf 630666667.036000
-inf -inf 631000000.369000
-inf -inf 631333333.702000
-inf -inf 631666667.035000
-inf -inf 632000000.368000
-inf -inf 632333333.701000
-inf -inf 632666667.034000
-inf -inf 633000000.367000
-inf -inf 633333333.700000
-inf -inf 633666667.033000
-inf -inf 634000000.366000
-inf -inf 634333333.699000
-inf -inf 634666667.032000
-inf -inf 635000000.365000
-inf -inf 635333333.698000
-inf -inf 635666667.031000
-inf -inf 636000000.364000
-inf -inf 636333333.697000
-inf -inf 636666667.030000
-inf -inf 637000000.363000
-inf -inf 637333333.696000
-inf -inf 637666667.029000
-inf -inf 638000000.362000
-inf -inf 638333333.695000
-inf -inf 638666667.028000
-inf -inf 639000000.361000
-inf -inf 639333333.694000
-inf -inf 639666667.027000
-inf -inf 640000000.360000
-inf -inf 640333333.693000
-inf -inf 640666667.026000
-inf -inf 641000000.359000
-inf -inf 641333333.692000
-inf -inf 641666667.025000
-inf -inf 642000000.358000
-inf -inf 642333333.691000
-inf -inf 642666667.024000
-inf -inf 643000000.357000
-inf -inf 643333333.690000
-inf -inf 643666667.023000
-inf -inf 644000000.356000
-inf -inf 644333333.689000
-inf -inf 644666667.022000
-inf -inf 645000000.355000
-inf -inf 645333333.688000
-inf -inf 645666667.021000
-inf -inf 646000000.354000
-inf -inf 646333333.687000
-inf -inf 646666667.020000
-inf -inf 647000000.353000
-inf -inf 647333333.686000
-inf -inf 647666667.019000
-inf -inf 648000000.352000
-inf -inf 648333333.685000
-inf -inf 648666667.018000
-inf -inf 649000000.351000
-inf -inf 649333333.684000
-inf -inf 649666667.017000
-inf -inf 650000000.350000
-inf -inf 650333333.683000
-inf -inf 650666667.016000
-inf -inf 651000000.349000
-inf -inf 651333333.682000
-inf -inf 651666667.015000
-inf -inf 652000000.348000
-inf -inf 652333333.681000
-inf -inf 652666667.014000
-inf -inf 653000000.347000
-inf -inf 653333333.680000
-inf -inf 653666667.013000
-inf -inf 654000000.346000
-inf -inf 654333333.679000
-inf -inf 654666667.012000
-inf -inf 655000000.345000
-inf -inf 655333333.678000
-inf -inf 655666667.011000
-inf -inf 656000000.344000
-inf -inf 656333333.677000
-inf -inf 656666667.010000
-inf -inf 657000000.343000
-inf -inf 657333333.676000
-inf -inf 657666667.009000
-inf -inf 658000000.342000
-inf -inf 658333333.675000
-inf -inf 658666667.008000
-inf -inf 659000000.341000
-inf -inf 659333333.674000
-inf -inf 659666667.007000
-inf -inf 660000000.340000
-inf -inf 660333333.673000
-inf -inf 660666667.006000
-inf -inf 661000000.339000
-inf -inf 661333333.672000
-inf -inf 661666667.005000
-inf -inf 662000000.338000
-inf -inf 662333333.671000
-inf -inf 662666667.004000
-inf -inf 663000000.337000
-inf -inf 663333333.670000
-inf -inf 663666667.003000
-inf -inf 664000000.336000
-inf -inf 664333333.669000
-inf -inf 664666667.002000
-inf -inf 665000000.335000
-inf -inf 665333333.668000
-inf -inf 665666667.001000
-inf -inf 666000000.334000
-inf -inf 666333333.667000
-inf -inf 666666667.000000
-inf -inf 667000000.333000
-inf -inf 667333333.666000
-inf -inf 667666666.999000
-inf -inf 668000000.332000
-inf -inf 668333333.665000
-inf -inf 668666666.998000
-inf -inf 669000000.331000
-inf -inf 669333333.664000
-inf -inf 669666666.997000
-inf -inf 670000000.330000
-inf -inf 670333333.663000
-inf -inf 670666666.996000
-inf -inf 671000000.329000
-inf -inf 671333333.662000
-inf -inf 671666666.995000
-inf -inf 672000000.328000
-inf -inf 672333333.661000
-inf -inf 672666666.994000
-inf -inf 673000000.327000
-inf -inf 673333333.660000
-inf -inf 673666666.993000
-inf -inf 674000000.326000
-inf -inf 674333333.659000
-inf -inf 674666666.992000
-inf -inf 675000000.325000
-inf -inf 675333333.658000
-inf -inf 675666666.991000
-inf -inf 676000000.324000
-inf -inf 676333333.657000
-inf -inf 676666666.990000
-inf -inf 677000000.323000
-inf -inf 677333333.656000
-inf -inf 677666666.989000
-inf -inf 678000000.322000
-inf -inf 678333333.655000
-inf -inf 678666666.988000
-inf -inf 679000000.321000
-inf -inf 679333333.654000
-inf -inf 679666666.987000
-inf -inf 680000000.320000
-inf -inf 680333333.653000
-inf -inf 680666666.986000
-inf -inf 681000000.319000
-inf -inf 681333333.652000
-inf -inf 681666666.985000
-inf -inf 682000000.318000
-inf -inf 682333333.651000
-inf -inf 682666666.984000
-inf -inf 683000000.317000
-inf -inf 683333333.650000
-inf -inf 683666666.983000
-inf -inf 684000000.316000
-inf -inf 684333333.649000
-inf -inf 684666666.982000
-inf -inf 685000000.315000
-inf -inf 685333333.648000
-inf -inf 685666666.981000
-inf -inf 686000000.314000
-inf -inf 686333333.647000
-inf -inf 686666666.980000
-inf -inf 687000000.313000
-inf -inf 687333333.646000
-inf -inf 687666666.979000
-inf -inf 688000000.312000
-inf -inf 688333333.645000
-inf -inf 688666666.978000
-inf -inf 689000000.311000
-inf -inf 689333333.644000
-inf -inf 689666666.977000
-inf -inf 690000000.310000
-inf -inf 690333333.643000
-inf -inf 690666666.976000
-inf -inf 691000000.309000
-inf -inf 691333333.642000
-inf -inf 691666666.975000
-inf -inf 692000000.308000
-inf -inf 692333333.641000
-inf -inf 692666666.974000
-inf -inf 693000000.307000
-inf -inf 693333333.640000
-inf -inf 693666666.973000
-inf -inf 694000000.306000
-inf -inf 694333333.639000
-inf -inf 694666666.972000
-inf -inf 695000000.305000
-inf -inf 695333333.638000
-inf -inf 695666666.971000
-inf -inf 696000000.304000
-inf -inf 696333333.637000
-inf -inf 696666666.970000
-inf -inf 697000000.303000
-inf -inf 697333333.636000
-inf -inf 697666666.969000
-inf -inf 698000000.302000
-inf -inf 698333333.635000
-inf -inf 698666666.968000
-inf -inf 699000000.301000
-inf -inf 699333333.634000
-inf -inf 699666666.967000
-inf -inf 700000000.300000
-inf -inf 700333333.633000
-inf -inf 700666666.966000
-inf -inf 701000000.299000
-inf -inf 701333333.632000
-inf -inf 701666666.965000
-inf -inf 702000000.298000
-inf -inf 702333333.631000
-inf -inf 702666666.964000
-inf -inf 703000000.297000
-inf -inf 703333333.630000
-inf -inf 703666666.963000
-inf -inf 704000000.296000
-inf -inf 704333333.629000
-inf -inf 704666666.962000
-inf -inf 705000000.295000
-inf -inf 705333333.628000
-inf -inf 705666666.961000
-inf -inf 706000000.294000
-inf -inf 706333333.627000
-inf -inf 706666666.960000
-inf -inf 707000000.293000
-inf -inf 707333333.626000
-inf -inf 707666666.959000
-inf -inf 708000000.292000
-inf -inf 708333333.625000
-inf -inf 708666666.958000
-inf -inf 709000000.291000
-inf -inf 709333333.624000
-inf -inf 709666666.957000
-inf -inf 710000000.290000
-inf -inf 710333333.623000
-inf -inf 710666666.956000
-inf -inf 711000000.289000
-inf -inf 711333333.622000
-inf -inf 711666666.955000
-inf -inf 712000000.288000
-inf -inf 712333333.621000
-inf -inf 712666666.954000
-inf -inf 713000000.287000
-inf -inf 713333333.620000
-inf -inf 713666666.953000
-inf -inf 714000000.286000
-inf -inf 714333333.619000
-inf -inf 714666666.952000
-inf -inf 715000000.285000
-inf -inf 715333333.618000
-inf -inf 715666666.951000
-inf -inf 716000000.284000
-inf -inf 716333333.617000
-inf -inf 716666666.950000
-inf -inf 717000000.283000
-inf -inf 717333333.616000
-inf -inf 717666666.949000
-inf -inf 718000000.282000
-inf -inf 718333333.615000
-inf -inf 718666666.948000
-inf -inf 719000000.281000
-inf -inf 719333333.614000
-inf -inf 719666666.947000
-inf -inf 720000000.280000
-inf -inf 720333333.613000
-inf -inf 720666666.946000
-inf -inf 721000000.279000
-inf -inf 721333333.612000
-inf -inf 721666666.945000
-inf -inf 722000000.278000
-inf -inf 722333333.611000
-inf -inf 722666666.944000
-inf -inf 723000000.277000
-inf -inf 723333333.610000
-inf -inf 723666666.943000
-inf -inf 724000000.276000
-inf -inf 724333333.609000
-inf -inf 724666666.942000
-inf -inf 725000000.275000
-inf -inf 725333333.608000
-inf -inf 725666666.941000
-inf -inf 726000000.274000
-inf -inf 726333333.607000
-inf -inf 726666666.940000
-inf -inf 727000000.273000
-inf -inf 727333333.606000
-inf -inf 727666666.939000
-inf -inf 728000000.272000
-inf -inf 728333333.605000
-inf -inf 728666666.938000
-inf -inf 729000000.271000
-inf -inf 729333333.604000
-inf -inf 729666666.937000
-inf -inf 730000000.270000
-inf -inf 730333333.603000
-inf -inf 730666666.936000
-inf -inf 731000000.269000
-inf -inf 731333333.602000
-inf -inf 731666666.935000
-inf -inf 732000000.268000
-inf -inf 732333333.601000
-inf -inf 732666666.934000
-inf -inf 733000000.267000
-inf -inf 733333333.600000
-inf -inf 733666666.933000
-inf -inf 734000000.266000
-inf -inf 734333333.599000
-inf -inf 734666666.932000
-inf -inf 735000000.265000
-inf -inf 735333333.598000
-inf -inf 735666666.931000
-inf -inf 736000000.264000
-inf -inf 736333333.597000
-inf -inf 736666666.930000
-inf -inf 737000000.263000
-inf -inf 737333333.596000
-inf -inf 737666666.929000
-inf -inf 738000000.262000
-inf -inf 738333333.595000
-inf -inf 738666666.928000
-inf -inf 739000000.261000
-inf -inf 739333333.594000
-inf -inf 739666666.927000
-inf -inf 740000000.260000
-inf -inf 740333333.593000
-inf -inf 740666666.926000
-inf -inf 741000000.259000
-inf -inf 741333333.592000
-inf -inf 741666666.925000
-inf -inf 742000000.258000
-inf -inf 742333333.591000
-inf -inf 742666666.924000
-inf -inf 743000000.257000
-inf -inf 743333333.590000
-inf -inf 743666666.923000
-inf -inf 744000000.256000
-inf -inf 744333333.589000
-inf -inf 744666666.922000
-inf -inf 745000000.255000
-inf -inf 745333333.588000
-inf -inf 745666666.921000
-inf -inf 746000000.254000
-inf -inf 746333333.587000
-inf -inf 746666666.920000
-inf -inf 747000000.253000
-inf -inf 747333333.586000
-inf -inf 747666666.919000
-inf -inf 748000000.252000
-inf -inf 748333333.585000
-inf -inf 748666666.918000
-inf -inf 749000000.251000
-inf -inf 749333333.584000
-inf -inf 749666666.917000
-inf -inf 750000000.250000
-inf -inf 750333333.583000
-inf -inf 750666666.916000
-inf -inf 751000000.249000
-inf -inf 751333333.582000
-inf -inf 751666666.915000
-inf -inf 752000000.248000
-inf -inf 752333333.581000
-inf -inf 752666666.914000
-inf -inf 753000000.247000
-inf -inf 753333333.580000
-inf -inf 753666666.913000
-inf -inf 754000000.246000
-inf -inf 754333333.579000
-inf -inf 754666666.912000
-inf -inf 755000000.245000
-inf -inf 755333333.578000
-inf -inf 755666666.911000
-inf -inf 756000000.244000
-inf -inf 756333333.577000
-inf -inf 756666666.910000
-inf -inf 757000000.243000
-inf -inf 757333333.576000
-inf -inf 757666666.909000
-inf -inf 758000000.242000
-inf -inf 758333333.575000
-inf -inf 758666666.908000
-inf -inf 759000000.241000
-inf -inf 759333333.574000
-inf -inf 759666666.907000
-inf -inf 760000000.240000
-inf -inf 760333333.573000
-inf -inf 760666666.906000
-inf -inf 761000000.239000
-inf -inf 761333333.572000
-inf -inf 761666666.905000
-inf -inf 762000000.238000
-inf -inf 762333333.571000
-inf -inf 762666666.904000
-inf -inf 763000000.237000
-inf -inf 763333333.570000
-inf -inf 763666666.903000
-inf -inf 764000000.236000
-inf -inf 764333333.569000
-inf -inf 764666666.902000
-inf -inf 765000000.235000
-inf -inf 765333333.568000
-inf -inf 765666666.901000
-inf -inf 766000000.234000
-inf -inf 766333333.567000
-inf -inf 766666666.900000
-inf -inf 767000000.233000
-inf -inf 767333333.566000
-inf -inf 767666666.899000
-inf -inf 768000000.232000
-inf -inf 768333333.565000
-inf -inf 768666666.898000
-inf -inf 769000000.231000
-inf -inf 769333333.564000
-inf -inf 769666666.897000
-inf -inf 770000000.230000
-inf -inf 770333333.563000
-inf -inf 770666666.896000
-inf -inf 771000000.229000
-inf -inf 771333333.562000
-inf -inf 771666666.895000
-inf -inf 772000000.228000
-inf -inf 772333333.561000
-inf -inf 772666666.894000
-inf -inf 773000000.227000
-inf -inf 773333333.560000
-inf -inf 773666666.893000
-inf -inf 774000000.226000
-inf -inf 774333333.559000
-inf -inf 774666666.892000
-inf -inf 775000000.225000
-inf -inf 775333333.558000
-inf -inf 775666666.891000
-inf -inf 776000000.224000
-inf -inf 776333333.557000
-inf -inf 776666666.890000
-inf -inf 777000000.223000
-inf -inf 777333333.556000
-inf -inf 777666666.889000
-inf -inf 778000000.222000
-inf -inf 778333333.555000
-inf -inf 778666666.888000
-inf -inf 779000000.221000
-inf -inf 779333333.554000
-inf -inf 779666666.887000
-inf -inf 780000000.220000
-inf -inf 780333333.553000
-inf -inf 780666666.886000
-inf -inf 781000000.219000
-inf -inf 781333333.552000
-inf -inf 781666666.885000
-inf -inf 782000000.218000
-inf -inf 782333333.551000
-inf -inf 782666666.884000
-inf -inf 783000000.217000
-inf -inf 783333333.550000
-inf -inf 783666666.883000
-inf -inf 784000000.216000
-inf -inf 784333333.549000
-inf -inf 784666666.882000
-inf -inf 785000000.215000
-inf -inf 785333333.548000
-inf -inf 785666666.881000
-inf -inf 786000000.214000
-inf -inf 786333333.547000
-inf -inf 786666666.880000
-inf -inf 787000000.213000
-inf -inf 787333333.546000
-inf -inf 787666666.879000
-inf -inf 788000000.212000
-inf -inf 788333333.545000
-inf -inf 788666666.878000
-inf -inf 789000000.211000
-inf -inf 789333333.544000
-inf -inf 789666666.877000
-inf -inf 790000000.210000
-inf -inf 790333333.543000
-inf -inf 790666666.876000
-inf -inf 791000000.209000
-inf -inf 791333333.542000
-inf -inf 791666666.875000
-inf -inf 792000000.208000
-inf -inf 792333333.541000
-inf -inf 792666666.874000
-inf -inf 793000000.207000
-inf -inf 793333333.540000
-inf -inf 793666666.873000
-inf -inf 794000000.206000
-inf -inf 794333333.539000
-inf -inf 794666666.872000
-inf -inf 795000000.205000
-inf -inf 795333333.538000
-inf -inf 795666666.871000
-inf -inf 796000000.204000
-inf -inf 796333333.537000
-inf -inf 796666666.870000
-inf -inf 797000000.203000
-inf -inf 797333333.536000
-inf -inf 797666666.869000
-inf -inf 798000000.202000
-inf -inf 798333333.535000
-inf -inf 798666666.868000
-inf -inf 799000000.201000
-inf -inf 799333333.534000
-inf -inf 799666666.867000
-inf -inf 800000000.200000
-inf -inf 800333333.533000
-inf -inf 800666666.866000
-inf -inf 801000000.199000
-inf -inf 801333333.532000
-inf -inf 801666666.865000
-inf -inf 802000000.198000
-inf -inf 802333333.531000
-inf -inf 802666666.864000
-inf -inf 803000000.197000
-inf -inf 803333333.530000
-inf -inf 803666666.863000
-inf -inf 804000000.196000
-inf -inf 804333333.529000
-inf -inf 804666666.862000
-inf -inf 805000000.195000
-inf -inf 805333333.528000
-inf -inf 805666666.861000
-inf -inf 806000000.194000
-inf -inf 806333333.527000
-inf -inf 806666666.860000
-inf -inf 807000000.193000
-inf -inf 807333333.526000
-inf -inf 807666666.859000
-inf -inf 808000000.192000
-inf -inf 808333333.525000
-inf -inf 808666666.858000
-inf -inf 809000000.191000
-inf -inf 809333333.524000
-inf -inf 809666666.857000
-inf -inf 810000000.190000
-inf -inf 810333333.523000
-inf -inf 810666666.856000
-inf -inf 811000000.189000
-inf -inf 811333333.522000
-inf -inf 811666666.855000
-inf -inf 812000000.188000
-inf -inf 812333333.521000
-inf -inf 812666666.854000
-inf -inf 813000000.187000
-inf -inf 813333333.520000
-inf -inf 813666666.853000
-inf -inf 814000000.186000
-inf -inf 814333333.519000
-inf -inf 814666666.852000
-inf -inf 815000000.185000
-inf -inf 815333333.518000
-inf -inf 815666666.851000
-inf -inf 816000000.184000
-inf -inf 816333333.517000
-inf -inf 816666666.850000
-inf -inf 817000000.183000
-inf -inf 817333333.516000
-inf -inf 817666666.849000
-inf -inf 818000000.182000
-inf -inf 818333333.515000
-inf -inf 818666666.848000
-inf -inf 819000000.181000
-inf -inf 819333333.514000
-inf -inf 819666666.847000
-inf -inf 820000000.180000
-inf -inf 820333333.513000
-inf -inf 820666666.846000
-inf -inf 821000000.179000
-inf -inf 821333333.512000
-inf -inf 821666666.845000
-inf -inf 822000000.178000
-inf -inf 822333333.511000
-inf -inf 822666666.844000
-inf -inf 823000000.177000
-inf -inf 823333333.510000
-inf -inf 823666666.843000
-inf -inf 824000000.176000
-inf -inf 824333333.509000
-inf -inf 824666666.842000
-inf -inf 825000000.175000
-inf -inf 825333333.508000
-inf -inf 825666666.841000
-inf -inf 826000000.174000
-inf -inf 826333333.507000
-inf -inf 826666666.840000
-inf -inf 827000000.173000
-inf -inf 827333333.506000
-inf -inf 827666666.839000
-inf -inf 828000000.172000
-inf -inf 828333333.505000
-inf -inf 828666666.838000
-inf -inf 829000000.171000
-inf -inf 829333333.504000
-inf -inf 829666666.837000
-inf -inf 830000000.170000
-inf -inf 830333333.503000
-inf -inf 830666666.836000
-inf -inf 831000000.169000
-inf -inf 831333333.502000
-inf -inf 831666666.835000
-inf -inf 832000000.168000
-inf -inf 832333333.501000
-inf -inf 832666666.834000
-inf -inf 833000000.167000
-inf -inf 833333333.500000
-inf -inf 833666666.833000
-inf -inf 834000000.166000
-inf -inf 834333333.499000
-inf -inf 834666666.832000
-inf -inf 835000000.165000
-inf -inf 835333333.498000
-inf -inf 835666666.831000
-inf -inf 836000000.164000
-inf -inf 836333333.497000
-inf -inf 836666666.830000
-inf -inf 837000000.163000
-inf -inf 837333333.496000
-inf -inf 837666666.829000
-inf -inf 838000000.162000
-inf -inf 838333333.495000
-inf -inf 838666666.828000
-inf -inf 839000000.161000
-inf -inf 839333333.494000
-inf -inf 839666666.827000
-inf -inf 840000000.160000
-inf -inf 840333333.493000
-inf -inf 840666666.826000
-inf -inf 841000000.159000
-inf -inf 841333333.492000
-inf -inf 841666666.825000
-inf -inf 842000000.158000
-inf -inf 842333333.491000
-inf -inf 842666666.824000
-inf -inf 843000000.157000
-inf -inf 843333333.490000
-inf -inf 843666666.823000
-inf -inf 844000000.156000
-inf -inf 844333333.489000
-inf -inf 844666666.822000
-inf -inf 845000000.155000
-inf -inf 845333333.488000
-inf -inf 845666666.821000
-inf -inf 846000000.154000
-inf -inf 846333333.487000
-inf -inf 846666666.820000
-inf -inf 847000000.153000
-inf -inf 847333333.486000
-inf -inf 847666666.819000
-inf -inf 848000000.152000
-inf -inf 848333333.485000
-inf -inf 848666666.818000
-inf -inf 849000000.151000
-inf -inf 849333333.484000
-inf -inf 849666666.817000
-inf -inf 850000000.150000
-inf -inf 850333333.483000
-inf -inf 850666666.816000
-inf -inf 851000000.149000
-inf -inf 851333333.482000
-inf -inf 851666666.815000
-inf -inf 852000000.148000
-inf -inf 852333333.481000
-inf -inf 852666666.814000
-inf -inf 853000000.147000
-inf -inf 853333333.480000
-inf -inf 853666666.813000
-inf -inf 854000000.146000
-inf -inf 854333333.479000
-inf -inf 854666666.812000
-inf -inf 855000000.145000
-inf -inf 855333333.478000
-inf -inf 855666666.811000
-inf -inf 856000000.144000
-inf -inf 856333333.477000
-inf -inf 856666666.810000
-inf -inf 857000000.143000
-inf -inf 857333333.476000
-inf -inf 857666666.809000
-inf -inf 858000000.142000
-inf -inf 858333333.475000
-inf -inf 858666666.808000
-inf -inf 859000000.141000
-inf -inf 859333333.474000
-inf -inf 859666666.807000
-inf -inf 860000000.140000
-inf -inf 860333333.473000
-inf -inf 860666666.806000
-inf -inf 861000000.139000
-inf -inf 861333333.472000
-inf -inf 861666666.805000
-inf -inf 862000000.138000
-inf -inf 862333333.471000
-inf -inf 862666666.804000
-inf -inf 863000000.137000
-inf -inf 863333333.470000
-inf -inf 863666666.803000
-inf -inf 864000000.136000
-inf -inf 864333333.469000
-inf -inf 864666666.802000
-inf -inf 865000000.135000
-inf -inf 865333333.468000
-inf -inf 865666666.801000
-inf -inf 866000000.134000
-inf -inf 866333333.467000
-inf -inf 866666666.800000
-inf -inf 867000000.133000
-inf -inf 867333333.466000
-inf -inf 867666666.799000
-inf -inf 868000000.132000
-inf -inf 868333333.465000
-inf -inf 868666666.798000
-inf -inf 869000000.131000
-inf -inf 869333333.464000
-inf -inf 869666666.797000
-inf -inf 870000000.130000
-inf -inf 870333333.463000
-inf -inf 870666666.796000
-inf -inf 871000000.129000
-inf -inf 871333333.462000
-inf -inf 871666666.795000
-inf -inf 872000000.128000
-inf -inf 872333333.461000
-inf -inf 872666666.794000
-inf -inf 873000000.127000
-inf -inf 873333333.460000
-inf -inf 873666666.793000
-inf -inf 874000000.126000
-inf -inf 874333333.459000
-inf -inf 874666666.792000
-inf -inf 875000000.125000
-inf -inf 875333333.458000
-inf -inf 875666666.791000
-inf -inf 876000000.124000
-inf -inf 876333333.457000
-inf -inf 876666666.790000
-inf -inf 877000000.123000
-inf -inf 877333333.456000
-inf -inf 877666666.789000
-inf -inf 878000000.122000
-inf -inf 878333333.455000
-inf -inf 878666666.788000
-inf -inf 879000000.121000
-inf -inf 879333333.454000
-inf -inf 879666666.787000
-inf -inf 880000000.120000
-inf -inf 880333333.453000
-inf -inf 880666666.786000
-inf -inf 881000000.119000
-inf -inf 881333333.452000
-inf -inf 881666666.785000
-inf -inf 882000000.118000
-inf -inf 882333333.451000
-inf -inf 882666666.784000
-inf -inf 883000000.117000
-inf -inf 883333333.450000
-inf -inf 883666666.783000
-inf -inf 884000000.116000
-inf -inf 884333333.449000
-inf -inf 884666666.782000
-inf -inf 885000000.115000
-inf -inf 885333333.448000
-inf -inf 885666666.781000
-inf -inf 886000000.114000
-inf -inf 886333333.447000
-inf -inf 886666666.780000
-inf -inf 887000000.113000
-inf -inf 887333333.446000
-inf -inf 887666666.779000
-inf -inf 888000000.112000
-inf -inf 888333333.445000
-inf -inf 888666666.778000
-inf -inf 889000000.111000
-inf -inf 889333333.444000
-inf -inf 889666666.777000
-inf -inf 890000000.110000
-inf -inf 890333333.443000
-inf -inf 890666666.776000
-inf -inf 891000000.109000
-inf -inf 891333333.442000
-inf -inf 891666666.775000
-inf -inf 892000000.108000
-inf -inf 892333333.441000
-inf -inf 892666666.774000
-inf -inf 893000000.107000
-inf -inf 893333333.440000
-inf -inf 893666666.773000
-inf -inf 894000000.106000
-inf -inf 894333333.439000
-inf -inf 894666666.772000
-inf -inf 895000000.105000
-inf -inf 895333333.438000
-inf -inf 895666666.771000
-inf -inf 896000000.104000
-inf -inf 896333333.437000
-inf -inf 896666666.770000
-inf -inf 897000000.103000
-inf -inf 897333333.436000
-inf -inf 897666666.769000
-inf -inf 898000000.102000
-inf -inf 898333333.435000
-inf -inf 898666666.768000
-inf -inf 899000000.101000
-inf -inf 899333333.434000
-inf -inf 899666666.767000
-inf -inf 900000000.100000
-inf -inf 900333333.433000
-inf -inf 900666666.766000
-inf -inf 901000000.099000
-inf -inf 901333333.432000
-inf -inf 901666666.765000
-inf -inf 902000000.098000
-inf -inf 902333333.431000
-inf -inf 902666666.764000
-inf -inf 903000000.097000
-inf -inf 903333333.430000
-inf -inf 903666666.763000
-inf -inf 904000000.096000
-inf -inf 904333333.429000
-inf -inf 904666666.762000
-inf -inf 905000000.095000
-inf -inf 905333333.428000
-inf -inf 905666666.761000
-inf -inf 906000000.094000
-inf -inf 906333333.427000
-inf -inf 906666666.760000
-inf -inf 907000000.093000
-inf -inf 907333333.426000
-inf -inf 907666666.759000
-inf -inf 908000000.092000
-inf -inf 908333333.425000
-inf -inf 908666666.758000
-inf -inf 909000000.091000
-inf -inf 909333333.424000
-inf -inf 909666666.757000
-inf -inf 910000000.090000
-inf -inf 910333333.423000
-inf -inf 910666666.756000
-inf -inf 911000000.089000
-inf -inf 911333333.422000
-inf -inf 911666666.755000
-inf -inf 912000000.088000
-inf -inf 912333333.421000
-inf -inf 912666666.754000
-inf -inf 913000000.087000
-inf -inf 913333333.420000
-inf -inf 913666666.753000
-inf -inf 914000000.086000
-inf -inf 914333333.419000
-inf -inf 914666666.752000
-inf -inf 915000000.085000
-inf -inf 915333333.418000
-inf -inf 915666666.751000
-inf -inf 916000000.084000
-inf -inf 916333333.417000
-inf -inf 916666666.750000
-inf -inf 917000000.083000
-inf -inf 917333333.416000
-inf -inf 917666666.749000
-inf -inf 918000000.082000
-inf -inf 918333333.415000
-inf -inf 918666666.748000
-inf -inf 919000000.081000
-inf -inf 919333333.414000
-inf -inf 919666666.747000
-inf -inf 920000000.080000
-inf -inf 920333333.413000
-inf -inf 920666666.746000
-inf -inf 921000000.079000
-inf -inf 921333333.412000
-inf -inf 921666666.745000
-inf -inf 922000000.078000
-inf -inf 922333333.411000
-inf -inf 922666666.744000
-inf -inf 923000000.077000
-inf -inf 923333333.410000
-inf -inf 923666666.743000
-inf -inf 924000000.076000
-inf -inf 924333333.409000
-inf -inf 924666666.742000
-inf -inf 925000000.075000
-inf -inf 925333333.408000
-inf -inf 925666666.741000
-inf -inf 926000000.074000
-inf -inf 926333333.407000
-inf -inf 926666666.740000
-inf -inf 927000000.073000
-inf -inf 927333333.406000
-inf -inf 927666666.739000
-inf -inf 928000000.072000
-inf -inf 928333333.405000
-inf -inf 928666666.738000
-inf -inf 929000000.071000
-inf -inf 929333333.404000
-inf -inf 929666666.737000
-inf -inf 930000000.070000
-inf -inf 930333333.403000
-inf -inf 930666666.736000
-inf -inf 931000000.069000
-inf -inf 931333333.402000
-inf -inf 931666666.735000
-inf -inf 932000000.068000
-inf -inf 932333333.401000
-inf -inf 932666666.734000
-inf -inf 933000000.067000
-inf -inf 933333333.400000
-inf -inf 933666666.733000
-inf -inf 934000000.066000
-inf -inf 934333333.399000
-inf -inf 934666666.732000
-inf -inf 935000000.065000
-inf -inf 935333333.398000
-inf -inf 935666666.731000
-inf -inf 936000000.064000
-inf -inf 936333333.397000
-inf -inf 936666666.730000
-inf -inf 937000000.063000
-inf -inf 937333333.396000
-inf -inf 937666666.729000
-inf -inf 938000000.062000
-inf -inf 938333333.395000
-inf -inf 938666666.728000
-inf -inf 939000000.061000
-inf -inf 939333333.394000
-inf -inf 939666666.727000
-inf -inf 940000000.060000
-inf -inf 940333333.393000
-inf -inf 940666666.726000
-inf -inf 941000000.059000
-inf -inf 941333333.392000
-inf -inf 941666666.725000
-inf -inf 942000000.058000
-inf -inf 942333333.391000
-inf -inf 942666666.724000
-inf -inf 943000000.057000
-inf -inf 943333333.390000
-inf -inf 943666666.723000
-inf -inf 944000000.056000
-inf -inf 944333333.389000
-inf -inf 944666666.722000
-inf -inf 945000000.055000
-inf -inf 945333333.388000
-inf -inf 945666666.721000
-inf -inf 946000000.054000
-inf -inf 946333333.387000
-inf -inf 946666666.720000
-inf -inf 947000000.053000
-inf -inf 947333333.386000
-inf -inf 947666666.719000
-inf -inf 948000000.052000
-inf -inf 948333333.385000
-inf -inf 948666666.718000
-inf -inf 949000000.051000
-inf -inf 949333333.384000
-inf -inf 949666666.717000
-inf -inf 950000000.050000
-inf -inf 950333333.383000
-inf -inf 950666666.716000
-inf -inf 951000000.049000
-inf -inf 951333333.382000
-inf -inf 951666666.715000
-inf -inf 952000000.048000
-inf -inf 952333333.381000
-inf -inf 952666666.714000
-inf -inf 953000000.047000
-inf -inf 953333333.380000
-inf -inf 953666666.713000
-inf -inf 954000000.046000
-inf -inf 954333333.379000
-inf -inf 954666666.712000
-inf -inf 955000000.045000
-inf -inf 955333333.378000
-inf -inf 955666666.711000
-inf -inf 956000000.044000
-inf -inf 956333333.377000
-inf -inf 956666666.710000
-inf -inf 957000000.043000
-inf -inf 957333333.376000
-inf -inf 957666666.709000
-inf -inf 958000000.042000
-inf -inf 958333333.375000
-inf -inf 958666666.708000
-inf -inf 959000000.041000
-inf -inf 959333333.374000
-inf -inf 959666666.707000
-inf -inf 960000000.040000
-inf -inf 960333333.373000
-inf -inf 960666666.706000
-inf -inf 961000000.039000
-inf -inf 961333333.372000
-inf -inf 961666666.705000
-inf -inf 962000000.038000
-inf -inf 962333333.371000
-inf -inf 962666666.704000
-inf -inf 963000000.037000
-inf -inf 963333333.370000
-inf -inf 963666666.703000
-inf -inf 964000000.036000
-inf -inf 964333333.369000
-inf -inf 964666666.702000
-inf -inf 965000000.035000
-inf -inf 965333333.368000
-inf -inf 965666666.701000
-inf -inf 966000000.034000
-inf -inf 966333333.367000
-inf -inf 966666666.700000
-inf -inf 967000000.033000
-inf -inf 967333333.366000
-inf -inf 967666666.699000
-inf -inf 968000000.032000
-inf -inf 968333333.365000
-inf -inf 968666666.698000
-inf -inf 969000000.031000
-inf -inf 969333333.364000
-inf -inf 969666666.697000
-inf -inf 970000000.030000
-inf -inf 970333333.363000
-inf -inf 970666666.696000
-inf -inf 971000000.029000
-inf -inf 971333333.362000
-inf -inf 971666666.695000
-inf -inf 972000000.028000
-inf -inf 972333333.361000
-inf -inf 972666666.694000
-inf -inf 973000000.027000
-inf -inf 973333333.360000
-inf -inf 973666666.693000
-inf -inf 974000000.026000
-inf -inf 974333333.359000
-inf -inf 974666666.692000
-inf -inf 975000000.025000
-inf -inf 975333333.358000
-inf -inf 975666666.691000
-inf -inf 976000000.024000
-inf -inf 976333333.357000
-inf -inf 976666666.690000
-inf -inf 977000000.023000
-inf -inf 977333333.356000
-inf -inf 977666666.689000
-inf -inf 978000000.022000
-inf -inf 978333333.355000
-inf -inf 978666666.688000
-inf -inf 979000000.021000
-inf -inf 979333333.354000
-inf -inf 979666666.687000
-inf -inf 980000000.020000
-inf -inf 980333333.353000
-inf -inf 980666666.686000
-inf -inf 981000000.019000
-inf -inf 981333333.352000
-inf -inf 981666666.685000
-inf -inf 982000000.018000
-inf -inf 982333333.351000
-inf -inf 982666666.684000
-inf -inf 983000000.017000
-inf -inf 983333333.350000
-inf -inf 983666666.683000
-inf -inf 984000000.016000
-inf -inf 984333333.349000
-inf -inf 984666666.682000
-inf -inf 985000000.015000
-inf -inf 985333333.348000
-inf -inf 985666666.681000
-inf -inf 986000000.014000
-inf -inf 986333333.347000
-inf -inf 986666666.680000
-inf -inf 987000000.013000
-inf -inf 987333333.346000
-inf -inf 987666666.679000
-inf -inf 988000000.012000
-inf -inf 988333333.345000
-inf -inf 988666666.678000
-inf -inf 989000000.011000
-inf -inf 989333333.344000
-inf -inf 989666666.677000
-inf -inf 990000000.010000
-inf -inf 990333333.343000
-inf -inf 990666666.676000
-inf -inf 991000000.009000
-inf -inf 991333333.342000
-inf -inf 991666666.675000
-inf -inf 992000000.008000
-inf -inf 992333333.341000
-inf -inf 992666666.674000
-inf -inf 993000000.007000
-inf -inf 993333333.340000
-inf -inf 993666666.673000
-inf -inf 994000000.006000
-inf -inf 994333333.339000
-inf -inf 994666666.672000
-inf -inf 995000000.005000
-inf -inf 995333333.338000
-inf -inf 995666666.671000
-inf -inf 996000000.004000
-inf -inf 996333333.337000
-inf -inf 996666666.670000
-inf -inf 997000000.003000
-inf -inf 997333333.336000
-inf -inf 997666666.669000
-inf -inf 998000000.002000
-inf -inf 998333333.335000
-inf -inf 998666666.668000
-inf -inf 999000000.001000
-inf -inf 999333333.334000
-inf -inf 999666666.667000
