0.002  8.45923e-08 3.99927
0.003  3.1415e-07 3.99773
0.004  7.61025e-07 3.99551
0.005  1.49741e-06 3.99262
0.006  2.5953e-06 3.98909
0.007  4.12639e-06 3.9849
0.008  6.16211e-06 3.98008
0.009  8.77349e-06 3.97461
0.01  1.20311e-05 3.96851
0.011  1.60052e-05 3.96178
0.012  2.07654e-05 3.95442
0.013  2.63807e-05 3.94643
0.014  3.29195e-05 3.93783
0.015  4.04497e-05 3.92861
0.016  4.90383e-05 3.91877
0.017  5.87515e-05 3.90833
0.018  6.9655e-05 3.8973
0.019  8.18132e-05 3.88566
0.02  9.529e-05 3.87344
0.021  0.000110148 3.86063
0.022  0.000126449 3.84725
0.023  0.000144254 3.8333
0.024  0.000163623 3.81879
0.025  0.000184614 3.80372
0.026  0.000207284 3.7881
0.027  0.00023169 3.77194
0.028  0.000257887 3.75525
0.029  0.000285929 3.73804
0.03  0.000315868 3.72031
0.031  0.000347754 3.70207
0.032  0.000381639 3.68334
0.033  0.00041757 3.66412
0.034  0.000455594 3.64442
0.035  0.000495756 3.62425
0.036  0.000538102 3.60362
0.037  0.000582672 3.58254
0.038  0.000629509 3.56102
0.039  0.000678651 3.53907
0.04  0.000730137 3.5167
0.041  0.000784003 3.49392
0.042  0.000840283 3.47074
0.043  0.000899011 3.44717
0.044  0.000960217 3.42323
0.045  0.00102393 3.39893
0.046  0.00109018 3.37426
0.047  0.001159 3.34926
0.048  0.0012304 3.32392
0.049  0.00130442 3.29827
0.05  0.00138106 3.2723
0.051  0.00146036 3.24603
0.052  0.00154233 3.21948
0.053  0.00162698 3.19266
0.054  0.00171433 3.16557
0.055  0.0018044 3.13823
0.056  0.00189719 3.11065
0.057  0.00199272 3.08285
0.058  0.00209099 3.05482
0.059  0.002192 3.0266
0.06  0.00229577 2.99818
0.061  0.00240229 2.96957
0.062  0.00251157 2.9408
0.063  0.0026236 2.91187
0.064  0.00273839 2.8828
0.065  0.00285593 2.85359
0.066  0.0029762 2.82425
0.067  0.00309922 2.7948
0.068  0.00322496 2.76526
0.069  0.00335342 2.73562
0.07  0.00348459 2.7059
0.071  0.00361845 2.67611
0.072  0.00375499 2.64627
0.073  0.00389419 2.61638
0.074  0.00403604 2.58645
0.075  0.00418052 2.5565
0.076  0.0043276 2.52654
0.077  0.00447726 2.49656
0.078  0.00462948 2.4666
0.079  0.00478425 2.43665
0.08  0.00494152 2.40672
0.081  0.00510128 2.37683
0.082  0.0052635 2.34698
0.083  0.00542815 2.31719
0.084  0.00559519 2.28746
0.085  0.00576461 2.2578
0.086  0.00593635 2.22822
0.087  0.0061104 2.19872
0.088  0.00628672 2.16933
0.089  0.00646527 2.14004
0.09  0.00664602 2.11086
0.091  0.00682892 2.08181
0.092  0.00701395 2.05288
0.093  0.00720106 2.02409
0.094  0.00739022 1.99545
0.095  0.00758137 1.96695
0.096  0.0077745 1.93861
0.097  0.00796954 1.91044
0.098  0.00816646 1.88243
0.099  0.00836522 1.8546
0.1  0.00856577 1.82695
0.101  0.00876808 1.7995
0.102  0.00897209 1.77223
0.103  0.00917776 1.74516
0.104  0.00938505 1.7183
0.105  0.00959391 1.69165
0.106  0.00980429 1.66521
0.107  0.0100162 1.63899
0.108  0.0102295 1.61299
0.109  0.0104441 1.58722
0.11  0.0106602 1.56168
0.111  0.0108775 1.53637
0.112  0.011096 1.5113
0.113  0.0113158 1.48647
0.114  0.0115367 1.46189
0.115  0.0117588 1.43755
0.116  0.0119818 1.41346
0.117  0.0122059 1.38963
0.118  0.012431 1.36605
0.119  0.012657 1.34272
0.12  0.0128838 1.31966
0.121  0.0131115 1.29685
0.122  0.01334 1.27431
0.123  0.0135692 1.25203
0.124  0.013799 1.23002
0.125  0.0140296 1.20827
0.126  0.0142607 1.18679
0.127  0.0144924 1.16558
0.128  0.0147245 1.14463
0.129  0.0149572 1.12395
0.13  0.0151902 1.10354
0.131  0.0154236 1.08341
0.132  0.0156574 1.06354
0.133  0.0158915 1.04394
0.134  0.0161258 1.0246
0.135  0.0163603 1.00554
0.136  0.0165949 0.986745
0.137  0.0168297 0.968217
0.138  0.0170646 0.949955
0.139  0.0172995 0.93196
0.14  0.0175344 0.914229
0.141  0.0177693 0.896761
0.142  0.0180041 0.879556
0.143  0.0182388 0.862612
0.144  0.0184733 0.845929
0.145  0.0187077 0.829503
0.146  0.0189418 0.813334
0.147  0.0191757 0.797421
0.148  0.0194093 0.78176
0.149  0.0196426 0.766352
0.15  0.0198755 0.751193
0.151  0.020108 0.736282
0.152  0.0203401 0.721616
0.153  0.0205717 0.707195
0.154  0.0208029 0.693015
0.155  0.0210335 0.679074
0.156  0.0212637 0.665371
0.157  0.0214932 0.651902
0.158  0.0217221 0.638666
0.159  0.0219504 0.62566
0.16  0.0221781 0.612882
0.161  0.022405 0.600329
0.162  0.0226313 0.587999
0.163  0.0228568 0.575889
0.164  0.0230816 0.563996
0.165  0.0233055 0.552319
0.166  0.0235287 0.540855
0.167  0.0237511 0.5296
0.168  0.0239726 0.518552
0.169  0.0241932 0.50771
0.17  0.024413 0.497069
0.171  0.0246319 0.486627
0.172  0.0248498 0.476382
0.173  0.0250668 0.466331
0.174  0.0252828 0.45647
0.175  0.0254978 0.446799
0.176  0.0257118 0.437313
0.177  0.0259249 0.42801
0.178  0.0261368 0.418888
0.179  0.0263478 0.409943
0.18  0.0265577 0.401173
0.181  0.0267665 0.392576
0.182  0.0269742 0.384148
0.183  0.0271809 0.375887
0.184  0.0273864 0.367791
0.185  0.0275908 0.359856
0.186  0.0277941 0.352081
0.187  0.0279962 0.344461
0.188  0.0281972 0.336996
0.189  0.028397 0.329682
0.19  0.0285956 0.322517
0.191  0.028793 0.315498
0.192  0.0289893 0.308623
0.193  0.0291844 0.301889
0.194  0.0293782 0.295294
0.195  0.0295709 0.288835
0.196  0.0297623 0.282511
0.197  0.0299525 0.276317
0.198  0.0301415 0.270253
0.199  0.0303293 0.264316
0.2  0.0305158 0.258503
0.201  0.030701 0.252813
0.202  0.030885 0.247243
0.203  0.0310678 0.24179
0.204  0.0312493 0.236453
0.205  0.0314296 0.231229
0.206  0.0316086 0.226116
0.207  0.0317863 0.221113
0.208  0.0319628 0.216216
0.209  0.032138 0.211425
0.21  0.032312 0.206736
0.211  0.0324847 0.202148
0.212  0.0326561 0.19766
0.213  0.0328262 0.193268
0.214  0.0329951 0.188971
0.215  0.0331627 0.184767
0.216  0.0333291 0.180655
0.217  0.0334942 0.176632
0.218  0.033658 0.172697
0.219  0.0338206 0.168847
0.22  0.0339819 0.165082
0.221  0.0341419 0.161399
0.222  0.0343007 0.157797
0.223  0.0344583 0.154275
0.224  0.0346146 0.150829
0.225  0.0347696 0.147459
0.226  0.0349234 0.144164
0.227  0.035076 0.140941
0.228  0.0352273 0.13779
0.229  0.0353774 0.134708
0.23  0.0355263 0.131695
0.231  0.0356739 0.128748
0.232  0.0358203 0.125867
0.233  0.0359655 0.12305
0.234  0.0361095 0.120295
0.235  0.0362522 0.117602
0.236  0.0363938 0.114969
0.237  0.0365341 0.112394
0.238  0.0366733 0.109877
0.239  0.0368113 0.107416
0.24  0.0369481 0.10501
0.241  0.0370837 0.102658
0.242  0.0372181 0.100358
0.243  0.0373514 0.09811
0.244  0.0374835 0.0959124
0.245  0.0376145 0.093764
0.246  0.0377443 0.0916637
0.247  0.0378729 0.0896106
0.248  0.0380004 0.0876036
0.249  0.0381268 0.0856417
0.25  0.0382521 0.0837239
0.251  0.0383762 0.0818492
0.252  0.0384993 0.0800167
0.253  0.0386212 0.0782254
0.254  0.038742 0.0764744
0.255  0.0388617 0.0747628
0.256  0.0389803 0.0730898
0.257  0.0390979 0.0714545
0.258  0.0392144 0.069856
0.259  0.0393298 0.0682936
0.26  0.0394441 0.0667663
0.261  0.0395574 0.0652735
0.262  0.0396697 0.0638144
0.263  0.0397809 0.0623882
0.264  0.039891 0.0609941
0.265  0.0400002 0.0596315
0.266  0.0401083 0.0582997
0.267  0.0402154 0.0569979
0.268  0.0403215 0.0557254
0.269  0.0404266 0.0544817
0.27  0.0405307 0.053266
0.271  0.0406338 0.0520778
0.272  0.0407359 0.0509164
0.273  0.0408371 0.0497812
0.274  0.0409373 0.0486716
0.275  0.0410366 0.047587
0.276  0.0411349 0.0465269
0.277  0.0412322 0.0454907
0.278  0.0413286 0.0444779
0.279  0.0414241 0.0434879
0.28  0.0415187 0.0425202
0.281  0.0416123 0.0415744
0.282  0.0417051 0.0406498
0.283  0.0417969 0.0397461
0.284  0.0418878 0.0388628
0.285  0.0419779 0.0379994
0.286  0.0420671 0.0371554
0.287  0.0421554 0.0363304
0.288  0.0422428 0.035524
0.289  0.0423294 0.0347358
0.29  0.0424151 0.0339652
0.291  0.0424999 0.0332121
0.292  0.042584 0.0324758
0.293  0.0426672 0.0317561
0.294  0.0427495 0.0310526
0.295  0.0428311 0.0303649
0.296  0.0429118 0.0296926
0.297  0.0429918 0.0290355
0.298  0.0430709 0.0283931
0.299  0.0431492 0.0277651
0.3  0.0432268 0.0271512
0.301  0.0433036 0.026551
0.302  0.0433796 0.0259644
0.303  0.0434548 0.0253908
0.304  0.0435293 0.0248301
0.305  0.043603 0.024282
0.306  0.043676 0.0237462
0.307  0.0437482 0.0232223
0.308  0.0438197 0.0227101
0.309  0.0438905 0.0222094
0.31  0.0439606 0.0217199
0.311  0.0440299 0.0212414
0.312  0.0440985 0.0207735
0.313  0.0441665 0.0203161
0.314  0.0442337 0.0198688
0.315  0.0443002 0.0194316
0.316  0.0443661 0.0190041
0.317  0.0444313 0.0185861
0.318  0.0444958 0.0181774
0.319  0.0445596 0.0177779
0.32  0.0446228 0.0173872
0.321  0.0446853 0.0170052
0.322  0.0447472 0.0166318
0.323  0.0448084 0.0162666
0.324  0.044869 0.0159095
0.325  0.044929 0.0155604
0.326  0.0449883 0.015219
0.327  0.0450471 0.0148852
0.328  0.0451052 0.0145588
0.329  0.0451627 0.0142396
0.33  0.0452196 0.0139275
0.331  0.0452759 0.0136223
0.332  0.0453316 0.0133239
0.333  0.0453867 0.0130321
0.334  0.0454412 0.0127467
0.335  0.0454952 0.0124677
0.336  0.0455486 0.0121948
0.337  0.0456014 0.011928
0.338  0.0456537 0.011667
0.339  0.0457054 0.0114118
0.34  0.0457565 0.0111622
0.341  0.0458071 0.0109182
0.342  0.0458572 0.0106795
0.343  0.0459068 0.010446
0.344  0.0459558 0.0102177
0.345  0.0460043 0.00999448
0.346  0.0460522 0.00977613
0.347  0.0460997 0.00956259
0.348  0.0461466 0.00935374
0.349  0.0461931 0.00914947
0.35  0.046239 0.0089497
0.351  0.0462845 0.00875431
0.352  0.0463294 0.00856321
0.353  0.0463739 0.0083763
0.354  0.0464179 0.00819349
0.355  0.0464614 0.00801469
0.356  0.0465044 0.00783981
0.357  0.046547 0.00766876
0.358  0.0465891 0.00750145
0.359  0.0466307 0.0073378
0.36  0.0466719 0.00717774
0.361  0.0467127 0.00702117
0.362  0.046753 0.00686803
0.363  0.0467928 0.00671823
0.364  0.0468322 0.0065717
0.365  0.0468712 0.00642838
0.366  0.0469098 0.00628818
0.367  0.0469479 0.00615104
0.368  0.0469856 0.00601689
0.369  0.0470229 0.00588567
0.37  0.0470598 0.00575731
0.371  0.0470963 0.00563174
0.372  0.0471324 0.00550891
0.373  0.047168 0.00538875
0.374  0.0472033 0.0052712
0.375  0.0472382 0.00515622
0.376  0.0472727 0.00504373
0.377  0.0473068 0.00493369
0.378  0.0473405 0.00482605
0.379  0.0473739 0.00472074
0.38  0.0474068 0.00461772
0.381  0.0474394 0.00451693
0.382  0.0474717 0.00441834
0.383  0.0475035 0.00432188
0.384  0.0475351 0.00422752
0.385  0.0475662 0.0041352
0.386  0.047597 0.00404489
0.387  0.0476275 0.00395653
0.388  0.0476576 0.00387009
0.389  0.0476874 0.00378552
0.39  0.0477168 0.00370279
0.391  0.0477459 0.00362184
0.392  0.0477747 0.00354265
0.393  0.0478031 0.00346517
0.394  0.0478312 0.00338937
0.395  0.047859 0.00331521
0.396  0.0478865 0.00324265
0.397  0.0479137 0.00317167
0.398  0.0479405 0.00310222
0.399  0.047967 0.00303427
0.4  0.0479933 0.00296778
0.401  0.0480192 0.00290274
0.402  0.0480448 0.0028391
0.403  0.0480702 0.00277684
0.404  0.0480952 0.00271592
0.405  0.0481199 0.00265632
0.406  0.0481444 0.002598
0.407  0.0481686 0.00254095
0.408  0.0481925 0.00248512
0.409  0.0482161 0.0024305
0.41  0.0482394 0.00237706
0.411  0.0482625 0.00232478
0.412  0.0482853 0.00227362
0.413  0.0483078 0.00222357
0.414  0.04833 0.0021746
0.415  0.048352 0.00212668
0.416  0.0483738 0.0020798
0.417  0.0483952 0.00203393
0.418  0.0484165 0.00198905
0.419  0.0484374 0.00194514
0.42  0.0484581 0.00190217
0.421  0.0484786 0.00186014
0.422  0.0484989 0.00181901
0.423  0.0485188 0.00177876
0.424  0.0485386 0.00173939
0.425  0.0485581 0.00170087
0.426  0.0485774 0.00166317
0.427  0.0485964 0.00162629
0.428  0.0486152 0.00159021
0.429  0.0486338 0.00155491
0.43  0.0486522 0.00152036
0.431  0.0486703 0.00148657
0.432  0.0486882 0.0014535
0.433  0.0487059 0.00142115
0.434  0.0487234 0.00138949
0.435  0.0487407 0.00135852
0.436  0.0487577 0.00132822
0.437  0.0487746 0.00129857
0.438  0.0487912 0.00126957
0.439  0.0488077 0.00124119
0.44  0.0488239 0.00121342
0.441  0.0488399 0.00118626
0.442  0.0488558 0.00115968
0.443  0.0488714 0.00113368
0.444  0.0488869 0.00110824
0.445  0.0489021 0.00108335
0.446  0.0489172 0.001059
0.447  0.0489321 0.00103517
0.448  0.0489467 0.00101186
0.449  0.0489612 0.000989061
0.45  0.0489756 0.000966753
0.451  0.0489897 0.000944928
0.452  0.0490037 0.000923576
0.453  0.0490175 0.000902688
0.454  0.0490311 0.000882252
0.455  0.0490445 0.000862261
0.456  0.0490578 0.000842703
0.457  0.0490709 0.00082357
0.458  0.0490838 0.000804853
0.459  0.0490966 0.000786543
0.46  0.0491092 0.000768631
0.461  0.0491216 0.000751109
0.462  0.0491339 0.000733969
0.463  0.049146 0.000717201
0.464  0.049158 0.000700799
0.465  0.0491698 0.000684755
0.466  0.0491814 0.000669061
0.467  0.049193 0.000653709
0.468  0.0492043 0.000638692
0.469  0.0492155 0.000624003
0.47  0.0492266 0.000609635
0.471  0.0492375 0.000595581
0.472  0.0492483 0.000581835
0.473  0.0492589 0.00056839
0.474  0.0492694 0.00055524
0.475  0.0492797 0.000542377
0.476  0.0492899 0.000529797
0.477  0.0493 0.000517493
0.478  0.0493099 0.000505459
0.479  0.0493198 0.000493689
0.48  0.0493294 0.000482179
0.481  0.049339 0.000470922
0.482  0.0493484 0.000459912
0.483  0.0493577 0.000449145
0.484  0.0493668 0.000438616
0.485  0.0493759 0.000428319
0.486  0.0493848 0.00041825
0.487  0.0493936 0.000408403
0.488  0.0494023 0.000398774
0.489  0.0494108 0.000389358
0.49  0.0494193 0.000380151
0.491  0.0494276 0.000371148
0.492  0.0494358 0.000362344
0.493  0.0494439 0.000353737
0.494  0.0494519 0.000345321
0.495  0.0494597 0.000337092
0.496  0.0494675 0.000329046
0.497  0.0494751 0.00032118
0.498  0.0494827 0.000313489
0.499  0.0494901 0.000305971
0.5  0.0494974 0.00029862
0.501  0.0495047 0.000291434
0.502  0.0495118 0.000284409
0.503  0.0495188 0.000277541
0.504  0.0495258 0.000270828
0.505  0.0495326 0.000264266
0.506  0.0495393 0.000257851
0.507  0.0495459 0.000251581
0.508  0.0495525 0.000245452
0.509  0.0495589 0.000239462
0.51  0.0495653 0.000233607
0.511  0.0495715 0.000227884
0.512  0.0495777 0.000222291
0.513  0.0495837 0.000216825
0.514  0.0495897 0.000211484
0.515  0.0495956 0.000206263
0.516  0.0496014 0.000201162
0.517  0.0496072 0.000196177
0.518  0.0496128 0.000191305
0.519  0.0496183 0.000186545
0.52  0.0496238 0.000181894
0.521  0.0496292 0.00017735
0.522  0.0496345 0.00017291
0.523  0.0496397 0.000168572
0.524  0.0496449 0.000164334
0.525  0.04965 0.000160193
0.526  0.0496549 0.000156148
0.527  0.0496599 0.000152197
0.528  0.0496647 0.000148337
0.529  0.0496695 0.000144566
0.53  0.0496742 0.000140883
0.531  0.0496788 0.000137286
0.532  0.0496833 0.000133773
0.533  0.0496878 0.000130341
0.534  0.0496922 0.00012699
0.535  0.0496966 0.000123717
0.536  0.0497008 0.000120521
0.537  0.049705 0.0001174
0.538  0.0497092 0.000114352
0.539  0.0497132 0.000111376
0.54  0.0497172 0.000108471
0.541  0.0497212 0.000105634
0.542  0.0497251 0.000102865
0.543  0.0497289 0.000100161
0.544  0.0497326 9.75211e-05
0.545  0.0497363 9.49444e-05
0.546  0.0497399 9.24292e-05
0.547  0.0497435 8.99741e-05
0.548  0.049747 8.75779e-05
0.549  0.0497505 8.52391e-05
0.55  0.0497539 8.29567e-05
0.551  0.0497572 8.07292e-05
0.552  0.0497605 7.85556e-05
0.553  0.0497637 7.64345e-05
0.554  0.0497669 7.43649e-05
0.555  0.0497701 7.23456e-05
0.556  0.0497731 7.03754e-05
0.557  0.0497761 6.84534e-05
0.558  0.0497791 6.65783e-05
0.559  0.049782 6.47492e-05
0.56  0.0497849 6.2965e-05
0.561  0.0497877 6.12248e-05
0.562  0.0497905 5.95275e-05
0.563  0.0497932 5.78722e-05
0.564  0.0497959 5.62579e-05
0.565  0.0497985 5.46837e-05
0.566  0.0498011 5.31488e-05
0.567  0.0498036 5.16522e-05
0.568  0.0498061 5.0193e-05
0.569  0.0498085 4.87705e-05
0.57  0.0498109 4.73838e-05
0.571  0.0498133 4.6032e-05
0.572  0.0498156 4.47144e-05
0.573  0.0498179 4.34302e-05
0.574  0.0498201 4.21786e-05
0.575  0.0498223 4.0959e-05
0.576  0.0498245 3.97705e-05
0.577  0.0498266 3.86124e-05
0.578  0.0498286 3.74842e-05
0.579  0.0498307 3.63849e-05
0.58  0.0498327 3.53141e-05
0.581  0.0498346 3.42711e-05
0.582  0.0498365 3.32551e-05
0.583  0.0498384 3.22656e-05
0.584  0.0498403 3.1302e-05
0.585  0.0498421 3.03636e-05
0.586  0.0498439 2.94499e-05
0.587  0.0498456 2.85603e-05
0.588  0.0498473 2.76942e-05
0.589  0.049849 2.68511e-05
0.59  0.0498506 2.60305e-05
0.591  0.0498522 2.52318e-05
0.592  0.0498538 2.44544e-05
0.593  0.0498554 2.3698e-05
0.594  0.0498569 2.29619e-05
0.595  0.0498584 2.22458e-05
0.596  0.0498598 2.15491e-05
0.597  0.0498612 2.08714e-05
0.598  0.0498626 2.02122e-05
0.599  0.049864 1.95711e-05
0.6  0.0498653 1.89477e-05
0.601  0.0498667 1.83414e-05
0.602  0.0498679 1.7752e-05
0.603  0.0498692 1.7179e-05
0.604  0.0498704 1.6622e-05
0.605  0.0498716 1.60806e-05
0.606  0.0498728 1.55544e-05
0.607  0.049874 1.50431e-05
0.608  0.0498751 1.45462e-05
0.609  0.0498762 1.40636e-05
0.61  0.0498773 1.35947e-05
0.611  0.0498783 1.31392e-05
0.612  0.0498794 1.26969e-05
0.613  0.0498804 1.22674e-05
0.614  0.0498814 1.18503e-05
0.615  0.0498823 1.14455e-05
0.616  0.0498833 1.10524e-05
0.617  0.0498842 1.0671e-05
0.618  0.0498851 1.03008e-05
0.619  0.049886 9.94155e-06
0.62  0.0498868 9.59304e-06
0.621  0.0498877 9.25496e-06
0.622  0.0498885 8.92704e-06
0.623  0.0498893 8.60903e-06
0.624  0.0498901 8.30068e-06
0.625  0.0498908 8.00172e-06
0.626  0.0498916 7.71192e-06
0.627  0.0498923 7.43105e-06
0.628  0.049893 7.15886e-06
0.629  0.0498937 6.89513e-06
0.63  0.0498944 6.63964e-06
0.631  0.049895 6.39217e-06
0.632  0.0498957 6.15251e-06
0.633  0.0498963 5.92045e-06
0.634  0.0498969 5.69579e-06
0.635  0.0498975 5.47833e-06
0.636  0.0498981 5.26787e-06
0.637  0.0498986 5.06424e-06
0.638  0.0498992 4.86724e-06
0.639  0.0498997 4.67669e-06
0.64  0.0499002 4.49242e-06
0.641  0.0499007 4.31425e-06
0.642  0.0499012 4.14202e-06
0.643  0.0499017 3.97556e-06
0.644  0.0499022 3.81471e-06
0.645  0.0499026 3.65932e-06
0.646  0.0499031 3.50922e-06
0.647  0.0499035 3.36428e-06
0.648  0.0499039 3.22435e-06
0.649  0.0499043 3.08928e-06
0.65  0.0499047 2.95893e-06
0.651  0.0499051 2.83317e-06
0.652  0.0499055 2.71186e-06
0.653  0.0499058 2.59489e-06
0.654  0.0499062 2.48211e-06
0.655  0.0499065 2.37341e-06
0.656  0.0499068 2.26866e-06
0.657  0.0499072 2.16775e-06
0.658  0.0499075 2.07057e-06
0.659  0.0499078 1.977e-06
0.66  0.0499081 1.88693e-06
0.661  0.0499083 1.80026e-06
0.662  0.0499086 1.71689e-06
0.663  0.0499089 1.6367e-06
0.664  0.0499091 1.55961e-06
0.665  0.0499094 1.48551e-06
0.666  0.0499096 1.41432e-06
0.667  0.0499098 1.34594e-06
0.668  0.0499101 1.28028e-06
0.669  0.0499103 1.21726e-06
0.67  0.0499105 1.15679e-06
0.671  0.0499107 1.09878e-06
0.672  0.0499109 1.04317e-06
0.673  0.049911 9.89861e-07
0.674  0.0499112 9.38787e-07
0.675  0.0499114 8.89872e-07
0.676  0.0499116 8.43043e-07
0.677  0.0499117 7.9823e-07
0.678  0.0499119 7.55364e-07
0.679  0.049912 7.14378e-07
0.68  0.0499122 6.75207e-07
0.681  0.0499123 6.37787e-07
0.682  0.0499124 6.02057e-07
0.683  0.0499126 5.67958e-07
0.684  0.0499127 5.3543e-07
0.685  0.0499128 5.04417e-07
0.686  0.0499129 4.74863e-07
0.687  0.049913 4.46716e-07
0.688  0.0499131 4.19922e-07
0.689  0.0499132 3.94432e-07
0.69  0.0499133 3.70195e-07
0.691  0.0499134 3.47164e-07
0.692  0.0499135 3.25293e-07
0.693  0.0499136 3.04536e-07
0.694  0.0499136 2.84849e-07
0.695  0.0499137 2.6619e-07
0.696  0.0499138 2.48517e-07
0.697  0.0499139 2.3179e-07
0.698  0.0499139 2.15971e-07
0.699  0.049914 2.01021e-07
0.7  0.049914 1.86905e-07
0.701  0.0499141 1.73585e-07
0.702  0.0499142 1.61029e-07
0.703  0.0499142 1.49202e-07
0.704  0.0499142 1.38073e-07
0.705  0.0499143 1.2761e-07
0.706  0.0499143 1.17782e-07
0.707  0.0499144 1.08562e-07
0.708  0.0499144 9.99189e-08
0.709  0.0499144 9.18272e-08
0.71  0.0499145 8.42597e-08
0.711  0.0499145 7.7191e-08
0.712  0.0499145 7.05962e-08
0.713  0.0499146 6.44515e-08
0.714  0.0499146 5.87339e-08
0.715  0.0499146 5.34211e-08
0.716  0.0499146 4.84917e-08
0.717  0.0499147 4.3925e-08
0.718  0.0499147 3.97011e-08
0.719  0.0499147 3.58008e-08
0.72  0.0499147 3.22057e-08
0.721  0.0499147 2.8898e-08
0.722  0.0499147 2.58607e-08
0.723  0.0499148 2.30775e-08
0.724  0.0499148 2.05325e-08
0.725  0.0499148 1.82108e-08
0.726  0.0499148 1.60978e-08
0.727  0.0499148 1.41798e-08
0.728  0.0499148 1.24434e-08
0.729  0.0499148 1.08761e-08
0.73  0.0499148 9.46573e-09
0.731  0.0499148 8.20077e-09
0.732  0.0499148 7.07023e-09
0.733  0.0499148 6.06364e-09
0.734  0.0499148 5.17106e-09
0.735  0.0499148 4.38305e-09
0.736  0.0499148 3.69065e-09
0.737  0.0499149 3.08539e-09
0.738  0.0499149 2.55927e-09
0.739  0.0499149 2.10474e-09
0.74  0.0499149 1.71468e-09
0.741  0.0499149 1.38243e-09
0.742  0.0499149 1.10174e-09
0.743  0.0499149 8.66753e-10
0.744  0.0499149 6.72047e-10
0.745  0.0499149 5.1257e-10
0.746  0.0499149 3.83653e-10
0.747  0.0499149 2.81001e-10
0.748  0.0499149 2.00679e-10
0.749  0.0499149 1.39104e-10
0.75  0.0499149 9.30366e-11
0.751  0.0499149 5.95701e-11
0.752  0.0499149 3.61232e-11
0.753  0.0499149 2.04308e-11
0.754  0.0499149 1.05357e-11
0.755  0.0499149 4.78059e-12
0.756  0.0499149 1.79972e-12
0.757  0.0499149 5.13244e-13
