0.000000 0.000000 0.000000
0.014938 0.003333 0.000000
0.029876 0.006667 0.000000
0.044814 0.010000 0.000000
0.059752 0.013333 0.000000
0.074690 0.016667 0.000000
0.089628 0.020000 0.000000
0.104566 0.023333 0.000000
0.119504 0.026667 0.000000
0.134442 0.030000 0.000000
0.149380 0.033333 0.000000
0.164318 0.036667 0.000000
0.179256 0.040000 0.000000
0.194194 0.043333 0.000000
0.209132 0.046667 0.000000
0.224070 0.050000 0.000000
0.239008 0.053333 0.000000
0.253946 0.056667 0.000000
0.268884 0.060000 0.000000
0.283822 0.063333 0.000000
0.298760 0.066667 0.000000
0.313698 0.070000 0.000000
0.328636 0.073333 0.000000
0.343574 0.076667 0.000000
0.358512 0.080000 0.000000
0.373450 0.083333 0.000000
0.388388 0.086667 0.000000
0.403326 0.090000 0.000000
0.418264 0.093333 0.000000
0.433202 0.096667 0.000000
0.448140 0.100000 0.000000
0.463078 0.103333 0.000000
0.478017 0.106667 0.000000
0.492955 0.110000 0.000000
0.507893 0.113333 0.000000
0.522831 0.116667 0.000000
0.537769 0.120000 0.000000
0.552707 0.123333 0.000000
0.567645 0.126667 0.000000
0.582583 0.130000 0.000000
0.597521 0.133333 0.000000
0.612459 0.136667 0.000000
0.627397 0.140000 0.000000
0.642335 0.143333 0.000000
0.657273 0.146667 0.000000
0.672211 0.150000 0.000000
0.687149 0.153333 0.000000
0.702087 0.156667 0.000000
0.717025 0.160000 0.000000
0.731963 0.163333 0.000000
0.746901 0.166667 0.000000
0.761839 0.170000 0.000000
0.776777 0.173333 0.000000
0.791715 0.176667 0.000000
0.806653 0.180000 0.000000
0.821591 0.183333 0.000000
0.836529 0.186667 0.000000
0.851467 0.190000 0.000000
0.866405 0.193333 0.000063
0.881343 0.196667 0.001050
0.896281 0.200000 0.007425
0.911219 0.203333 0.043534
0.926157 0.206667 0.163611
0.941095 0.210000 0.461010
0.956033 0.213333 1.014913
0.970971 0.216667 1.820860
0.985909 0.220000 2.825432
1.000847 0.223333 3.770957
1.015785 0.226667 4.536760
1.030723 0.230000 4.973511
1.045661 0.233333 4.982075
1.060599 0.236667 4.725000
1.075537 0.240000 4.182448
1.090475 0.243333 3.535339
1.105413 0.246667 2.862437
1.120351 0.250000 2.207513
1.135289 0.253333 1.634238
1.150227 0.256667 1.170091
1.165165 0.260000 0.800208
1.180103 0.263333 0.537166
1.195041 0.266667 0.345801
1.209979 0.270000 0.215878
1.224917 0.273333 0.127230
1.239855 0.276667 0.077407
1.254793 0.280000 0.045684
1.269731 0.283333 0.031458
1.284669 0.286667 0.030259
1.299607 0.290000 0.037038
1.314545 0.293333 0.054476
1.329483 0.296667 0.084917
1.344421 0.300000 0.125792
1.359359 0.303333 0.186436
1.374297 0.306667 0.264729
1.389235 0.310000 0.357180
1.404173 0.313333 0.466862
1.419112 0.316667 0.596122
1.434050 0.320000 0.718342
1.448988 0.323333 0.821915
1.463926 0.326667 0.918086
1.478864 0.330000 0.968728
1.493802 0.333333 0.985226
1.508740 0.336667 0.961797
1.523678 0.340000 0.891021
1.538616 0.343333 0.796412
1.553554 0.346667 0.677536
1.568492 0.350000 0.544188
1.583430 0.353333 0.421556
1.598368 0.356667 0.320560
1.613306 0.360000 0.240964
1.628244 0.363333 0.187899
1.643182 0.366667 0.162774
1.658120 0.370000 0.173715
1.673058 0.373333 0.233254
1.687996 0.376667 0.348218
1.702934 0.380000 0.527111
1.717872 0.383333 0.766147
1.732810 0.386667 1.072183
1.747748 0.390000 1.433261
1.762686 0.393333 1.805783
1.777624 0.396667 2.167853
1.792562 0.400000 2.479272
1.807500 0.403333 2.681528
1.822438 0.406667 2.763058
1.837376 0.410000 2.721877
1.852314 0.413333 2.553687
1.867252 0.416667 2.290016
1.882190 0.420000 1.959910
1.897128 0.423333 1.592179
1.912066 0.426667 1.248298
1.927004 0.430000 0.954829
1.941942 0.433333 0.708357
1.956880 0.436667 0.531736
1.971818 0.440000 0.424108
1.986756 0.443333 0.387965
2.001694 0.446667 0.414237
2.016632 0.450000 0.492186
2.031570 0.453333 0.602603
2.046508 0.456667 0.726009
2.061446 0.460000 0.847254
2.076384 0.463333 0.949270
2.091322 0.466667 1.013850
2.106260 0.470000 1.030613
2.121198 0.473333 1.007946
2.136136 0.476667 0.941662
2.151074 0.480000 0.858005
2.166012 0.483333 0.757569
2.180950 0.486667 0.661743
2.195888 0.490000 0.588481
2.210826 0.493333 0.547088
2.225764 0.496667 0.542345
2.240702 0.500000 0.592288
2.255640 0.503333 0.681269
2.270578 0.506667 0.812864
2.285516 0.510000 0.970286
2.300454 0.513333 1.140738
2.315392 0.516667 1.306443
2.330330 0.520000 1.438553
2.345268 0.523333 1.512250
2.360206 0.526667 1.548396
2.375145 0.530000 1.521637
2.390083 0.533333 1.426071
2.405021 0.536667 1.291465
2.419959 0.540000 1.130480
2.434897 0.543333 0.954774
2.449835 0.546667 0.794341
2.464773 0.550000 0.652291
2.479711 0.553333 0.547989
2.494649 0.556667 0.481422
2.509587 0.560000 0.442795
2.524525 0.563333 0.437093
2.539463 0.566667 0.445610
2.554401 0.570000 0.462229
2.569339 0.573333 0.479835
2.584277 0.576667 0.491800
2.599215 0.580000 0.498134
2.614153 0.583333 0.503333
2.629091 0.586667 0.522698
2.644029 0.590000 0.570015
2.658967 0.593333 0.648276
2.673905 0.596667 0.774618
2.688843 0.600000 0.947137
2.703781 0.603333 1.167148
2.718719 0.606667 1.415690
2.733657 0.610000 1.670600
2.748595 0.613333 1.914266
2.763533 0.616667 2.114807
2.778471 0.620000 2.234619
2.793409 0.623333 2.267042
2.808347 0.626667 2.208922
2.823285 0.630000 2.071944
2.838223 0.633333 1.858029
2.853161 0.636667 1.617940
2.868099 0.640000 1.360293
2.883037 0.643333 1.108953
2.897975 0.646667 0.886349
2.912913 0.650000 0.707305
2.927851 0.653333 0.568757
2.942789 0.656667 0.470238
2.957727 0.660000 0.408853
2.972665 0.663333 0.373558
2.987603 0.666667 0.361891
3.002541 0.670000 0.373567
3.017479 0.673333 0.398637
3.032417 0.676667 0.447290
3.047355 0.680000 0.519687
3.062293 0.683333 0.610689
3.077231 0.686667 0.726358
3.092169 0.690000 0.856625
3.107107 0.693333 0.998345
3.122045 0.696667 1.123833
3.136983 0.700000 1.227344
3.151921 0.703333 1.305650
3.166859 0.706667 1.344119
3.181797 0.710000 1.342079
3.196735 0.713333 1.301489
3.211673 0.716667 1.237281
3.226611 0.720000 1.159802
3.241549 0.723333 1.086643
3.256487 0.726667 1.026631
3.271425 0.730000 0.986301
3.286363 0.733333 0.955837
3.301301 0.736667 0.938266
3.316240 0.740000 0.927555
3.331178 0.743333 0.917613
3.346116 0.746667 0.901602
3.361054 0.750000 0.878660
3.375992 0.753333 0.852886
3.390930 0.756667 0.827895
3.405868 0.760000 0.813395
3.420806 0.763333 0.803283
3.435744 0.766667 0.805248
3.450682 0.770000 0.814446
3.465620 0.773333 0.829797
3.480558 0.776667 0.839232
3.495496 0.780000 0.845715
3.510434 0.783333 0.841065
3.525372 0.786667 0.832134
3.540310 0.790000 0.819017
3.555248 0.793333 0.800294
3.570186 0.796667 0.789101
3.585124 0.800000 0.782323
3.600062 0.803333 0.791969
3.615000 0.806667 0.813294
3.629938 0.810000 0.849355
3.644876 0.813333 0.898738
3.659814 0.816667 0.953652
3.674752 0.820000 1.024440
3.689690 0.823333 1.114632
3.704628 0.826667 1.220340
3.719566 0.830000 1.341102
3.734504 0.833333 1.470475
3.749442 0.836667 1.603529
3.764380 0.840000 1.726975
3.779318 0.843333 1.816613
3.794256 0.846667 1.857621
3.809194 0.850000 1.843787
3.824132 0.853333 1.770778
3.839070 0.856667 1.639823
3.854008 0.860000 1.464189
3.868946 0.863333 1.264452
3.883884 0.866667 1.055247
3.898822 0.870000 0.859655
3.913760 0.873333 0.688968
3.928698 0.876667 0.557427
3.943636 0.880000 0.475029
3.958574 0.883333 0.438111
3.973512 0.886667 0.447817
3.988450 0.890000 0.495858
4.003388 0.893333 0.577908
4.018326 0.896667 0.680557
4.033264 0.900000 0.787557
4.048202 0.903333 0.891562
4.063140 0.906667 0.978001
4.078078 0.910000 1.035934
4.093016 0.913333 1.062943
4.107954 0.916667 1.053541
4.122892 0.920000 1.015448
4.137830 0.923333 0.954499
4.152768 0.926667 0.883651
4.167706 0.930000 0.804411
4.182644 0.933333 0.733272
4.197582 0.936667 0.677494
4.212520 0.940000 0.642029
4.227458 0.943333 0.634689
4.242396 0.946667 0.650406
4.257335 0.950000 0.688385
4.272273 0.953333 0.747606
4.287211 0.956667 0.819116
4.302149 0.960000 0.892423
4.317087 0.963333 0.966394
4.332025 0.966667 1.027462
4.346963 0.970000 1.069828
4.361901 0.973333 1.094284
4.376839 0.976667 1.097341
4.391777 0.980000 1.088575
4.406715 0.983333 1.069479
4.421653 0.986667 1.050687
4.436591 0.990000 1.035229
4.451529 0.993333 1.026026
4.466467 0.996667 1.035163
4.481405 1.000000 1.014313
4.496343 1.003333 0.997442
4.511281 1.006667 1.057103
4.526219 1.010000 1.132903
4.541157 1.013333 1.215305
4.556095 1.016667 1.292468
4.571033 1.020000 1.350722
4.585971 1.023333 1.352288
4.600909 1.026667 1.257483
4.615847 1.030000 1.122750
4.630785 1.033333 1.026029
4.645723 1.036667 0.966941
4.660661 1.040000 0.922567
4.675599 1.043333 0.877777
4.690537 1.046667 0.824619
4.705475 1.050000 0.747669
4.720413 1.053333 0.650002
4.735351 1.056667 0.569536
4.750289 1.060000 0.536371
4.765227 1.063333 0.555225
4.780165 1.066667 0.609871
4.795103 1.070000 0.680933
4.810041 1.073333 0.749635
4.824979 1.076667 0.805381
4.839917 1.080000 0.845771
4.854855 1.083333 0.869027
4.869793 1.086667 0.874096
4.884731 1.090000 0.862115
4.899669 1.093333 0.833452
4.914607 1.096667 0.787019
4.929545 1.100000 0.728746
4.944483 1.103333 0.662030
4.959421 1.106667 0.599512
4.974359 1.110000 0.556360
4.989297 1.113333 0.542873
5.004235 1.116667 0.545406
5.019173 1.120000 0.547457
5.034111 1.123333 0.529182
5.049049 1.126667 0.476616
5.063987 1.130000 0.397518
5.078925 1.133333 0.311789
5.093863 1.136667 0.244895
5.108801 1.140000 0.207962
5.123739 1.143333 0.205729
5.138677 1.146667 0.236999
5.153615 1.150000 0.290365
5.168553 1.153333 0.360205
5.183491 1.156667 0.442496
5.198430 1.160000 0.533038
5.213368 1.163333 0.623560
5.228306 1.166667 0.713183
5.243244 1.170000 0.793911
5.258182 1.173333 0.861950
5.273120 1.176667 0.907218
5.288058 1.180000 0.929870
5.302996 1.183333 0.933530
5.317934 1.186667 0.910796
5.332872 1.190000 0.866716
5.347810 1.193333 0.810097
5.362748 1.196667 0.750270
5.377686 1.200000 0.689738
5.392624 1.203333 0.641177
5.407562 1.206667 0.610382
5.422500 1.210000 0.596724
5.437438 1.213333 0.604352
5.452376 1.216667 0.617911
5.467314 1.220000 0.638021
5.482252 1.223333 0.654656
5.497190 1.226667 0.662219
5.512128 1.230000 0.660568
5.527066 1.233333 0.645681
5.542004 1.236667 0.612650
5.556942 1.240000 0.561360
5.571880 1.243333 0.488197
5.586818 1.246667 0.402029
5.601756 1.250000 0.310921
5.616694 1.253333 0.223568
5.631632 1.256667 0.151405
5.646570 1.260000 0.096628
5.661508 1.263333 0.060377
5.676446 1.266667 0.040739
5.691384 1.270000 0.035038
5.706322 1.273333 0.040380
5.721260 1.276667 0.054796
5.736198 1.280000 0.077576
5.751136 1.283333 0.109744
5.766074 1.286667 0.149256
5.781012 1.290000 0.193911
5.795950 1.293333 0.238801
5.810888 1.296667 0.279263
5.825826 1.300000 0.306936
5.840764 1.303333 0.316568
5.855702 1.306667 0.307927
5.870640 1.310000 0.281540
5.885578 1.313333 0.243273
5.900516 1.316667 0.200412
5.915454 1.320000 0.160656
5.930392 1.323333 0.132500
5.945330 1.326667 0.119381
5.960268 1.330000 0.121186
5.975206 1.333333 0.136877
5.990144 1.336667 0.163399
6.005082 1.340000 0.196968
6.020020 1.343333 0.234319
6.034958 1.346667 0.273624
6.049896 1.350000 0.312347
6.064834 1.353333 0.345465
6.079772 1.356667 0.374544
6.094710 1.360000 0.396083
6.109648 1.363333 0.410463
6.124586 1.366667 0.418638
6.139525 1.370000 0.421012
6.154463 1.373333 0.418778
6.169401 1.376667 0.413923
6.184339 1.380000 0.402607
6.199277 1.383333 0.387056
6.214215 1.386667 0.364285
6.229153 1.390000 0.332843
6.244091 1.393333 0.296383
6.259029 1.396667 0.253666
6.273967 1.400000 0.206113
6.288905 1.403333 0.159223
6.303843 1.406667 0.115414
6.318781 1.410000 0.077460
6.333719 1.413333 0.046279
6.348657 1.416667 0.034488
6.363595 1.420000 0.036017
6.378533 1.423333 0.042554
6.393471 1.426667 0.053148
6.408409 1.430000 0.065381
6.423347 1.433333 0.075593
6.438285 1.436667 0.081753
6.453223 1.440000 0.081364
6.468161 1.443333 0.071207
6.483099 1.446667 0.053726
6.498037 1.450000 0.031852
6.512975 1.453333 0.013633
6.527913 1.456667 0.004053
6.542851 1.460000 0.000813
6.557789 1.463333 0.000095
6.572727 1.466667 0.000012
6.587665 1.470000 0.000007
6.602603 1.473333 0.000013
6.617541 1.476667 0.000041
6.632479 1.480000 0.000101
6.647417 1.483333 0.000200
6.662355 1.486667 0.000410
6.677293 1.490000 0.000752
6.692231 1.493333 0.001347
6.707169 1.496667 0.002481
6.722107 1.500000 0.004407
6.737045 1.503333 0.007559
6.751983 1.506667 0.012331
6.766921 1.510000 0.019370
6.781859 1.513333 0.028624
6.796797 1.516667 0.040912
6.811735 1.520000 0.055786
6.826673 1.523333 0.073313
6.841611 1.526667 0.092683
6.856549 1.530000 0.112196
6.871487 1.533333 0.129696
6.886425 1.536667 0.143861
6.901363 1.540000 0.152528
6.916301 1.543333 0.154228
6.931239 1.546667 0.148445
6.946177 1.550000 0.133566
6.961115 1.553333 0.113736
6.976053 1.556667 0.089609
6.990991 1.560000 0.064718
7.005929 1.563333 0.041867
7.020867 1.566667 0.024623
7.035805 1.570000 0.013033
7.050743 1.573333 0.006407
7.065681 1.576667 0.002845
7.080619 1.580000 0.001279
7.095558 1.583333 0.000504
7.110496 1.586667 0.000189
7.125434 1.590000 0.000072
7.140372 1.593333 0.000030
7.155310 1.596667 0.000009
7.170248 1.600000 0.000004
7.185186 1.603333 0.000003
7.200124 1.606667 0.000000
7.215062 1.610000 0.000000
7.230000 1.613333 0.000000
7.244938 1.616667 0.000000
7.259876 1.620000 0.000000
7.274814 1.623333 0.000000
7.289752 1.626667 0.000000
7.304690 1.630000 0.000000
7.319628 1.633333 0.000000
7.334566 1.636667 0.000000
7.349504 1.640000 0.000000
7.364442 1.643333 0.000000
7.379380 1.646667 0.000002
7.394318 1.650000 0.000003
7.409256 1.653333 0.000003
7.424194 1.656667 0.000002
7.439132 1.660000 0.000005
7.454070 1.663333 0.000011
7.469008 1.666667 0.000031
7.483946 1.670000 0.000045
7.498884 1.673333 0.000102
7.513822 1.676667 0.000200
7.528760 1.680000 0.000339
7.543698 1.683333 0.000677
7.558636 1.686667 0.001165
7.573574 1.690000 0.001835
7.588512 1.693333 0.002856
7.603450 1.696667 0.004055
7.618388 1.700000 0.005487
7.633326 1.703333 0.007208
7.648264 1.706667 0.008757
7.663202 1.710000 0.009876
7.678140 1.713333 0.010135
7.693078 1.716667 0.009046
7.708016 1.720000 0.006959
7.722954 1.723333 0.004416
7.737892 1.726667 0.001960
7.752830 1.730000 0.000362
7.767768 1.733333 0.000000
7.782706 1.736667 0.000000
7.797644 1.740000 0.000000
7.812582 1.743333 0.000000
7.827520 1.746667 0.000000
7.842458 1.750000 0.000000
7.857396 1.753333 0.000000
7.872334 1.756667 0.000000
7.887272 1.760000 0.000000
7.902210 1.763333 0.000000
7.917148 1.766667 0.000000
7.932086 1.770000 0.000000
7.947024 1.773333 0.000000
7.961962 1.776667 0.000000
7.976900 1.780000 0.000000
7.991838 1.783333 0.000000
8.006776 1.786667 0.000000
8.021714 1.790000 0.000000
8.036653 1.793333 0.000000
8.051591 1.796667 0.000000
8.066529 1.800000 0.000000
8.081467 1.803333 0.000000
8.096405 1.806667 0.000000
8.111343 1.810000 0.000000
8.126281 1.813333 0.000000
8.141219 1.816667 0.000000
8.156157 1.820000 0.000000
8.171095 1.823333 0.000000
8.186033 1.826667 0.000000
8.200971 1.830000 0.000000
8.215909 1.833333 0.000000
8.230847 1.836667 0.000000
8.245785 1.840000 0.000000
8.260723 1.843333 0.000000
8.275661 1.846667 0.000000
8.290599 1.850000 0.000000
8.305537 1.853333 0.000000
8.320475 1.856667 0.000000
8.335413 1.860000 0.000000
8.350351 1.863333 0.000000
8.365289 1.866667 0.000000
8.380227 1.870000 0.000000
8.395165 1.873333 0.000000
8.410103 1.876667 0.000000
8.425041 1.880000 0.000000
8.439979 1.883333 0.000000
8.454917 1.886667 0.000000
8.469855 1.890000 0.000000
8.484793 1.893333 0.000000
8.499731 1.896667 0.000000
8.514669 1.900000 0.000000
8.529607 1.903333 0.000000
8.544545 1.906667 0.000000
8.559483 1.910000 0.000000
8.574421 1.913333 0.000000
8.589359 1.916667 0.000000
8.604297 1.920000 0.000000
8.619235 1.923333 0.000000
8.634173 1.926667 0.000000
8.649111 1.930000 0.000000
8.664049 1.933333 0.000000
8.678987 1.936667 0.000000
8.693925 1.940000 0.000000
8.708863 1.943333 0.000000
8.723801 1.946667 0.000000
8.738739 1.950000 0.000000
8.753677 1.953333 0.000000
8.768615 1.956667 0.000000
8.783553 1.960000 0.000000
8.798491 1.963333 0.000000
8.813429 1.966667 0.000000
8.828367 1.970000 0.000000
8.843305 1.973333 0.000000
8.858243 1.976667 0.000000
8.873181 1.980000 0.000000
8.888119 1.983333 0.000000
8.903057 1.986667 0.000000
8.917995 1.990000 0.000000
8.932933 1.993333 0.000000
8.947871 1.996667 0.000000
