0.000000 0.000000 0.000000
0.073681 0.003333 0.000000
0.147361 0.006667 0.000000
0.221042 0.010000 0.000000
0.294723 0.013333 0.000000
0.368403 0.016667 0.000000
0.442084 0.020000 0.000000
0.515764 0.023333 0.000000
0.589445 0.026667 0.000000
0.663126 0.030000 0.000000
0.736806 0.033333 0.000000
0.810487 0.036667 0.000000
0.884168 0.040000 0.003438
0.957848 0.043333 0.299478
1.031529 0.046667 1.095536
1.105209 0.050000 1.193401
1.178890 0.053333 1.071554
1.252571 0.056667 1.100047
1.326251 0.060000 1.059679
1.399932 0.063333 1.030676
1.473613 0.066667 1.040182
1.547293 0.070000 1.026829
1.620974 0.073333 0.967288
1.694654 0.076667 1.018565
1.768335 0.080000 1.045373
1.842016 0.083333 1.007220
1.915696 0.086667 0.986584
1.989377 0.090000 0.987388
2.063058 0.093333 0.989281
2.136738 0.096667 1.047194
2.210419 0.100000 1.000487
2.284100 0.103333 1.023876
2.357780 0.106667 0.964822
2.431461 0.110000 0.957518
2.505141 0.113333 0.890459
2.578822 0.116667 0.913655
2.652503 0.120000 0.974728
2.726183 0.123333 0.970467
2.799864 0.126667 0.944930
2.873545 0.130000 0.948770
2.947225 0.133333 0.996149
3.020906 0.136667 0.976789
3.094586 0.140000 1.001201
3.168267 0.143333 0.991121
3.241948 0.146667 1.001861
3.315628 0.150000 0.979336
3.389309 0.153333 0.976471
3.462990 0.156667 0.961094
3.536670 0.160000 0.968474
3.610351 0.163333 1.009874
3.684031 0.166667 1.010876
3.757712 0.170000 1.023672
3.831393 0.173333 0.988708
3.905073 0.176667 1.010060
3.978754 0.180000 0.984997
4.052435 0.183333 0.980770
4.126115 0.186667 1.025474
4.199796 0.190000 1.011285
4.273477 0.193333 0.990428
4.347157 0.196667 0.982690
4.420838 0.200000 1.030010
4.494518 0.203333 1.014679
4.568199 0.206667 1.013394
4.641880 0.210000 1.027578
4.715560 0.213333 1.001168
4.789241 0.216667 1.002918
4.862922 0.220000 0.987035
4.936602 0.223333 0.954205
5.010283 0.226667 0.966984
5.083963 0.230000 0.974671
5.157644 0.233333 0.963156
5.231325 0.236667 0.971762
5.305005 0.240000 0.982309
5.378686 0.243333 1.007030
5.452367 0.246667 1.002596
5.526047 0.250000 1.006721
5.599728 0.253333 0.999523
5.673409 0.256667 0.988903
5.747089 0.260000 0.996605
5.820770 0.263333 1.008953
5.894450 0.266667 0.988376
5.968131 0.270000 0.981879
6.041812 0.273333 0.976506
6.115492 0.276667 0.986945
6.189173 0.280000 0.985238
6.262854 0.283333 0.984191
6.336534 0.286667 0.989519
6.410215 0.290000 0.986503
6.483895 0.293333 1.003713
6.557576 0.296667 0.992887
6.631257 0.300000 0.971013
6.704937 0.303333 0.980749
6.778618 0.306667 0.996656
6.852299 0.310000 0.987439
6.925979 0.313333 0.978454
6.999660 0.316667 0.969390
7.073340 0.320000 0.971849
7.147021 0.323333 0.987827
7.220702 0.326667 0.997916
7.294382 0.330000 1.001574
7.368063 0.333333 0.984513
7.441744 0.336667 0.979704
7.515424 0.340000 0.982992
7.589105 0.343333 0.975480
7.662786 0.346667 0.972167
7.736466 0.350000 0.965667
7.810147 0.353333 0.979945
7.883827 0.356667 0.984138
7.957508 0.360000 0.987409
8.031189 0.363333 0.987939
8.104869 0.366667 0.968943
8.178550 0.370000 0.958872
8.252231 0.373333 0.993742
8.325911 0.376667 0.980832
8.399592 0.380000 0.976005
8.473272 0.383333 0.976760
8.546953 0.386667 0.964426
8.620634 0.390000 0.974391
8.694314 0.393333 0.973489
8.767995 0.396667 0.962356
8.841676 0.400000 0.976598
8.915356 0.403333 0.978174
8.989037 0.406667 0.984122
9.062717 0.410000 0.974415
9.136398 0.413333 0.981720
9.210079 0.416667 0.967046
9.283759 0.420000 0.947417
9.357440 0.423333 0.959435
9.431121 0.426667 0.964900
9.504801 0.430000 0.969486
9.578482 0.433333 0.964023
9.652163 0.436667 0.973651
9.725843 0.440000 0.972505
9.799524 0.443333 0.973937
9.873204 0.446667 0.978091
9.946885 0.450000 0.969147
10.020566 0.453333 0.968527
10.094246 0.456667 0.969422
10.167927 0.460000 0.974811
10.241608 0.463333 0.975356
10.315288 0.466667 0.979500
10.388969 0.470000 0.988612
10.462649 0.473333 0.973900
10.536330 0.476667 0.988949
10.610011 0.480000 0.999081
10.683691 0.483333 0.994969
10.757372 0.486667 0.999294
10.831053 0.490000 0.989046
10.904733 0.493333 0.984471
10.978414 0.496667 0.982993
11.052094 0.500000 0.971366
11.125775 0.503333 0.982000
11.199456 0.506667 0.979389
11.273136 0.510000 0.976990
11.346817 0.513333 0.973151
11.420498 0.516667 0.977530
11.494178 0.520000 0.988728
11.567859 0.523333 0.984449
11.641540 0.526667 1.003256
11.715220 0.530000 0.983780
11.788901 0.533333 0.995827
11.862581 0.536667 0.998143
11.936262 0.540000 1.007349
12.009943 0.543333 1.004479
12.083623 0.546667 0.997538
12.157304 0.550000 0.995841
12.230985 0.553333 0.992561
12.304665 0.556667 0.995728
12.378346 0.560000 0.999632
12.452026 0.563333 0.978826
12.525707 0.566667 0.975109
12.599388 0.570000 0.979724
12.673068 0.573333 0.983634
12.746749 0.576667 0.983831
12.820430 0.580000 0.992216
12.894110 0.583333 0.987445
12.967791 0.586667 0.983373
13.041472 0.590000 0.992929
13.115152 0.593333 0.993456
13.188833 0.596667 0.991251
13.262513 0.600000 0.992083
13.336194 0.603333 0.994292
13.409875 0.606667 1.001731
13.483555 0.610000 0.993871
13.557236 0.613333 0.991125
13.630917 0.616667 0.987455
13.704597 0.620000 0.984972
13.778278 0.623333 0.985697
13.851958 0.626667 0.980353
13.925639 0.630000 0.980049
13.999320 0.633333 0.988712
14.073000 0.636667 0.992356
14.146681 0.640000 0.981443
14.220362 0.643333 0.976981
14.294042 0.646667 0.978042
14.367723 0.650000 0.982378
14.441403 0.653333 0.993986
14.515084 0.656667 0.988583
14.588765 0.660000 0.999282
14.662445 0.663333 0.993481
14.736126 0.666667 0.987182
14.809807 0.670000 0.985504
14.883487 0.673333 0.983731
14.957168 0.676667 0.999071
15.030849 0.680000 0.997291
15.104529 0.683333 1.002717
15.178210 0.686667 0.992117
15.251890 0.690000 0.988332
15.325571 0.693333 1.003926
15.399252 0.696667 0.992533
15.472932 0.700000 0.988145
15.546613 0.703333 0.993645
15.620294 0.706667 0.988412
15.693974 0.710000 0.987128
15.767655 0.713333 0.990180
15.841335 0.716667 0.983204
15.915016 0.720000 0.987280
15.988697 0.723333 0.996793
16.062377 0.726667 0.996360
16.136058 0.730000 1.002270
16.209739 0.733333 1.005204
16.283419 0.736667 0.996134
16.357100 0.740000 1.000086
16.430780 0.743333 0.999756
16.504461 0.746667 1.000706
16.578142 0.750000 1.004823
16.651822 0.753333 1.004416
16.725503 0.756667 0.994514
16.799184 0.760000 0.994692
16.872864 0.763333 0.991489
16.946545 0.766667 0.995599
17.020226 0.770000 0.996954
17.093906 0.773333 0.992092
17.167587 0.776667 0.985670
17.241267 0.780000 0.990490
17.314948 0.783333 0.992203
17.388629 0.786667 0.989996
17.462309 0.790000 0.993286
17.535990 0.793333 0.993463
17.609671 0.796667 0.998190
17.683351 0.800000 1.002175
17.757032 0.803333 1.001369
17.830712 0.806667 0.996300
17.904393 0.810000 1.001377
17.978074 0.813333 1.007326
18.051754 0.816667 1.002243
18.125435 0.820000 0.998896
18.199116 0.823333 1.000316
18.272796 0.826667 0.995477
18.346477 0.830000 0.992896
18.420157 0.833333 0.998090
18.493838 0.836667 0.997237
18.567519 0.840000 0.993815
18.641199 0.843333 0.997900
18.714880 0.846667 1.000847
18.788561 0.850000 0.998092
18.862241 0.853333 0.993881
18.935922 0.856667 1.004496
19.009603 0.860000 1.004272
19.083283 0.863333 1.000936
19.156964 0.866667 0.998646
19.230644 0.870000 1.001167
19.304325 0.873333 0.995735
19.378006 0.876667 0.995060
19.451686 0.880000 0.987301
19.525367 0.883333 0.998186
19.599048 0.886667 1.006626
19.672728 0.890000 1.000174
19.746409 0.893333 1.006179
19.820089 0.896667 0.998944
19.893770 0.900000 0.999734
19.967451 0.903333 1.000829
20.041131 0.906667 0.997571
20.114812 0.910000 0.996437
20.188493 0.913333 0.993033
20.262173 0.916667 0.991075
20.335854 0.920000 0.989758
20.409535 0.923333 0.991108
20.483215 0.926667 0.995186
20.556896 0.930000 0.995533
20.630576 0.933333 1.003865
20.704257 0.936667 1.001407
20.777938 0.940000 0.993784
20.851618 0.943333 0.995136
20.925299 0.946667 0.997055
20.998980 0.950000 0.994735
21.072660 0.953333 0.996335
21.146341 0.956667 0.990068
21.220021 0.960000 0.990103
21.293702 0.963333 0.995415
21.367383 0.966667 0.997511
21.441063 0.970000 0.989041
21.514744 0.973333 0.986303
21.588425 0.976667 0.989831
21.662105 0.980000 1.001296
21.735786 0.983333 1.000489
21.809466 0.986667 0.999152
21.883147 0.990000 0.992203
21.956828 0.993333 0.994587
22.030508 0.996667 0.991137
22.104189 1.000000 0.995096
22.177870 1.003333 0.983435
22.251550 1.006667 0.978298
22.325231 1.010000 0.976571
22.398912 1.013333 0.970218
22.472592 1.016667 0.956127
22.546273 1.020000 0.946600
22.619953 1.023333 0.939480
22.693634 1.026667 0.928398
22.767315 1.030000 0.903274
22.840995 1.033333 0.897013
22.914676 1.036667 0.888208
22.988357 1.040000 0.886447
23.062037 1.043333 0.876466
23.135718 1.046667 0.867967
23.209398 1.050000 0.858518
23.283079 1.053333 0.850340
23.356760 1.056667 0.844499
23.430440 1.060000 0.825519
23.504121 1.063333 0.818604
23.577802 1.066667 0.817787
23.651482 1.070000 0.801342
23.725163 1.073333 0.791567
23.798843 1.076667 0.783832
23.872524 1.080000 0.774257
23.946205 1.083333 0.768641
24.019885 1.086667 0.764020
24.093566 1.090000 0.748870
24.167247 1.093333 0.739270
24.240927 1.096667 0.735380
24.314608 1.100000 0.727341
24.388289 1.103333 0.724706
24.461969 1.106667 0.714922
24.535650 1.110000 0.702290
24.609330 1.113333 0.690707
24.683011 1.116667 0.680623
24.756692 1.120000 0.675822
24.830372 1.123333 0.667547
24.904053 1.126667 0.655977
24.977734 1.130000 0.649000
25.051414 1.133333 0.643586
25.125095 1.136667 0.638323
25.198775 1.140000 0.622625
25.272456 1.143333 0.617263
25.346137 1.146667 0.610899
25.419817 1.150000 0.604854
25.493498 1.153333 0.598285
25.567179 1.156667 0.585691
25.640859 1.160000 0.582205
25.714540 1.163333 0.574116
25.788220 1.166667 0.569163
25.861901 1.170000 0.562650
25.935582 1.173333 0.550280
26.009262 1.176667 0.543714
26.082943 1.180000 0.541491
26.156624 1.183333 0.535254
26.230304 1.186667 0.530370
26.303985 1.190000 0.522940
26.377666 1.193333 0.511360
26.451346 1.196667 0.504639
26.525027 1.200000 0.502546
26.598707 1.203333 0.492542
26.672388 1.206667 0.481314
26.746069 1.210000 0.477764
26.819749 1.213333 0.470914
26.893430 1.216667 0.461776
26.967111 1.220000 0.455886
27.040791 1.223333 0.448215
27.114472 1.226667 0.442201
27.188152 1.230000 0.435566
27.261833 1.233333 0.428525
27.335514 1.236667 0.424025
27.409194 1.240000 0.416488
27.482875 1.243333 0.410888
27.556556 1.246667 0.405233
27.630236 1.250000 0.400070
27.703917 1.253333 0.392018
27.777597 1.256667 0.385101
27.851278 1.260000 0.378624
27.924959 1.263333 0.372728
27.998639 1.266667 0.366377
28.072320 1.270000 0.362867
28.146001 1.273333 0.356377
28.219681 1.276667 0.348900
28.293362 1.280000 0.342043
28.367043 1.283333 0.335922
28.440723 1.286667 0.329644
28.514404 1.290000 0.323434
28.588084 1.293333 0.314994
28.661765 1.296667 0.307950
28.735446 1.300000 0.306278
28.809126 1.303333 0.302190
28.882807 1.306667 0.294630
28.956488 1.310000 0.287659
29.030168 1.313333 0.280031
29.103849 1.316667 0.273131
29.177529 1.320000 0.269084
29.251210 1.323333 0.265789
29.324891 1.326667 0.261357
29.398571 1.330000 0.258022
29.472252 1.333333 0.251518
29.545933 1.336667 0.248397
29.619613 1.340000 0.241343
29.693294 1.343333 0.235550
29.766975 1.346667 0.226592
29.840655 1.350000 0.221023
29.914336 1.353333 0.216360
29.988016 1.356667 0.209790
30.061697 1.360000 0.205513
30.135378 1.363333 0.200239
30.209058 1.366667 0.195269
30.282739 1.370000 0.191378
30.356420 1.373333 0.183695
30.430100 1.376667 0.178512
30.503781 1.380000 0.170902
30.577461 1.383333 0.167154
30.651142 1.386667 0.161704
30.724823 1.390000 0.154691
30.798503 1.393333 0.150994
30.872184 1.396667 0.145735
30.945865 1.400000 0.141828
31.019545 1.403333 0.137014
31.093226 1.406667 0.133054
31.166906 1.410000 0.128258
31.240587 1.413333 0.122130
31.314268 1.416667 0.116422
31.387948 1.420000 0.113460
31.461629 1.423333 0.110435
31.535310 1.426667 0.109297
31.608990 1.430000 0.103925
31.682671 1.433333 0.100328
31.756352 1.436667 0.095642
31.830032 1.440000 0.090613
31.903713 1.443333 0.087879
31.977393 1.446667 0.084703
32.051074 1.450000 0.083155
32.124755 1.453333 0.080362
32.198435 1.456667 0.077102
32.272116 1.460000 0.074501
32.345797 1.463333 0.072160
32.419477 1.466667 0.067876
32.493158 1.470000 0.065952
32.566838 1.473333 0.064497
32.640519 1.476667 0.061948
32.714200 1.480000 0.060903
32.787880 1.483333 0.059080
32.861561 1.486667 0.056932
32.935242 1.490000 0.055045
33.008922 1.493333 0.052599
33.082603 1.496667 0.050555
33.156283 1.500000 0.049652
33.229964 1.503333 0.047136
33.303645 1.506667 0.045638
33.377325 1.510000 0.043436
33.451006 1.513333 0.041270
33.524687 1.516667 0.039927
33.598367 1.520000 0.038906
33.672048 1.523333 0.036212
33.745729 1.526667 0.034158
33.819409 1.530000 0.032907
33.893090 1.533333 0.031872
33.966770 1.536667 0.030290
34.040451 1.540000 0.029750
34.114132 1.543333 0.028502
34.187812 1.546667 0.027543
34.261493 1.550000 0.026221
34.335174 1.553333 0.024608
34.408854 1.556667 0.023858
34.482535 1.560000 0.022223
34.556215 1.563333 0.021902
34.629896 1.566667 0.021320
34.703577 1.570000 0.020120
34.777257 1.573333 0.019485
34.850938 1.576667 0.018402
34.924619 1.580000 0.017251
34.998299 1.583333 0.016493
35.071980 1.586667 0.015368
35.145660 1.590000 0.014244
35.219341 1.593333 0.013772
35.293022 1.596667 0.012992
35.366702 1.600000 0.012176
35.440383 1.603333 0.011629
35.514064 1.606667 0.010921
35.587744 1.610000 0.010203
35.661425 1.613333 0.009555
35.735106 1.616667 0.008938
35.808786 1.620000 0.008484
35.882467 1.623333 0.008061
35.956147 1.626667 0.007853
36.029828 1.630000 0.007049
36.103509 1.633333 0.006660
36.177189 1.636667 0.006266
36.250870 1.640000 0.005870
36.324551 1.643333 0.005249
36.398231 1.646667 0.004742
36.471912 1.650000 0.004413
36.545592 1.653333 0.003967
36.619273 1.656667 0.003586
36.692954 1.660000 0.003394
36.766634 1.663333 0.002934
36.840315 1.666667 0.002691
36.913996 1.670000 0.002383
36.987676 1.673333 0.002138
37.061357 1.676667 0.001759
37.135038 1.680000 0.001516
37.208718 1.683333 0.001468
37.282399 1.686667 0.001148
37.356079 1.690000 0.000899
37.429760 1.693333 0.000753
37.503441 1.696667 0.000589
37.577121 1.700000 0.000400
37.650802 1.703333 0.000386
37.724483 1.706667 0.000294
37.798163 1.710000 0.000255
37.871844 1.713333 0.000181
37.945524 1.716667 0.000139
38.019205 1.720000 0.000057
38.092886 1.723333 0.000037
38.166566 1.726667 0.000013
38.240247 1.730000 0.000008
38.313928 1.733333 0.000000
38.387608 1.736667 0.000000
38.461289 1.740000 0.000000
38.534969 1.743333 0.000000
38.608650 1.746667 0.000000
38.682331 1.750000 0.000000
38.756011 1.753333 0.000000
38.829692 1.756667 0.000000
38.903373 1.760000 0.000000
38.977053 1.763333 0.000000
39.050734 1.766667 0.000000
39.124415 1.770000 0.000000
39.198095 1.773333 0.000000
39.271776 1.776667 0.000000
39.345456 1.780000 0.000000
39.419137 1.783333 0.000000
39.492818 1.786667 0.000000
39.566498 1.790000 0.000000
39.640179 1.793333 0.000000
39.713860 1.796667 0.000000
39.787540 1.800000 0.000000
39.861221 1.803333 0.000000
39.934901 1.806667 0.000000
40.008582 1.810000 0.000000
40.082263 1.813333 0.000000
40.155943 1.816667 0.000000
40.229624 1.820000 0.000000
40.303305 1.823333 0.000000
40.376985 1.826667 0.000000
40.450666 1.830000 0.000000
40.524346 1.833333 0.000000
40.598027 1.836667 0.000000
40.671708 1.840000 0.000000
40.745388 1.843333 0.000000
40.819069 1.846667 0.000000
40.892750 1.850000 0.000000
40.966430 1.853333 0.000000
41.040111 1.856667 0.000000
41.113792 1.860000 0.000000
41.187472 1.863333 0.000000
41.261153 1.866667 0.000000
41.334833 1.870000 0.000000
41.408514 1.873333 0.000000
41.482195 1.876667 0.000000
41.555875 1.880000 0.000000
41.629556 1.883333 0.000000
41.703237 1.886667 0.000000
41.776917 1.890000 0.000000
41.850598 1.893333 0.000000
41.924278 1.896667 0.000000
41.997959 1.900000 0.000000
42.071640 1.903333 0.000000
42.145320 1.906667 0.000000
42.219001 1.910000 0.000000
42.292682 1.913333 0.000000
42.366362 1.916667 0.000000
42.440043 1.920000 0.000000
42.513723 1.923333 0.000000
42.587404 1.926667 0.000000
42.661085 1.930000 0.000000
42.734765 1.933333 0.000000
42.808446 1.936667 0.000000
42.882127 1.940000 0.000000
42.955807 1.943333 0.000000
43.029488 1.946667 0.000000
43.103169 1.950000 0.000000
43.176849 1.953333 0.000000
43.250530 1.956667 0.000000
43.324210 1.960000 0.000000
43.397891 1.963333 0.000000
43.471572 1.966667 0.000000
43.545252 1.970000 0.000000
43.618933 1.973333 0.000000
43.692614 1.976667 0.000000
43.766294 1.980000 0.000000
43.839975 1.983333 0.000000
43.913655 1.986667 0.000000
43.987336 1.990000 0.000000
44.061017 1.993333 0.000000
44.134697 1.996667 0.000000
