0.000000 0.000000 0.000000
0.017100 0.003333 0.000000
0.034200 0.006667 0.000000
0.051299 0.010000 0.000000
0.068399 0.013333 0.000000
0.085499 0.016667 0.000000
0.102599 0.020000 0.000000
0.119698 0.023333 0.000000
0.136798 0.026667 0.000000
0.153898 0.030000 0.000000
0.170998 0.033333 0.000000
0.188097 0.036667 0.000000
0.205197 0.040000 0.000000
0.222297 0.043333 0.000000
0.239397 0.046667 0.000000
0.256496 0.050000 0.000000
0.273596 0.053333 0.000000
0.290696 0.056667 0.000000
0.307796 0.060000 0.000000
0.324895 0.063333 0.000000
0.341995 0.066667 0.000000
0.359095 0.070000 0.000000
0.376195 0.073333 0.000000
0.393294 0.076667 0.000000
0.410394 0.080000 0.000000
0.427494 0.083333 0.000000
0.444594 0.086667 0.000000
0.461694 0.090000 0.000000
0.478793 0.093333 0.000000
0.495893 0.096667 0.000000
0.512993 0.100000 0.000000
0.530093 0.103333 0.000000
0.547192 0.106667 0.000000
0.564292 0.110000 0.000000
0.581392 0.113333 0.000000
0.598492 0.116667 0.000000
0.615591 0.120000 0.000000
0.632691 0.123333 0.000000
0.649791 0.126667 0.000000
0.666891 0.130000 0.000000
0.683990 0.133333 0.000000
0.701090 0.136667 0.000000
0.718190 0.140000 0.000000
0.735290 0.143333 0.000000
0.752389 0.146667 0.000000
0.769489 0.150000 0.000000
0.786589 0.153333 0.000000
0.803689 0.156667 0.000000
0.820788 0.160000 0.000000
0.837888 0.163333 0.000000
0.854988 0.166667 0.000048
0.872088 0.170000 0.000168
0.889187 0.173333 0.001404
0.906287 0.176667 0.013262
0.923387 0.180000 0.063448
0.940487 0.183333 0.193685
0.957587 0.186667 0.461249
0.974686 0.190000 0.848427
0.991786 0.193333 1.308976
1.008886 0.196667 1.737084
1.025986 0.200000 2.114146
1.043085 0.203333 2.370121
1.060185 0.206667 2.524403
1.077285 0.210000 2.565129
1.094385 0.213333 2.520630
1.111484 0.216667 2.440878
1.128584 0.220000 2.309142
1.145684 0.223333 2.143165
1.162784 0.226667 1.987464
1.179883 0.230000 1.823872
1.196983 0.233333 1.687594
1.214083 0.236667 1.563000
1.231183 0.240000 1.435677
1.248282 0.243333 1.335776
1.265382 0.246667 1.237989
1.282482 0.250000 1.139421
1.299582 0.253333 1.076124
1.316681 0.256667 1.017360
1.333781 0.260000 0.953847
1.350881 0.263333 0.902433
1.367981 0.266667 0.858428
1.385081 0.270000 0.811322
1.402180 0.273333 0.781560
1.419280 0.276667 0.756034
1.436380 0.280000 0.738582
1.453480 0.283333 0.721127
1.470579 0.286667 0.695428
1.487679 0.290000 0.687664
1.504779 0.293333 0.678936
1.521879 0.296667 0.661978
1.538978 0.300000 0.662832
1.556078 0.303333 0.654516
1.573178 0.306667 0.664651
1.590278 0.310000 0.668745
1.607377 0.313333 0.663933
1.624477 0.316667 0.668166
1.641577 0.320000 0.679929
1.658677 0.323333 0.690267
1.675776 0.326667 0.709545
1.692876 0.330000 0.735038
1.709976 0.333333 0.758921
1.727076 0.336667 0.781476
1.744175 0.340000 0.806152
1.761275 0.343333 0.835432
1.778375 0.346667 0.865856
1.795475 0.350000 0.888250
1.812575 0.353333 0.919367
1.829674 0.356667 0.945464
1.846774 0.360000 0.962327
1.863874 0.363333 0.986009
1.880974 0.366667 1.009092
1.898073 0.370000 1.034681
1.915173 0.373333 1.063804
1.932273 0.376667 1.088572
1.949373 0.380000 1.113985
1.966472 0.383333 1.136292
1.983572 0.386667 1.155715
2.000672 0.390000 1.179096
2.017772 0.393333 1.189813
2.034871 0.396667 1.201331
2.051971 0.400000 1.207437
2.069071 0.403333 1.202968
2.086171 0.406667 1.209198
2.103270 0.410000 1.202301
2.120370 0.413333 1.198700
2.137470 0.416667 1.186928
2.154570 0.420000 1.177069
2.171669 0.423333 1.158052
2.188769 0.426667 1.135936
2.205869 0.430000 1.119538
2.222969 0.433333 1.093286
2.240068 0.436667 1.072878
2.257168 0.440000 1.057453
2.274268 0.443333 1.036286
2.291368 0.446667 1.015003
2.308468 0.450000 0.998849
2.325567 0.453333 0.982382
2.342667 0.456667 0.963887
2.359767 0.460000 0.945836
2.376867 0.463333 0.933714
2.393966 0.466667 0.925994
2.411066 0.470000 0.908110
2.428166 0.473333 0.901157
2.445266 0.476667 0.897271
2.462365 0.480000 0.896377
2.479465 0.483333 0.887706
2.496565 0.486667 0.887226
2.513665 0.490000 0.886350
2.530764 0.493333 0.881876
2.547864 0.496667 0.880962
2.564964 0.500000 0.882475
2.582064 0.503333 0.893999
2.599163 0.506667 0.902496
2.616263 0.510000 0.905982
2.633363 0.513333 0.910017
2.650463 0.516667 0.924423
2.667562 0.520000 0.924161
2.684662 0.523333 0.935554
2.701762 0.526667 0.948525
2.718862 0.530000 0.950634
2.735962 0.533333 0.959694
2.753061 0.536667 0.970886
2.770161 0.540000 0.983236
2.787261 0.543333 0.991671
2.804361 0.546667 0.999516
2.821460 0.550000 1.006193
2.838560 0.553333 1.010668
2.855660 0.556667 1.021718
2.872760 0.560000 1.026071
2.889859 0.563333 1.033581
2.906959 0.566667 1.039289
2.924059 0.570000 1.042065
2.941159 0.573333 1.044092
2.958258 0.576667 1.043920
2.975358 0.580000 1.047694
2.992458 0.583333 1.050737
3.009558 0.586667 1.054574
3.026657 0.590000 1.056017
3.043757 0.593333 1.058272
3.060857 0.596667 1.053511
3.077957 0.600000 1.049692
3.095056 0.603333 1.048853
3.112156 0.606667 1.046102
3.129256 0.610000 1.040196
3.146356 0.613333 1.033217
3.163456 0.616667 1.030283
3.180555 0.620000 1.026345
3.197655 0.623333 1.019325
3.214755 0.626667 1.013636
3.231855 0.630000 1.006795
3.248954 0.633333 0.995461
3.266054 0.636667 0.993936
3.283154 0.640000 0.989348
3.300254 0.643333 0.982399
3.317353 0.646667 0.982553
3.334453 0.650000 0.981541
3.351553 0.653333 0.982006
3.368653 0.656667 0.973737
3.385752 0.660000 0.967695
3.402852 0.663333 0.965737
3.419952 0.666667 0.964888
3.437052 0.670000 0.963152
3.454151 0.673333 0.963113
3.471251 0.676667 0.958667
3.488351 0.680000 0.955246
3.505451 0.683333 0.952145
3.522550 0.686667 0.958124
3.539650 0.690000 0.957899
3.556750 0.693333 0.957156
3.573850 0.696667 0.961608
3.590949 0.700000 0.965580
3.608049 0.703333 0.967224
3.625149 0.706667 0.972411
3.642249 0.710000 0.979111
3.659349 0.713333 0.980490
3.676448 0.716667 0.982655
3.693548 0.720000 0.984782
3.710648 0.723333 0.989151
3.727748 0.726667 0.994631
3.744847 0.730000 0.996008
3.761947 0.733333 1.003078
3.779047 0.736667 1.002529
3.796147 0.740000 1.008593
3.813246 0.743333 1.009755
3.830346 0.746667 1.008613
3.847446 0.750000 1.012870
3.864546 0.753333 1.011994
3.881645 0.756667 1.017087
3.898745 0.760000 1.020458
3.915845 0.763333 1.017539
3.932945 0.766667 1.015404
3.950044 0.770000 1.017704
3.967144 0.773333 1.014287
3.984244 0.776667 1.014627
4.001344 0.780000 1.011934
4.018443 0.783333 1.017067
4.035543 0.786667 1.012479
4.052643 0.790000 1.011668
4.069743 0.793333 1.007923
4.086843 0.796667 1.007905
4.103942 0.800000 1.008263
4.121042 0.803333 1.008357
4.138142 0.806667 1.007020
4.155242 0.810000 1.003761
4.172341 0.813333 1.003825
4.189441 0.816667 1.004285
4.206541 0.820000 0.997985
4.223641 0.823333 0.995074
4.240740 0.826667 0.993558
4.257840 0.830000 0.992928
4.274940 0.833333 0.990284
4.292040 0.836667 0.987894
4.309139 0.840000 0.981705
4.326239 0.843333 0.981590
4.343339 0.846667 0.982749
4.360439 0.850000 0.982243
4.377538 0.853333 0.984697
4.394638 0.856667 0.980365
4.411738 0.860000 0.978944
4.428838 0.863333 0.982490
4.445937 0.866667 0.981316
4.463037 0.870000 0.981501
4.480137 0.873333 0.980092
4.497237 0.876667 0.985318
4.514336 0.880000 0.986410
4.531436 0.883333 0.984490
4.548536 0.886667 0.988754
4.565636 0.890000 0.988832
4.582736 0.893333 0.988284
4.599835 0.896667 0.990481
4.616935 0.900000 0.991492
4.634035 0.903333 0.991411
4.651135 0.906667 0.992916
4.668234 0.910000 0.992635
4.685334 0.913333 0.997933
4.702434 0.916667 0.998040
4.719534 0.920000 1.002223
4.736633 0.923333 1.001094
4.753733 0.926667 1.002860
4.770833 0.930000 1.001842
4.787933 0.933333 1.000165
4.805032 0.936667 1.003429
4.822132 0.940000 1.005793
4.839232 0.943333 1.006106
4.856332 0.946667 1.007465
4.873431 0.950000 1.006886
4.890531 0.953333 1.003700
4.907631 0.956667 1.004001
4.924731 0.960000 1.007153
4.941830 0.963333 1.007511
4.958930 0.966667 1.003757
4.976030 0.970000 1.003858
4.993130 0.973333 1.002019
5.010230 0.976667 1.000917
5.027329 0.980000 1.003040
5.044429 0.983333 1.000881
5.061529 0.986667 1.002408
5.078629 0.990000 1.000866
5.095728 0.993333 0.999599
5.112828 0.996667 0.998779
5.129928 1.000000 0.999016
5.147028 1.003333 0.988501
5.164127 1.006667 0.979481
5.181227 1.010000 0.966680
5.198327 1.013333 0.954292
5.215427 1.016667 0.945364
5.232526 1.020000 0.935369
5.249626 1.023333 0.920041
5.266726 1.026667 0.910951
5.283826 1.030000 0.902631
5.300925 1.033333 0.892187
5.318025 1.036667 0.884159
5.335125 1.040000 0.873625
5.352225 1.043333 0.863640
5.369324 1.046667 0.854676
5.386424 1.050000 0.848797
5.403524 1.053333 0.839428
5.420624 1.056667 0.830546
5.437724 1.060000 0.822453
5.454823 1.063333 0.813341
5.471923 1.066667 0.805472
5.489023 1.070000 0.799775
5.506123 1.073333 0.793352
5.523222 1.076667 0.783271
5.540322 1.080000 0.774020
5.557422 1.083333 0.765714
5.574522 1.086667 0.759030
5.591621 1.090000 0.750915
5.608721 1.093333 0.741946
5.625821 1.096667 0.734463
5.642921 1.100000 0.724742
5.660020 1.103333 0.717526
5.677120 1.106667 0.710708
5.694220 1.110000 0.701638
5.711320 1.113333 0.694459
5.728419 1.116667 0.687471
5.745519 1.120000 0.680707
5.762619 1.123333 0.673876
5.779719 1.126667 0.666029
5.796818 1.130000 0.658159
5.813918 1.133333 0.650531
5.831018 1.136667 0.641621
5.848118 1.140000 0.630847
5.865217 1.143333 0.624532
5.882317 1.146667 0.616565
5.899417 1.150000 0.608570
5.916517 1.153333 0.599179
5.933617 1.156667 0.592560
5.950716 1.160000 0.585066
5.967816 1.163333 0.577131
5.984916 1.166667 0.571162
6.002016 1.170000 0.564351
6.019115 1.173333 0.557557
6.036215 1.176667 0.548205
6.053315 1.180000 0.539583
6.070415 1.183333 0.531400
6.087514 1.186667 0.523461
6.104614 1.190000 0.519065
6.121714 1.193333 0.512157
6.138814 1.196667 0.505838
6.155913 1.200000 0.497649
6.173013 1.203333 0.491699
6.190113 1.206667 0.484506
6.207213 1.210000 0.476887
6.224312 1.213333 0.469772
6.241412 1.216667 0.464212
6.258512 1.220000 0.456988
6.275612 1.223333 0.450960
6.292711 1.226667 0.444735
6.309811 1.230000 0.436369
6.326911 1.233333 0.430578
6.344011 1.236667 0.423052
6.361111 1.240000 0.415978
6.378210 1.243333 0.409745
6.395310 1.246667 0.404487
6.412410 1.250000 0.398851
6.429510 1.253333 0.393547
6.446609 1.256667 0.384856
6.463709 1.260000 0.379256
6.480809 1.263333 0.373101
6.497909 1.266667 0.368221
6.515008 1.270000 0.361544
6.532108 1.273333 0.353789
6.549208 1.276667 0.347746
6.566308 1.280000 0.341951
6.583407 1.283333 0.335403
6.600507 1.286667 0.330346
6.617607 1.290000 0.324938
6.634707 1.293333 0.318418
6.651806 1.296667 0.314213
6.668906 1.300000 0.309439
6.686006 1.303333 0.302206
6.703106 1.306667 0.297404
6.720205 1.310000 0.289935
6.737305 1.313333 0.284683
6.754405 1.316667 0.280176
6.771505 1.320000 0.273370
6.788605 1.323333 0.267663
6.805704 1.326667 0.262416
6.822804 1.330000 0.256472
6.839904 1.333333 0.250416
6.857004 1.336667 0.244713
6.874103 1.340000 0.237890
6.891203 1.343333 0.232729
6.908303 1.346667 0.226897
6.925403 1.350000 0.221578
6.942502 1.353333 0.216029
6.959602 1.356667 0.210620
6.976702 1.360000 0.205190
6.993802 1.363333 0.199561
7.010901 1.366667 0.193620
7.028001 1.370000 0.188842
7.045101 1.373333 0.183503
7.062201 1.376667 0.178089
7.079300 1.380000 0.173219
7.096400 1.383333 0.168709
7.113500 1.386667 0.162855
7.130600 1.390000 0.156956
7.147699 1.393333 0.151636
7.164799 1.396667 0.146773
7.181899 1.400000 0.141071
7.198999 1.403333 0.135881
7.216098 1.406667 0.131748
7.233198 1.410000 0.126675
7.250298 1.413333 0.121942
7.267398 1.416667 0.117713
7.284498 1.420000 0.112736
7.301597 1.423333 0.108679
7.318697 1.426667 0.105262
7.335797 1.430000 0.102025
7.352897 1.433333 0.098925
7.369996 1.436667 0.095602
7.387096 1.440000 0.092280
7.404196 1.443333 0.088710
7.421296 1.446667 0.085229
7.438395 1.450000 0.082263
7.455495 1.453333 0.079537
7.472595 1.456667 0.077250
7.489695 1.460000 0.074413
7.506794 1.463333 0.071823
7.523894 1.466667 0.068993
7.540994 1.470000 0.067575
7.558094 1.473333 0.064637
7.575193 1.476667 0.062794
7.592293 1.480000 0.060590
7.609393 1.483333 0.058614
7.626493 1.486667 0.055985
7.643592 1.490000 0.053803
7.660692 1.493333 0.051767
7.677792 1.496667 0.050127
7.694892 1.500000 0.048110
7.711992 1.503333 0.045951
7.729091 1.506667 0.044611
7.746191 1.510000 0.042867
7.763291 1.513333 0.040940
7.780391 1.516667 0.039488
7.797490 1.520000 0.038582
7.814590 1.523333 0.037453
7.831690 1.526667 0.035813
7.848790 1.530000 0.034575
7.865889 1.533333 0.033088
7.882989 1.536667 0.031753
7.900089 1.540000 0.029862
7.917189 1.543333 0.028394
7.934288 1.546667 0.027284
7.951388 1.550000 0.026048
7.968488 1.553333 0.024859
7.985588 1.556667 0.023608
8.002687 1.560000 0.022862
8.019787 1.563333 0.021547
8.036887 1.566667 0.020275
8.053987 1.570000 0.019340
8.071086 1.573333 0.018491
8.088186 1.576667 0.017560
8.105286 1.580000 0.016755
8.122386 1.583333 0.015908
8.139486 1.586667 0.015213
8.156585 1.590000 0.014219
8.173685 1.593333 0.013646
8.190785 1.596667 0.012928
8.207885 1.600000 0.012561
8.224984 1.603333 0.011929
8.242084 1.606667 0.011230
8.259184 1.610000 0.010783
8.276284 1.613333 0.010208
8.293383 1.616667 0.009414
8.310483 1.620000 0.008668
8.327583 1.623333 0.008236
8.344683 1.626667 0.007678
8.361782 1.630000 0.007125
8.378882 1.633333 0.006670
8.395982 1.636667 0.006324
8.413082 1.640000 0.005581
8.430181 1.643333 0.005148
8.447281 1.646667 0.004730
8.464381 1.650000 0.004320
8.481481 1.653333 0.004059
8.498580 1.656667 0.003622
8.515680 1.660000 0.003202
8.532780 1.663333 0.002857
8.549880 1.666667 0.002545
8.566979 1.670000 0.002308
8.584079 1.673333 0.002048
8.601179 1.676667 0.001688
8.618279 1.680000 0.001415
8.635379 1.683333 0.001325
8.652478 1.686667 0.001156
8.669578 1.690000 0.000946
8.686678 1.693333 0.000854
8.703778 1.696667 0.000663
8.720877 1.700000 0.000564
8.737977 1.703333 0.000428
8.755077 1.706667 0.000347
8.772177 1.710000 0.000249
8.789276 1.713333 0.000213
8.806376 1.716667 0.000148
8.823476 1.720000 0.000089
8.840576 1.723333 0.000045
8.857675 1.726667 0.000017
8.874775 1.730000 0.000003
8.891875 1.733333 0.000000
8.908975 1.736667 0.000000
8.926074 1.740000 0.000000
8.943174 1.743333 0.000000
8.960274 1.746667 0.000000
8.977374 1.750000 0.000000
8.994473 1.753333 0.000000
9.011573 1.756667 0.000000
9.028673 1.760000 0.000000
9.045773 1.763333 0.000000
9.062873 1.766667 0.000000
9.079972 1.770000 0.000000
9.097072 1.773333 0.000000
9.114172 1.776667 0.000000
9.131272 1.780000 0.000000
9.148371 1.783333 0.000000
9.165471 1.786667 0.000000
9.182571 1.790000 0.000000
9.199671 1.793333 0.000000
9.216770 1.796667 0.000000
9.233870 1.800000 0.000000
9.250970 1.803333 0.000000
9.268070 1.806667 0.000000
9.285169 1.810000 0.000000
9.302269 1.813333 0.000000
9.319369 1.816667 0.000000
9.336469 1.820000 0.000000
9.353568 1.823333 0.000000
9.370668 1.826667 0.000000
9.387768 1.830000 0.000000
9.404868 1.833333 0.000000
9.421967 1.836667 0.000000
9.439067 1.840000 0.000000
9.456167 1.843333 0.000000
9.473267 1.846667 0.000000
9.490367 1.850000 0.000000
9.507466 1.853333 0.000000
9.524566 1.856667 0.000000
9.541666 1.860000 0.000000
9.558766 1.863333 0.000000
9.575865 1.866667 0.000000
9.592965 1.870000 0.000000
9.610065 1.873333 0.000000
9.627165 1.876667 0.000000
9.644264 1.880000 0.000000
9.661364 1.883333 0.000000
9.678464 1.886667 0.000000
9.695564 1.890000 0.000000
9.712663 1.893333 0.000000
9.729763 1.896667 0.000000
9.746863 1.900000 0.000000
9.763963 1.903333 0.000000
9.781062 1.906667 0.000000
9.798162 1.910000 0.000000
9.815262 1.913333 0.000000
9.832362 1.916667 0.000000
9.849461 1.920000 0.000000
9.866561 1.923333 0.000000
9.883661 1.926667 0.000000
9.900761 1.930000 0.000000
9.917860 1.933333 0.000000
9.934960 1.936667 0.000000
9.952060 1.940000 0.000000
9.969160 1.943333 0.000000
9.986260 1.946667 0.000000
10.003359 1.950000 0.000000
10.020459 1.953333 0.000000
10.037559 1.956667 0.000000
10.054659 1.960000 0.000000
10.071758 1.963333 0.000000
10.088858 1.966667 0.000000
10.105958 1.970000 0.000000
10.123058 1.973333 0.000000
10.140157 1.976667 0.000000
10.157257 1.980000 0.000000
10.174357 1.983333 0.000000
10.191457 1.986667 0.000000
10.208556 1.990000 0.000000
10.225656 1.993333 0.000000
10.242756 1.996667 0.000000
