2.50000E-02 9.99375E-01 -2.49844E-02 4.99688E-01
5.00000E-02 9.98127E-01 -4.99376E-02 4.99376E-01
7.50000E-02 9.96256E-01 -7.48440E-02 4.99064E-01
1.00000E-01 9.93764E-01 -9.96880E-02 4.98752E-01
1.25000E-01 9.90652E-01 -1.24454E-01 4.98440E-01
1.50000E-01 9.86924E-01 -1.49127E-01 4.98129E-01
1.75000E-01 9.82582E-01 -1.73692E-01 4.97818E-01
2.00000E-01 9.77628E-01 -1.98133E-01 4.97507E-01
2.25000E-01 9.72068E-01 -2.22434E-01 4.97196E-01
2.50000E-01 9.65903E-01 -2.46582E-01 4.96886E-01
2.75000E-01 9.59139E-01 -2.70560E-01 4.96575E-01
3.00000E-01 9.51780E-01 -2.94355E-01 4.96265E-01
3.25000E-01 9.43831E-01 -3.17951E-01 4.95955E-01
3.50000E-01 9.35298E-01 -3.41333E-01 4.95645E-01
3.75000E-01 9.26186E-01 -3.64488E-01 4.95336E-01
4.00000E-01 9.16501E-01 -3.87400E-01 4.95026E-01
4.25000E-01 9.06249E-01 -4.10057E-01 4.94717E-01
4.50000E-01 8.95438E-01 -4.32443E-01 4.94408E-01
4.75000E-01 8.84075E-01 -4.54544E-01 4.94099E-01
5.00000E-01 8.72166E-01 -4.76349E-01 4.93791E-01
5.25000E-01 8.59720E-01 -4.97842E-01 4.93482E-01
5.50000E-01 8.46745E-01 -5.19010E-01 4.93174E-01
5.75000E-01 8.33249E-01 -5.39841E-01 4.92866E-01
6.00000E-01 8.19241E-01 -5.60322E-01 4.92558E-01
6.25000E-01 8.04730E-01 -5.80441E-01 4.92251E-01
6.50000E-01 7.89725E-01 -6.00184E-01 4.91943E-01
6.75000E-01 7.74237E-01 -6.19540E-01 4.91636E-01
7.00000E-01 7.58274E-01 -6.38497E-01 4.91329E-01
7.25000E-01 7.41848E-01 -6.57043E-01 4.91022E-01
7.50000E-01 7.24969E-01 -6.75167E-01 4.90715E-01
7.75000E-01 7.07647E-01 -6.92858E-01 4.90409E-01
8.00000E-01 6.89895E-01 -7.10106E-01 4.90102E-01
8.25000E-01 6.71722E-01 -7.26899E-01 4.89796E-01
8.50000E-01 6.53142E-01 -7.43227E-01 4.89490E-01
8.75000E-01 6.34165E-01 -7.59081E-01 4.89185E-01
9.00000E-01 6.14803E-01 -7.74451E-01 4.88879E-01
9.25000E-01 5.95070E-01 -7.89328E-01 4.88574E-01
9.50000E-01 5.74978E-01 -8.03703E-01 4.88269E-01
9.75000E-01 5.54538E-01 -8.17566E-01 4.87964E-01
1.00000E+00 5.33766E-01 -8.30910E-01 4.87659E-01
1.02500E+00 5.12673E-01 -8.43727E-01 4.87354E-01
1.05000E+00 4.91272E-01 -8.56009E-01 4.87050E-01
1.07500E+00 4.69579E-01 -8.67748E-01 4.86746E-01
1.10000E+00 4.47605E-01 -8.78938E-01 4.86442E-01
1.12500E+00 4.25366E-01 -8.89573E-01 4.86138E-01
1.15000E+00 4.02875E-01 -8.99644E-01 4.85834E-01
1.17500E+00 3.80146E-01 -9.09148E-01 4.85531E-01
1.20000E+00 3.57194E-01 -9.18078E-01 4.85227E-01
1.22500E+00 3.34033E-01 -9.26429E-01 4.84924E-01
1.25000E+00 3.10678E-01 -9.34196E-01 4.84621E-01
1.27500E+00 2.87144E-01 -9.41374E-01 4.84319E-01
1.30000E+00 2.63445E-01 -9.47960E-01 4.84016E-01
1.32500E+00 2.39596E-01 -9.53950E-01 4.83714E-01
1.35000E+00 2.15613E-01 -9.59341E-01 4.83412E-01
1.37500E+00 1.91510E-01 -9.64128E-01 4.83110E-01
1.40000E+00 1.67302E-01 -9.68311E-01 4.82808E-01
1.42500E+00 1.43005E-01 -9.71886E-01 4.82506E-01
1.45000E+00 1.18633E-01 -9.74852E-01 4.82205E-01
1.47500E+00 9.42032E-02 -9.77207E-01 4.81904E-01
1.50000E+00 6.97295E-02 -9.78950E-01 4.81603E-01
1.52500E+00 4.52274E-02 -9.80081E-01 4.81302E-01
1.55000E+00 2.07125E-02 -9.80599E-01 4.81001E-01
1.57500E+00 -3.80013E-03 -9.80504E-01 4.80701E-01
1.60000E+00 -2.82950E-02 -9.79796E-01 4.80401E-01
1.62500E+00 -5.27570E-02 -9.78477E-01 4.80101E-01
1.65000E+00 -7.71707E-02 -9.76548E-01 4.79801E-01
1.67500E+00 -1.01521E-01 -9.74010E-01 4.79501E-01
1.70000E+00 -1.25793E-01 -9.70865E-01 4.79202E-01
1.72500E+00 -1.49970E-01 -9.67116E-01 4.78902E-01
1.75000E+00 -1.74040E-01 -9.62765E-01 4.78603E-01
1.77500E+00 -1.97985E-01 -9.57815E-01 4.78304E-01
1.80000E+00 -2.21792E-01 -9.52271E-01 4.78005E-01
1.82500E+00 -2.45445E-01 -9.46134E-01 4.77707E-01
1.85000E+00 -2.68930E-01 -9.39411E-01 4.77409E-01
1.87500E+00 -2.92233E-01 -9.32105E-01 4.77110E-01
1.90000E+00 -3.15339E-01 -9.24222E-01 4.76812E-01
1.92500E+00 -3.38233E-01 -9.15766E-01 4.76514E-01
1.95000E+00 -3.60901E-01 -9.06744E-01 4.76217E-01
1.97500E+00 -3.83330E-01 -8.97160E-01 4.75919E-01
2.00000E+00 -4.05506E-01 -8.87023E-01 4.75622E-01
2.02500E+00 -4.27414E-01 -8.76337E-01 4.75325E-01
2.05000E+00 -4.49042E-01 -8.65111E-01 4.75028E-01
2.07500E+00 -4.70376E-01 -8.53352E-01 4.74731E-01
2.10000E+00 -4.91403E-01 -8.41067E-01 4.74435E-01
2.12500E+00 -5.12109E-01 -8.28264E-01 4.74139E-01
2.15000E+00 -5.32483E-01 -8.14952E-01 4.73842E-01
2.17500E+00 -5.52511E-01 -8.01139E-01 4.73546E-01
2.20000E+00 -5.72182E-01 -7.86835E-01 4.73251E-01
2.22500E+00 -5.91484E-01 -7.72048E-01 4.72955E-01
2.25000E+00 -6.10403E-01 -7.56788E-01 4.72660E-01
2.27500E+00 -6.28930E-01 -7.41064E-01 4.72364E-01
2.30000E+00 -6.47052E-01 -7.24888E-01 4.72069E-01
2.32500E+00 -6.64759E-01 -7.08269E-01 4.71775E-01
2.35000E+00 -6.82039E-01 -6.91218E-01 4.71480E-01
2.37500E+00 -6.98883E-01 -6.73746E-01 4.71185E-01
2.40000E+00 -7.15279E-01 -6.55864E-01 4.70891E-01
2.42500E+00 -7.31219E-01 -6.37583E-01 4.70597E-01
2.45000E+00 -7.46692E-01 -6.18916E-01 4.70303E-01
2.47500E+00 -7.61689E-01 -5.99874E-01 4.70009E-01
2.50000E+00 -7.76200E-01 -5.80469E-01 4.69716E-01
2.52500E+00 -7.90218E-01 -5.60713E-01 4.69422E-01
2.55000E+00 -8.03734E-01 -5.40620E-01 4.69129E-01
2.57500E+00 -8.16739E-01 -5.20202E-01 4.68836E-01
2.60000E+00 -8.29226E-01 -4.99471E-01 4.68543E-01
2.62500E+00 -8.41187E-01 -4.78441E-01 4.68251E-01
2.65000E+00 -8.52615E-01 -4.57126E-01 4.67958E-01
2.67500E+00 -8.63503E-01 -4.35538E-01 4.67666E-01
2.70000E+00 -8.73846E-01 -4.13692E-01 4.67374E-01
2.72500E+00 -8.83636E-01 -3.91601E-01 4.67082E-01
2.75000E+00 -8.92868E-01 -3.69280E-01 4.66790E-01
2.77500E+00 -9.01536E-01 -3.46741E-01 4.66498E-01
2.80000E+00 -9.09636E-01 -3.24000E-01 4.66207E-01
2.82500E+00 -9.17163E-01 -3.01071E-01 4.65916E-01
2.85000E+00 -9.24112E-01 -2.77969E-01 4.65625E-01
2.87500E+00 -9.30480E-01 -2.54707E-01 4.65334E-01
2.90000E+00 -9.36262E-01 -2.31300E-01 4.65043E-01
2.92500E+00 -9.41456E-01 -2.07764E-01 4.64753E-01
2.95000E+00 -9.46059E-01 -1.84112E-01 4.64463E-01
2.97500E+00 -9.50068E-01 -1.60360E-01 4.64173E-01
3.00000E+00 -9.53481E-01 -1.36523E-01 4.63883E-01
3.02500E+00 -9.56297E-01 -1.12616E-01 4.63593E-01
3.05000E+00 -9.58513E-01 -8.86531E-02 4.63303E-01
3.07500E+00 -9.60129E-01 -6.46498E-02 4.63014E-01
3.10000E+00 -9.61145E-01 -4.06212E-02 4.62725E-01
3.12500E+00 -9.61559E-01 -1.65822E-02 4.62436E-01
3.15000E+00 -9.61373E-01 7.45208E-03 4.62147E-01
3.17500E+00 -9.60586E-01 3.14667E-02 4.61858E-01
3.20000E+00 -9.59200E-01 5.54467E-02 4.61570E-01
3.22500E+00 -9.57216E-01 7.93771E-02 4.61281E-01
3.25000E+00 -9.54635E-01 1.03243E-01 4.60993E-01
3.27500E+00 -9.51459E-01 1.27029E-01 4.60705E-01
3.30000E+00 -9.47691E-01 1.50722E-01 4.60418E-01
3.32500E+00 -9.43333E-01 1.74305E-01 4.60130E-01
3.35000E+00 -9.38389E-01 1.97765E-01 4.59843E-01
3.37500E+00 -9.32862E-01 2.21086E-01 4.59555E-01
3.40000E+00 -9.26756E-01 2.44255E-01 4.59268E-01
3.42500E+00 -9.20074E-01 2.67257E-01 4.58981E-01
3.45000E+00 -9.12822E-01 2.90078E-01 4.58695E-01
3.47500E+00 -9.05005E-01 3.12703E-01 4.58408E-01
3.50000E+00 -8.96627E-01 3.35118E-01 4.58122E-01
3.52500E+00 -8.87694E-01 3.57311E-01 4.57836E-01
3.55000E+00 -8.78212E-01 3.79266E-01 4.57550E-01
3.57500E+00 -8.68188E-01 4.00971E-01 4.57264E-01
3.60000E+00 -8.57628E-01 4.22412E-01 4.56978E-01
3.62500E+00 -8.46538E-01 4.43575E-01 4.56693E-01
3.65000E+00 -8.34927E-01 4.64448E-01 4.56408E-01
3.67500E+00 -8.22802E-01 4.85018E-01 4.56123E-01
3.70000E+00 -8.10170E-01 5.05272E-01 4.55838E-01
3.72500E+00 -7.97040E-01 5.25198E-01 4.55553E-01
3.75000E+00 -7.83420E-01 5.44784E-01 4.55269E-01
3.77500E+00 -7.69320E-01 5.64017E-01 4.54984E-01
3.80000E+00 -7.54748E-01 5.82886E-01 4.54700E-01
3.82500E+00 -7.39713E-01 6.01378E-01 4.54416E-01
3.85000E+00 -7.24226E-01 6.19484E-01 4.54132E-01
3.87500E+00 -7.08296E-01 6.37192E-01 4.53848E-01
3.90000E+00 -6.91934E-01 6.54490E-01 4.53565E-01
3.92500E+00 -6.75150E-01 6.71369E-01 4.53282E-01
3.95000E+00 -6.57955E-01 6.87818E-01 4.52999E-01
3.97500E+00 -6.40359E-01 7.03826E-01 4.52716E-01
4.00000E+00 -6.22374E-01 7.19386E-01 4.52433E-01
4.02500E+00 -6.04012E-01 7.34486E-01 4.52150E-01
4.05000E+00 -5.85284E-01 7.49118E-01 4.51868E-01
4.07500E+00 -5.66202E-01 7.63273E-01 4.51586E-01
4.10000E+00 -5.46779E-01 7.76943E-01 4.51304E-01
4.12500E+00 -5.27026E-01 7.90118E-01 4.51022E-01
4.15000E+00 -5.06956E-01 8.02792E-01 4.50740E-01
4.17500E+00 -4.86582E-01 8.14957E-01 4.50458E-01
4.20000E+00 -4.65917E-01 8.26605E-01 4.50177E-01
4.22500E+00 -4.44974E-01 8.37729E-01 4.49896E-01
4.25000E+00 -4.23766E-01 8.48323E-01 4.49615E-01
4.27500E+00 -4.02306E-01 8.58381E-01 4.49334E-01
4.30000E+00 -3.80609E-01 8.67896E-01 4.49053E-01
4.32500E+00 -3.58687E-01 8.76863E-01 4.48773E-01
4.35000E+00 -3.36555E-01 8.85277E-01 4.48493E-01
4.37500E+00 -3.14227E-01 8.93133E-01 4.48212E-01
4.40000E+00 -2.91716E-01 9.00426E-01 4.47932E-01
4.42500E+00 -2.69037E-01 9.07152E-01 4.47653E-01
4.45000E+00 -2.46205E-01 9.13307E-01 4.47373E-01
4.47500E+00 -2.23233E-01 9.18888E-01 4.47094E-01
4.50000E+00 -2.00135E-01 9.23891E-01 4.46814E-01
4.52500E+00 -1.76927E-01 9.28314E-01 4.46535E-01
4.55000E+00 -1.53624E-01 9.32155E-01 4.46256E-01
4.57500E+00 -1.30238E-01 9.35411E-01 4.45978E-01
4.60000E+00 -1.06786E-01 9.38080E-01 4.45699E-01
4.62500E+00 -8.32822E-02 9.40162E-01 4.45421E-01
4.65000E+00 -5.97408E-02 9.41656E-01 4.45142E-01
4.67500E+00 -3.61768E-02 9.42560E-01 4.44864E-01
4.70000E+00 -1.26049E-02 9.42876E-01 4.44587E-01
4.72500E+00 1.09601E-02 9.42602E-01 4.44309E-01
4.75000E+00 3.45036E-02 9.41739E-01 4.44031E-01
4.77500E+00 5.80108E-02 9.40289E-01 4.43754E-01
4.80000E+00 8.14671E-02 9.38252E-01 4.43477E-01
4.82500E+00 1.04858E-01 9.35631E-01 4.43200E-01
4.85000E+00 1.28169E-01 9.32426E-01 4.42923E-01
4.87500E+00 1.51385E-01 9.28642E-01 4.42646E-01
4.90000E+00 1.74492E-01 9.24279E-01 4.42370E-01
4.92500E+00 1.97475E-01 9.19343E-01 4.42094E-01
4.95000E+00 2.20321E-01 9.13835E-01 4.41817E-01
4.97500E+00 2.43015E-01 9.07759E-01 4.41541E-01
5.00000E+00 2.65543E-01 9.01121E-01 4.41266E-01
5.02500E+00 2.87891E-01 8.93923E-01 4.40990E-01
5.05000E+00 3.10045E-01 8.86172E-01 4.40715E-01
5.07500E+00 3.31992E-01 8.77872E-01 4.40439E-01
5.10000E+00 3.53718E-01 8.69029E-01 4.40164E-01
5.12500E+00 3.75209E-01 8.59649E-01 4.39889E-01
5.15000E+00 3.96453E-01 8.49738E-01 4.39615E-01
5.17500E+00 4.17435E-01 8.39302E-01 4.39340E-01
5.20000E+00 4.38144E-01 8.28348E-01 4.39066E-01
5.22500E+00 4.58566E-01 8.16884E-01 4.38791E-01
5.25000E+00 4.78689E-01 8.04917E-01 4.38517E-01
5.27500E+00 4.98500E-01 7.92455E-01 4.38243E-01
5.30000E+00 5.17988E-01 7.79505E-01 4.37970E-01
5.32500E+00 5.37140E-01 7.66076E-01 4.37696E-01
5.35000E+00 5.55944E-01 7.52178E-01 4.37423E-01
5.37500E+00 5.74390E-01 7.37818E-01 4.37149E-01
5.40000E+00 5.92465E-01 7.23006E-01 4.36876E-01
5.42500E+00 6.10159E-01 7.07752E-01 4.36604E-01
5.45000E+00 6.27460E-01 6.92066E-01 4.36331E-01
5.47500E+00 6.44359E-01 6.75957E-01 4.36058E-01
5.50000E+00 6.60845E-01 6.59436E-01 4.35786E-01
5.52500E+00 6.76908E-01 6.42513E-01 4.35514E-01
5.55000E+00 6.92538E-01 6.25200E-01 4.35242E-01
5.57500E+00 7.07726E-01 6.07506E-01 4.34970E-01
5.60000E+00 7.22462E-01 5.89445E-01 4.34698E-01
5.62500E+00 7.36737E-01 5.71027E-01 4.34427E-01
5.65000E+00 7.50544E-01 5.52263E-01 4.34155E-01
5.67500E+00 7.63873E-01 5.33166E-01 4.33884E-01
5.70000E+00 7.76717E-01 5.13748E-01 4.33613E-01
5.72500E+00 7.89067E-01 4.94021E-01 4.33342E-01
5.75000E+00 8.00917E-01 4.73999E-01 4.33072E-01
5.77500E+00 8.12260E-01 4.53692E-01 4.32801E-01
5.80000E+00 8.23087E-01 4.33115E-01 4.32531E-01
5.82500E+00 8.33394E-01 4.12280E-01 4.32261E-01
5.85000E+00 8.43174E-01 3.91201E-01 4.31991E-01
5.87500E+00 8.52422E-01 3.69890E-01 4.31721E-01
5.90000E+00 8.61131E-01 3.48362E-01 4.31451E-01
5.92500E+00 8.69297E-01 3.26629E-01 4.31182E-01
5.95000E+00 8.76914E-01 3.04707E-01 4.30912E-01
5.97500E+00 8.83979E-01 2.82607E-01 4.30643E-01
6.00000E+00 8.90488E-01 2.60345E-01 4.30374E-01
6.02500E+00 8.96436E-01 2.37934E-01 4.30105E-01
6.05000E+00 9.01821E-01 2.15388E-01 4.29837E-01
6.07500E+00 9.06639E-01 1.92722E-01 4.29568E-01
6.10000E+00 9.10888E-01 1.69950E-01 4.29300E-01
6.12500E+00 9.14565E-01 1.47086E-01 4.29032E-01
6.15000E+00 9.17669E-01 1.24144E-01 4.28764E-01
6.17500E+00 9.20197E-01 1.01139E-01 4.28496E-01
6.20000E+00 9.22149E-01 7.80858E-02 4.28228E-01
6.22500E+00 9.23524E-01 5.49977E-02 4.27961E-01
6.25000E+00 9.24321E-01 3.18896E-02 4.27694E-01
6.27500E+00 9.24541E-01 8.77611E-03 4.27426E-01
6.30000E+00 9.24183E-01 -1.43285E-02 4.27159E-01
6.32500E+00 9.23247E-01 -3.74096E-02 4.26893E-01
6.35000E+00 9.21736E-01 -6.04530E-02 4.26626E-01
6.37500E+00 9.19650E-01 -8.34443E-02 4.26359E-01
6.40000E+00 9.16991E-01 -1.06369E-01 4.26093E-01
6.42500E+00 9.13760E-01 -1.29213E-01 4.25827E-01
6.45000E+00 9.09961E-01 -1.51962E-01 4.25561E-01
6.47500E+00 9.05596E-01 -1.74602E-01 4.25295E-01
6.50000E+00 9.00668E-01 -1.97119E-01 4.25030E-01
6.52500E+00 8.95181E-01 -2.19498E-01 4.24764E-01
6.55000E+00 8.89138E-01 -2.41727E-01 4.24499E-01
6.57500E+00 8.82543E-01 -2.63790E-01 4.24234E-01
6.60000E+00 8.75401E-01 -2.85675E-01 4.23969E-01
6.62500E+00 8.67717E-01 -3.07368E-01 4.23704E-01
6.65000E+00 8.59495E-01 -3.28856E-01 4.23439E-01
6.67500E+00 8.50742E-01 -3.50124E-01 4.23175E-01
6.70000E+00 8.41463E-01 -3.71161E-01 4.22910E-01
6.72500E+00 8.31665E-01 -3.91952E-01 4.22646E-01
6.75000E+00 8.21352E-01 -4.12486E-01 4.22382E-01
6.77500E+00 8.10534E-01 -4.32750E-01 4.22118E-01
6.80000E+00 7.99215E-01 -4.52730E-01 4.21855E-01
6.82500E+00 7.87405E-01 -4.72415E-01 4.21591E-01
6.85000E+00 7.75110E-01 -4.91793E-01 4.21328E-01
6.87500E+00 7.62339E-01 -5.10851E-01 4.21065E-01
6.90000E+00 7.49099E-01 -5.29579E-01 4.20802E-01
6.92500E+00 7.35400E-01 -5.47964E-01 4.20539E-01
6.95000E+00 7.21250E-01 -5.65995E-01 4.20276E-01
6.97500E+00 7.06659E-01 -5.83661E-01 4.20014E-01
7.00000E+00 6.91635E-01 -6.00952E-01 4.19751E-01
7.02500E+00 6.76189E-01 -6.17857E-01 4.19489E-01
7.05000E+00 6.60330E-01 -6.34365E-01 4.19227E-01
7.07500E+00 6.44068E-01 -6.50467E-01 4.18965E-01
7.10000E+00 6.27414E-01 -6.66152E-01 4.18704E-01
7.12500E+00 6.10379E-01 -6.81412E-01 4.18442E-01
7.15000E+00 5.92973E-01 -6.96236E-01 4.18181E-01
7.17500E+00 5.75207E-01 -7.10616E-01 4.17920E-01
7.20000E+00 5.57094E-01 -7.24544E-01 4.17659E-01
7.22500E+00 5.38644E-01 -7.38010E-01 4.17398E-01
7.25000E+00 5.19868E-01 -7.51006E-01 4.17137E-01
7.27500E+00 5.00780E-01 -7.63526E-01 4.16876E-01
7.30000E+00 4.81391E-01 -7.75561E-01 4.16616E-01
7.32500E+00 4.61714E-01 -7.87104E-01 4.16356E-01
7.35000E+00 4.41760E-01 -7.98148E-01 4.16096E-01
7.37500E+00 4.21543E-01 -8.08686E-01 4.15836E-01
7.40000E+00 4.01075E-01 -8.18713E-01 4.15576E-01
7.42500E+00 3.80370E-01 -8.28222E-01 4.15317E-01
7.45000E+00 3.59439E-01 -8.37208E-01 4.15057E-01
7.47500E+00 3.38298E-01 -8.45666E-01 4.14798E-01
7.50000E+00 3.16958E-01 -8.53590E-01 4.14539E-01
7.52500E+00 2.95434E-01 -8.60976E-01 4.14280E-01
7.55000E+00 2.73738E-01 -8.67819E-01 4.14021E-01
7.57500E+00 2.51885E-01 -8.74116E-01 4.13763E-01
7.60000E+00 2.29889E-01 -8.79863E-01 4.13504E-01
7.62500E+00 2.07762E-01 -8.85057E-01 4.13246E-01
7.65000E+00 1.85520E-01 -8.89695E-01 4.12988E-01
7.67500E+00 1.63175E-01 -8.93775E-01 4.12730E-01
7.70000E+00 1.40743E-01 -8.97293E-01 4.12472E-01
7.72500E+00 1.18237E-01 -9.00249E-01 4.12214E-01
7.75000E+00 9.56708E-02 -9.02641E-01 4.11957E-01
7.77500E+00 7.30591E-02 -9.04467E-01 4.11700E-01
7.80000E+00 5.04159E-02 -9.05728E-01 4.11442E-01
7.82500E+00 2.77554E-02 -9.06422E-01 4.11185E-01
7.85000E+00 5.09163E-03 -9.06549E-01 4.10929E-01
7.87500E+00 -1.75611E-02 -9.06110E-01 4.10672E-01
7.90000E+00 -4.01888E-02 -9.05105E-01 4.10415E-01
7.92500E+00 -6.27772E-02 -9.03536E-01 4.10159E-01
7.95000E+00 -8.53122E-02 -9.01403E-01 4.09903E-01
7.97500E+00 -1.07780E-01 -8.98709E-01 4.09647E-01
8.00000E+00 -1.30166E-01 -8.95454E-01 4.09391E-01
8.02500E+00 -1.52457E-01 -8.91643E-01 4.09135E-01
8.05000E+00 -1.74639E-01 -8.87277E-01 4.08880E-01
8.07500E+00 -1.96698E-01 -8.82360E-01 4.08624E-01
8.10000E+00 -2.18621E-01 -8.76894E-01 4.08369E-01
8.12500E+00 -2.40393E-01 -8.70884E-01 4.08114E-01
8.15000E+00 -2.62001E-01 -8.64334E-01 4.07859E-01
8.17500E+00 -2.83432E-01 -8.57248E-01 4.07604E-01
8.20000E+00 -3.04673E-01 -8.49632E-01 4.07350E-01
8.22500E+00 -3.25710E-01 -8.41489E-01 4.07095E-01
8.25000E+00 -3.46531E-01 -8.32826E-01 4.06841E-01
8.27500E+00 -3.67122E-01 -8.23647E-01 4.06587E-01
8.30000E+00 -3.87471E-01 -8.13961E-01 4.06333E-01
8.32500E+00 -4.07565E-01 -8.03772E-01 4.06079E-01
8.35000E+00 -4.27393E-01 -7.93087E-01 4.05826E-01
8.37500E+00 -4.46940E-01 -7.81913E-01 4.05572E-01
8.40000E+00 -4.66197E-01 -7.70258E-01 4.05319E-01
8.42500E+00 -4.85150E-01 -7.58130E-01 4.05066E-01
8.45000E+00 -5.03789E-01 -7.45535E-01 4.04813E-01
8.47500E+00 -5.22101E-01 -7.32482E-01 4.04560E-01
8.50000E+00 -5.40075E-01 -7.18980E-01 4.04307E-01
8.52500E+00 -5.57701E-01 -7.05038E-01 4.04054E-01
8.55000E+00 -5.74968E-01 -6.90664E-01 4.03802E-01
8.57500E+00 -5.91864E-01 -6.75867E-01 4.03550E-01
8.60000E+00 -6.08381E-01 -6.60658E-01 4.03298E-01
8.62500E+00 -6.24507E-01 -6.45045E-01 4.03046E-01
8.65000E+00 -6.40233E-01 -6.29039E-01 4.02794E-01
8.67500E+00 -6.55549E-01 -6.12650E-01 4.02543E-01
8.70000E+00 -6.70446E-01 -5.95889E-01 4.02291E-01
8.72500E+00 -6.84916E-01 -5.78766E-01 4.02040E-01
8.75000E+00 -6.98948E-01 -5.61293E-01 4.01789E-01
8.77500E+00 -7.12535E-01 -5.43479E-01 4.01538E-01
8.80000E+00 -7.25668E-01 -5.25338E-01 4.01287E-01
8.82500E+00 -7.38340E-01 -5.06879E-01 4.01036E-01
8.85000E+00 -7.50543E-01 -4.88115E-01 4.00786E-01
8.87500E+00 -7.62270E-01 -4.69059E-01 4.00536E-01
8.90000E+00 -7.73513E-01 -4.49721E-01 4.00285E-01
8.92500E+00 -7.84265E-01 -4.30114E-01 4.00035E-01
8.95000E+00 -7.94522E-01 -4.10251E-01 3.99785E-01
8.97500E+00 -8.04275E-01 -3.90144E-01 3.99536E-01
9.00000E+00 -8.13520E-01 -3.69806E-01 3.99286E-01
9.02500E+00 -8.22252E-01 -3.49250E-01 3.99037E-01
9.05000E+00 -8.30464E-01 -3.28488E-01 3.98788E-01
9.07500E+00 -8.38152E-01 -3.07535E-01 3.98538E-01
9.10000E+00 -8.45312E-01 -2.86402E-01 3.98290E-01
9.12500E+00 -8.51940E-01 -2.65103E-01 3.98041E-01
9.15000E+00 -8.58031E-01 -2.43653E-01 3.97792E-01
9.17500E+00 -8.63583E-01 -2.22063E-01 3.97544E-01
9.20000E+00 -8.68592E-01 -2.00348E-01 3.97295E-01
9.22500E+00 -8.73055E-01 -1.78522E-01 3.97047E-01
9.25000E+00 -8.76970E-01 -1.56598E-01 3.96799E-01
9.27500E+00 -8.80334E-01 -1.34589E-01 3.96551E-01
9.30000E+00 -8.83147E-01 -1.12511E-01 3.96304E-01
9.32500E+00 -8.85406E-01 -9.03754E-02 3.96056E-01
9.35000E+00 -8.87111E-01 -6.81976E-02 3.95809E-01
9.37500E+00 -8.88261E-01 -4.59911E-02 3.95562E-01
9.40000E+00 -8.88855E-01 -2.37697E-02 3.95314E-01
9.42500E+00 -8.88894E-01 -1.54736E-03 3.95068E-01
9.45000E+00 -8.88378E-01 2.06621E-02 3.94821E-01
9.47500E+00 -8.87306E-01 4.28447E-02 3.94574E-01
9.50000E+00 -8.85682E-01 6.49868E-02 3.94328E-01
9.52500E+00 -8.83505E-01 8.70744E-02 3.94081E-01
9.55000E+00 -8.80778E-01 1.09094E-01 3.93835E-01
9.57500E+00 -8.77502E-01 1.31031E-01 3.93589E-01
9.60000E+00 -8.73680E-01 1.52873E-01 3.93343E-01
9.62500E+00 -8.69315E-01 1.74606E-01 3.93098E-01
9.65000E+00 -8.64409E-01 1.96216E-01 3.92852E-01
9.67500E+00 -8.58967E-01 2.17691E-01 3.92607E-01
9.70000E+00 -8.52992E-01 2.39015E-01 3.92362E-01
9.72500E+00 -8.46487E-01 2.60178E-01 3.92117E-01
9.75000E+00 -8.39458E-01 2.81164E-01 3.91872E-01
9.77500E+00 -8.31909E-01 3.01962E-01 3.91627E-01
9.80000E+00 -8.23845E-01 3.22558E-01 3.91382E-01
9.82500E+00 -8.15272E-01 3.42940E-01 3.91138E-01
9.85000E+00 -8.06194E-01 3.63095E-01 3.90893E-01
9.87500E+00 -7.96619E-01 3.83010E-01 3.90649E-01
9.90000E+00 -7.86552E-01 4.02674E-01 3.90405E-01
9.92500E+00 -7.76000E-01 4.22074E-01 3.90161E-01
9.95000E+00 -7.64970E-01 4.41198E-01 3.89918E-01
9.97500E+00 -7.53470E-01 4.60035E-01 3.89674E-01
1.00000E+01 -7.41505E-01 4.78573E-01 3.89431E-01
1.00250E+01 -7.29085E-01 4.96800E-01 3.89188E-01
1.00500E+01 -7.16218E-01 5.14705E-01 3.88944E-01
1.00750E+01 -7.02911E-01 5.32278E-01 3.88702E-01
1.01000E+01 -6.89173E-01 5.49507E-01 3.88459E-01
1.01250E+01 -6.75013E-01 5.66383E-01 3.88216E-01
1.01500E+01 -6.60441E-01 5.82894E-01 3.87974E-01
1.01750E+01 -6.45465E-01 5.99030E-01 3.87731E-01
1.02000E+01 -6.30096E-01 6.14783E-01 3.87489E-01
1.02250E+01 -6.14342E-01 6.30141E-01 3.87247E-01
1.02500E+01 -5.98215E-01 6.45096E-01 3.87005E-01
1.02750E+01 -5.81724E-01 6.59640E-01 3.86763E-01
1.03000E+01 -5.64880E-01 6.73762E-01 3.86522E-01
1.03250E+01 -5.47693E-01 6.87454E-01 3.86280E-01
1.03500E+01 -5.30176E-01 7.00708E-01 3.86039E-01
1.03750E+01 -5.12338E-01 7.13517E-01 3.85798E-01
1.04000E+01 -4.94191E-01 7.25872E-01 3.85557E-01
1.04250E+01 -4.75747E-01 7.37765E-01 3.85316E-01
1.04500E+01 -4.57017E-01 7.49191E-01 3.85076E-01
1.04750E+01 -4.38014E-01 7.60141E-01 3.84835E-01
1.05000E+01 -4.18748E-01 7.70610E-01 3.84595E-01
1.05250E+01 -3.99234E-01 7.80591E-01 3.84354E-01
1.05500E+01 -3.79482E-01 7.90078E-01 3.84114E-01
1.05750E+01 -3.59505E-01 7.99065E-01 3.83875E-01
1.06000E+01 -3.39316E-01 8.07548E-01 3.83635E-01
1.06250E+01 -3.18928E-01 8.15521E-01 3.83395E-01
1.06500E+01 -2.98354E-01 8.22980E-01 3.83156E-01
1.06750E+01 -2.77606E-01 8.29920E-01 3.82916E-01
1.07000E+01 -2.56697E-01 8.36338E-01 3.82677E-01
1.07250E+01 -2.35642E-01 8.42229E-01 3.82438E-01
1.07500E+01 -2.14452E-01 8.47590E-01 3.82199E-01
1.07750E+01 -1.93141E-01 8.52419E-01 3.81961E-01
1.08000E+01 -1.71724E-01 8.56712E-01 3.81722E-01
1.08250E+01 -1.50212E-01 8.60467E-01 3.81484E-01
1.08500E+01 -1.28620E-01 8.63682E-01 3.81245E-01
1.08750E+01 -1.06961E-01 8.66356E-01 3.81007E-01
1.09000E+01 -8.52488E-02 8.68488E-01 3.80769E-01
1.09250E+01 -6.34969E-02 8.70075E-01 3.80531E-01
1.09500E+01 -4.17189E-02 8.71118E-01 3.80294E-01
1.09750E+01 -1.99285E-02 8.71616E-01 3.80056E-01
1.10000E+01 1.86072E-03 8.71570E-01 3.79819E-01
1.10250E+01 2.36352E-02 8.70979E-01 3.79581E-01
1.10500E+01 4.53813E-02 8.69844E-01 3.79344E-01
1.10750E+01 6.70855E-02 8.68167E-01 3.79107E-01
1.11000E+01 8.87342E-02 8.65949E-01 3.78871E-01
1.11250E+01 1.10314E-01 8.63191E-01 3.78634E-01
1.11500E+01 1.31811E-01 8.59896E-01 3.78397E-01
1.11750E+01 1.53213E-01 8.56065E-01 3.78161E-01
1.12000E+01 1.74506E-01 8.51703E-01 3.77925E-01
1.12250E+01 1.95676E-01 8.46811E-01 3.77689E-01
1.12500E+01 2.16711E-01 8.41393E-01 3.77453E-01
1.12750E+01 2.37597E-01 8.35453E-01 3.77217E-01
1.13000E+01 2.58322E-01 8.28995E-01 3.76982E-01
1.13250E+01 2.78872E-01 8.22023E-01 3.76746E-01
1.13500E+01 2.99236E-01 8.14542E-01 3.76511E-01
1.13750E+01 3.19400E-01 8.06557E-01 3.76276E-01
1.14000E+01 3.39352E-01 7.98074E-01 3.76041E-01
1.14250E+01 3.59079E-01 7.89097E-01 3.75806E-01
1.14500E+01 3.78570E-01 7.79632E-01 3.75571E-01
1.14750E+01 3.97812E-01 7.69687E-01 3.75336E-01
1.15000E+01 4.16794E-01 7.59267E-01 3.75102E-01
1.15250E+01 4.35503E-01 7.48380E-01 3.74868E-01
1.15500E+01 4.53929E-01 7.37031E-01 3.74634E-01
1.15750E+01 4.72060E-01 7.25230E-01 3.74400E-01
1.16000E+01 4.89884E-01 7.12983E-01 3.74166E-01
1.16250E+01 5.07392E-01 7.00298E-01 3.73932E-01
1.16500E+01 5.24572E-01 6.87184E-01 3.73698E-01
1.16750E+01 5.41413E-01 6.73648E-01 3.73465E-01
1.17000E+01 5.57905E-01 6.59701E-01 3.73232E-01
1.17250E+01 5.74039E-01 6.45350E-01 3.72999E-01
1.17500E+01 5.89804E-01 6.30605E-01 3.72766E-01
1.17750E+01 6.05191E-01 6.15475E-01 3.72533E-01
1.18000E+01 6.20190E-01 5.99970E-01 3.72300E-01
1.18250E+01 6.34793E-01 5.84100E-01 3.72068E-01
1.18500E+01 6.48990E-01 5.67876E-01 3.71835E-01
1.18750E+01 6.62772E-01 5.51306E-01 3.71603E-01
1.19000E+01 6.76132E-01 5.34403E-01 3.71371E-01
1.19250E+01 6.89062E-01 5.17176E-01 3.71139E-01
1.19500E+01 7.01553E-01 4.99638E-01 3.70907E-01
1.19750E+01 7.13598E-01 4.81798E-01 3.70675E-01
1.20000E+01 7.25189E-01 4.63668E-01 3.70444E-01
1.20250E+01 7.36321E-01 4.45260E-01 3.70212E-01
1.20500E+01 7.46986E-01 4.26585E-01 3.69981E-01
1.20750E+01 7.57177E-01 4.07656E-01 3.69750E-01
1.21000E+01 7.66889E-01 3.88484E-01 3.69519E-01
1.21250E+01 7.76116E-01 3.69081E-01 3.69288E-01
1.21500E+01 7.84853E-01 3.49459E-01 3.69058E-01
1.21750E+01 7.93093E-01 3.29632E-01 3.68827E-01
1.22000E+01 8.00834E-01 3.09611E-01 3.68597E-01
1.22250E+01 8.08069E-01 2.89410E-01 3.68367E-01
1.22500E+01 8.14795E-01 2.69040E-01 3.68136E-01
1.22750E+01 8.21008E-01 2.48514E-01 3.67907E-01
1.23000E+01 8.26704E-01 2.27847E-01 3.67677E-01
1.23250E+01 8.31880E-01 2.07050E-01 3.67447E-01
1.23500E+01 8.36534E-01 1.86137E-01 3.67218E-01
1.23750E+01 8.40662E-01 1.65120E-01 3.66988E-01
1.24000E+01 8.44262E-01 1.44013E-01 3.66759E-01
1.24250E+01 8.47333E-01 1.22830E-01 3.66530E-01
1.24500E+01 8.49872E-01 1.01583E-01 3.66301E-01
1.24750E+01 8.51879E-01 8.02864E-02 3.66072E-01
1.25000E+01 8.53353E-01 5.89525E-02 3.65844E-01
1.25250E+01 8.54293E-01 3.75952E-02 3.65615E-01
1.25500E+01 8.54699E-01 1.62277E-02 3.65387E-01
1.25750E+01 8.54570E-01 -5.13652E-03 3.65158E-01
1.26000E+01 8.53908E-01 -2.64842E-02 3.64930E-01
1.26250E+01 8.52713E-01 -4.78021E-02 3.64702E-01
1.26500E+01 8.50986E-01 -6.90767E-02 3.64475E-01
1.26750E+01 8.48729E-01 -9.02949E-02 3.64247E-01
1.27000E+01 8.45943E-01 -1.11444E-01 3.64019E-01
1.27250E+01 8.42630E-01 -1.32509E-01 3.63792E-01
1.27500E+01 8.38793E-01 -1.53479E-01 3.63565E-01
1.27750E+01 8.34435E-01 -1.74340E-01 3.63338E-01
1.28000E+01 8.29558E-01 -1.95079E-01 3.63111E-01
1.28250E+01 8.24166E-01 -2.15683E-01 3.62884E-01
1.28500E+01 8.18262E-01 -2.36140E-01 3.62657E-01
1.28750E+01 8.11851E-01 -2.56436E-01 3.62431E-01
1.29000E+01 8.04937E-01 -2.76559E-01 3.62204E-01
1.29250E+01 7.97525E-01 -2.96497E-01 3.61978E-01
1.29500E+01 7.89619E-01 -3.16238E-01 3.61752E-01
1.29750E+01 7.81225E-01 -3.35768E-01 3.61526E-01
1.30000E+01 7.72348E-01 -3.55077E-01 3.61300E-01
1.30250E+01 7.62994E-01 -3.74152E-01 3.61075E-01
1.30500E+01 7.53169E-01 -3.92981E-01 3.60849E-01
1.30750E+01 7.42880E-01 -4.11553E-01 3.60624E-01
1.31000E+01 7.32134E-01 -4.29857E-01 3.60399E-01
1.31250E+01 7.20937E-01 -4.47880E-01 3.60173E-01
1.31500E+01 7.09297E-01 -4.65612E-01 3.59948E-01
1.31750E+01 6.97221E-01 -4.83043E-01 3.59724E-01
1.32000E+01 6.84717E-01 -5.00161E-01 3.59499E-01
1.32250E+01 6.71793E-01 -5.16956E-01 3.59274E-01
1.32500E+01 6.58457E-01 -5.33417E-01 3.59050E-01
1.32750E+01 6.44719E-01 -5.49535E-01 3.58826E-01
1.33000E+01 6.30586E-01 -5.65300E-01 3.58602E-01
1.33250E+01 6.16069E-01 -5.80702E-01 3.58378E-01
1.33500E+01 6.01176E-01 -5.95731E-01 3.58154E-01
1.33750E+01 5.85916E-01 -6.10379E-01 3.57930E-01
1.34000E+01 5.70300E-01 -6.24636E-01 3.57706E-01
1.34250E+01 5.54338E-01 -6.38495E-01 3.57483E-01
1.34500E+01 5.38039E-01 -6.51946E-01 3.57260E-01
1.34750E+01 5.21415E-01 -6.64981E-01 3.57037E-01
1.35000E+01 5.04475E-01 -6.77593E-01 3.56814E-01
1.35250E+01 4.87231E-01 -6.89774E-01 3.56591E-01
1.35500E+01 4.69693E-01 -7.01516E-01 3.56368E-01
1.35750E+01 4.51872E-01 -7.12813E-01 3.56145E-01
1.36000E+01 4.33781E-01 -7.23657E-01 3.55923E-01
1.36250E+01 4.15430E-01 -7.34043E-01 3.55701E-01
1.36500E+01 3.96831E-01 -7.43964E-01 3.55478E-01
1.36750E+01 3.77995E-01 -7.53414E-01 3.55256E-01
1.37000E+01 3.58936E-01 -7.62387E-01 3.55035E-01
1.37250E+01 3.39664E-01 -7.70879E-01 3.54813E-01
1.37500E+01 3.20192E-01 -7.78884E-01 3.54591E-01
1.37750E+01 3.00532E-01 -7.86397E-01 3.54370E-01
1.38000E+01 2.80696E-01 -7.93414E-01 3.54148E-01
1.38250E+01 2.60698E-01 -7.99932E-01 3.53927E-01
1.38500E+01 2.40549E-01 -8.05945E-01 3.53706E-01
1.38750E+01 2.20263E-01 -8.11452E-01 3.53485E-01
1.39000E+01 1.99852E-01 -8.16448E-01 3.53264E-01
1.39250E+01 1.79329E-01 -8.20932E-01 3.53044E-01
1.39500E+01 1.58706E-01 -8.24899E-01 3.52823E-01
1.39750E+01 1.37997E-01 -8.28349E-01 3.52603E-01
1.40000E+01 1.17215E-01 -8.31280E-01 3.52383E-01
1.40250E+01 9.63732E-02 -8.33689E-01 3.52162E-01
1.40500E+01 7.54838E-02 -8.35576E-01 3.51943E-01
1.40750E+01 5.45603E-02 -8.36940E-01 3.51723E-01
1.41000E+01 3.36158E-02 -8.37780E-01 3.51503E-01
1.41250E+01 1.26634E-02 -8.38097E-01 3.51283E-01
1.41500E+01 -8.28386E-03 -8.37890E-01 3.51064E-01
1.41750E+01 -2.92128E-02 -8.37160E-01 3.50845E-01
1.42000E+01 -5.01105E-02 -8.35907E-01 3.50626E-01
1.42250E+01 -7.09638E-02 -8.34133E-01 3.50407E-01
1.42500E+01 -9.17598E-02 -8.31839E-01 3.50188E-01
1.42750E+01 -1.12485E-01 -8.29027E-01 3.49969E-01
1.43000E+01 -1.33128E-01 -8.25698E-01 3.49750E-01
1.43250E+01 -1.53674E-01 -8.21856E-01 3.49532E-01
1.43500E+01 -1.74112E-01 -8.17504E-01 3.49314E-01
1.43750E+01 -1.94428E-01 -8.12643E-01 3.49095E-01
1.44000E+01 -2.14610E-01 -8.07278E-01 3.48877E-01
1.44250E+01 -2.34645E-01 -8.01412E-01 3.48659E-01
1.44500E+01 -2.54521E-01 -7.95049E-01 3.48442E-01
1.44750E+01 -2.74226E-01 -7.88193E-01 3.48224E-01
1.45000E+01 -2.93748E-01 -7.80849E-01 3.48007E-01
1.45250E+01 -3.13073E-01 -7.73022E-01 3.47789E-01
1.45500E+01 -3.32191E-01 -7.64718E-01 3.47572E-01
1.45750E+01 -3.51090E-01 -7.55940E-01 3.47355E-01
1.46000E+01 -3.69757E-01 -7.46696E-01 3.47138E-01
1.46250E+01 -3.88182E-01 -7.36992E-01 3.46921E-01
1.46500E+01 -4.06353E-01 -7.26833E-01 3.46704E-01
1.46750E+01 -4.24258E-01 -7.16227E-01 3.46488E-01
1.47000E+01 -4.41888E-01 -7.05179E-01 3.46271E-01
1.47250E+01 -4.59230E-01 -6.93699E-01 3.46055E-01
1.47500E+01 -4.76275E-01 -6.81792E-01 3.45839E-01
1.47750E+01 -4.93012E-01 -6.69467E-01 3.45623E-01
1.48000E+01 -5.09430E-01 -6.56731E-01 3.45407E-01
1.48250E+01 -5.25520E-01 -6.43593E-01 3.45191E-01
1.48500E+01 -5.41271E-01 -6.30061E-01 3.44976E-01
1.48750E+01 -5.56675E-01 -6.16144E-01 3.44760E-01
1.49000E+01 -5.71721E-01 -6.01851E-01 3.44545E-01
1.49250E+01 -5.86401E-01 -5.87191E-01 3.44330E-01
1.49500E+01 -6.00705E-01 -5.72173E-01 3.44115E-01
1.49750E+01 -6.14625E-01 -5.56808E-01 3.43900E-01
1.50000E+01 -6.28153E-01 -5.41104E-01 3.43685E-01
1.50250E+01 -6.41280E-01 -5.25072E-01 3.43470E-01
1.50500E+01 -6.53998E-01 -5.08722E-01 3.43256E-01
1.50750E+01 -6.66300E-01 -4.92065E-01 3.43041E-01
1.51000E+01 -6.78177E-01 -4.75110E-01 3.42827E-01
1.51250E+01 -6.89624E-01 -4.57870E-01 3.42613E-01
1.51500E+01 -7.00633E-01 -4.40354E-01 3.42399E-01
1.51750E+01 -7.11197E-01 -4.22574E-01 3.42185E-01
1.52000E+01 -7.21311E-01 -4.04541E-01 3.41971E-01
1.52250E+01 -7.30967E-01 -3.86267E-01 3.41758E-01
1.52500E+01 -7.40161E-01 -3.67763E-01 3.41544E-01
1.52750E+01 -7.48887E-01 -3.49041E-01 3.41331E-01
1.53000E+01 -7.57140E-01 -3.30112E-01 3.41118E-01
1.53250E+01 -7.64915E-01 -3.10989E-01 3.40905E-01
1.53500E+01 -7.72207E-01 -2.91684E-01 3.40692E-01
1.53750E+01 -7.79012E-01 -2.72209E-01 3.40479E-01
1.54000E+01 -7.85327E-01 -2.52576E-01 3.40266E-01
1.54250E+01 -7.91147E-01 -2.32797E-01 3.40054E-01
1.54500E+01 -7.96469E-01 -2.12885E-01 3.39841E-01
1.54750E+01 -8.01290E-01 -1.92853E-01 3.39629E-01
1.55000E+01 -8.05608E-01 -1.72713E-01 3.39417E-01
1.55250E+01 -8.09420E-01 -1.52477E-01 3.39205E-01
1.55500E+01 -8.12724E-01 -1.32159E-01 3.38993E-01
1.55750E+01 -8.15518E-01 -1.11771E-01 3.38781E-01
1.56000E+01 -8.17801E-01 -9.13262E-02 3.38570E-01
1.56250E+01 -8.19572E-01 -7.08369E-02 3.38358E-01
1.56500E+01 -8.20830E-01 -5.03161E-02 3.38147E-01
1.56750E+01 -8.21574E-01 -2.97768E-02 3.37936E-01
1.57000E+01 -8.21805E-01 -9.23162E-03 3.37725E-01
1.57250E+01 -8.21523E-01 1.13064E-02 3.37514E-01
1.57500E+01 -8.20727E-01 3.18246E-02 3.37303E-01
1.57750E+01 -8.19419E-01 5.23101E-02 3.37092E-01
1.58000E+01 -8.17601E-01 7.27501E-02 3.36882E-01
1.58250E+01 -8.15272E-01 9.31319E-02 3.36671E-01
1.58500E+01 -8.12436E-01 1.13443E-01 3.36461E-01
1.58750E+01 -8.09094E-01 1.33670E-01 3.36251E-01
1.59000E+01 -8.05249E-01 1.53801E-01 3.36041E-01
1.59250E+01 -8.00904E-01 1.73824E-01 3.35831E-01
1.59500E+01 -7.96061E-01 1.93726E-01 3.35621E-01
1.59750E+01 -7.90723E-01 2.13494E-01 3.35411E-01
1.60000E+01 -7.84895E-01 2.33116E-01 3.35202E-01
1.60250E+01 -7.78581E-01 2.52581E-01 3.34993E-01
1.60500E+01 -7.71784E-01 2.71875E-01 3.34783E-01
1.60750E+01 -7.64509E-01 2.90988E-01 3.34574E-01
1.61000E+01 -7.56762E-01 3.09907E-01 3.34365E-01
1.61250E+01 -7.48546E-01 3.28621E-01 3.34156E-01
1.61500E+01 -7.39868E-01 3.47117E-01 3.33948E-01
1.61750E+01 -7.30734E-01 3.65386E-01 3.33739E-01
1.62000E+01 -7.21148E-01 3.83414E-01 3.33531E-01
1.62250E+01 -7.11118E-01 4.01192E-01 3.33322E-01
1.62500E+01 -7.00651E-01 4.18709E-01 3.33114E-01
1.62750E+01 -6.89752E-01 4.35952E-01 3.32906E-01
1.63000E+01 -6.78429E-01 4.52913E-01 3.32698E-01
1.63250E+01 -6.66690E-01 4.69580E-01 3.32490E-01
1.63500E+01 -6.54541E-01 4.85944E-01 3.32283E-01
1.63750E+01 -6.41991E-01 5.01994E-01 3.32075E-01
1.64000E+01 -6.29048E-01 5.17720E-01 3.31868E-01
1.64250E+01 -6.15720E-01 5.33113E-01 3.31660E-01
1.64500E+01 -6.02016E-01 5.48163E-01 3.31453E-01
1.64750E+01 -5.87945E-01 5.62862E-01 3.31246E-01
1.65000E+01 -5.73515E-01 5.77200E-01 3.31039E-01
1.65250E+01 -5.58735E-01 5.91168E-01 3.30832E-01
1.65500E+01 -5.43616E-01 6.04758E-01 3.30626E-01
1.65750E+01 -5.28167E-01 6.17963E-01 3.30419E-01
1.66000E+01 -5.12398E-01 6.30773E-01 3.30213E-01
1.66250E+01 -4.96319E-01 6.43181E-01 3.30007E-01
1.66500E+01 -4.79939E-01 6.55179E-01 3.29801E-01
1.66750E+01 -4.63270E-01 6.66761E-01 3.29595E-01
1.67000E+01 -4.46322E-01 6.77919E-01 3.29389E-01
1.67250E+01 -4.29106E-01 6.88646E-01 3.29183E-01
1.67500E+01 -4.11633E-01 6.98937E-01 3.28977E-01
1.67750E+01 -3.93913E-01 7.08785E-01 3.28772E-01
1.68000E+01 -3.75958E-01 7.18184E-01 3.28567E-01
1.68250E+01 -3.57780E-01 7.27129E-01 3.28361E-01
1.68500E+01 -3.39390E-01 7.35613E-01 3.28156E-01
1.68750E+01 -3.20799E-01 7.43633E-01 3.27951E-01
1.69000E+01 -3.02019E-01 7.51184E-01 3.27746E-01
1.69250E+01 -2.83063E-01 7.58260E-01 3.27542E-01
1.69500E+01 -2.63941E-01 7.64859E-01 3.27337E-01
1.69750E+01 -2.44667E-01 7.70976E-01 3.27133E-01
1.70000E+01 -2.25252E-01 7.76607E-01 3.26928E-01
1.70250E+01 -2.05708E-01 7.81750E-01 3.26724E-01
1.70500E+01 -1.86048E-01 7.86401E-01 3.26520E-01
1.70750E+01 -1.66284E-01 7.90558E-01 3.26316E-01
1.71000E+01 -1.46429E-01 7.94219E-01 3.26112E-01
1.71250E+01 -1.26494E-01 7.97381E-01 3.25909E-01
1.71500E+01 -1.06493E-01 8.00043E-01 3.25705E-01
1.71750E+01 -8.64379E-02 8.02204E-01 3.25502E-01
1.72000E+01 -6.63413E-02 8.03863E-01 3.25298E-01
1.72250E+01 -4.62159E-02 8.05018E-01 3.25095E-01
1.72500E+01 -2.60741E-02 8.05670E-01 3.24892E-01
1.72750E+01 -5.92868E-03 8.05818E-01 3.24689E-01
1.73000E+01 1.42079E-02 8.05463E-01 3.24486E-01
1.73250E+01 3.43230E-02 8.04605E-01 3.24284E-01
1.73500E+01 5.44041E-02 8.03245E-01 3.24081E-01
1.73750E+01 7.44387E-02 8.01384E-01 3.23879E-01
1.74000E+01 9.44143E-02 7.99024E-01 3.23676E-01
1.74250E+01 1.14318E-01 7.96166E-01 3.23474E-01
1.74500E+01 1.34139E-01 7.92812E-01 3.23272E-01
1.74750E+01 1.53863E-01 7.88965E-01 3.23070E-01
1.75000E+01 1.73479E-01 7.84629E-01 3.22868E-01
1.75250E+01 1.92974E-01 7.79804E-01 3.22667E-01
1.75500E+01 2.12336E-01 7.74496E-01 3.22465E-01
1.75750E+01 2.31554E-01 7.68707E-01 3.22264E-01
1.76000E+01 2.50615E-01 7.62442E-01 3.22062E-01
1.76250E+01 2.69507E-01 7.55704E-01 3.21861E-01
1.76500E+01 2.88220E-01 7.48498E-01 3.21660E-01
1.76750E+01 3.06741E-01 7.40830E-01 3.21459E-01
1.77000E+01 3.25058E-01 7.32703E-01 3.21259E-01
1.77250E+01 3.43161E-01 7.24124E-01 3.21058E-01
1.77500E+01 3.61039E-01 7.15098E-01 3.20857E-01
1.77750E+01 3.78680E-01 7.05631E-01 3.20657E-01
1.78000E+01 3.96073E-01 6.95730E-01 3.20457E-01
1.78250E+01 4.13208E-01 6.85399E-01 3.20257E-01
1.78500E+01 4.30074E-01 6.74648E-01 3.20056E-01
1.78750E+01 4.46661E-01 6.63481E-01 3.19857E-01
1.79000E+01 4.62959E-01 6.51907E-01 3.19657E-01
1.79250E+01 4.78957E-01 6.39933E-01 3.19457E-01
1.79500E+01 4.94646E-01 6.27567E-01 3.19258E-01
1.79750E+01 5.10017E-01 6.14817E-01 3.19058E-01
1.80000E+01 5.25059E-01 6.01690E-01 3.18859E-01
1.80250E+01 5.39764E-01 5.88196E-01 3.18660E-01
1.80500E+01 5.54122E-01 5.74343E-01 3.18461E-01
1.80750E+01 5.68126E-01 5.60140E-01 3.18262E-01
1.81000E+01 5.81766E-01 5.45596E-01 3.18063E-01
1.81250E+01 5.95034E-01 5.30720E-01 3.17864E-01
1.81500E+01 6.07922E-01 5.15522E-01 3.17666E-01
1.81750E+01 6.20422E-01 5.00011E-01 3.17467E-01
1.82000E+01 6.32527E-01 4.84198E-01 3.17269E-01
1.82250E+01 6.44229E-01 4.68092E-01 3.17071E-01
1.82500E+01 6.55522E-01 4.51704E-01 3.16873E-01
1.82750E+01 6.66398E-01 4.35044E-01 3.16675E-01
1.83000E+01 6.76851E-01 4.18123E-01 3.16477E-01
1.83250E+01 6.86875E-01 4.00951E-01 3.16279E-01
1.83500E+01 6.96463E-01 3.83540E-01 3.16082E-01
1.83750E+01 7.05611E-01 3.65899E-01 3.15884E-01
1.84000E+01 7.14312E-01 3.48042E-01 3.15687E-01
1.84250E+01 7.22561E-01 3.29977E-01 3.15490E-01
1.84500E+01 7.30354E-01 3.11719E-01 3.15293E-01
1.84750E+01 7.37686E-01 2.93276E-01 3.15096E-01
1.85000E+01 7.44553E-01 2.74663E-01 3.14899E-01
1.85250E+01 7.50950E-01 2.55889E-01 3.14703E-01
1.85500E+01 7.56874E-01 2.36967E-01 3.14506E-01
1.85750E+01 7.62322E-01 2.17909E-01 3.14309E-01
1.86000E+01 7.67290E-01 1.98727E-01 3.14113E-01
1.86250E+01 7.71776E-01 1.79432E-01 3.13917E-01
1.86500E+01 7.75777E-01 1.60038E-01 3.13721E-01
1.86750E+01 7.79291E-01 1.40556E-01 3.13525E-01
1.87000E+01 7.82316E-01 1.20998E-01 3.13329E-01
1.87250E+01 7.84850E-01 1.01377E-01 3.13133E-01
1.87500E+01 7.86893E-01 8.17042E-02 3.12938E-01
1.87750E+01 7.88442E-01 6.19931E-02 3.12742E-01
1.88000E+01 7.89499E-01 4.22557E-02 3.12547E-01
1.88250E+01 7.90061E-01 2.25041E-02 3.12352E-01
1.88500E+01 7.90130E-01 2.75088E-03 3.12157E-01
1.88750E+01 7.89705E-01 -1.69918E-02 3.11962E-01
1.89000E+01 7.88788E-01 -3.67115E-02 3.11767E-01
1.89250E+01 7.87378E-01 -5.63959E-02 3.11572E-01
1.89500E+01 7.85477E-01 -7.60328E-02 3.11378E-01
1.89750E+01 7.83087E-01 -9.56100E-02 3.11183E-01
1.90000E+01 7.80209E-01 -1.15115E-01 3.10989E-01
1.90250E+01 7.76845E-01 -1.34536E-01 3.10794E-01
1.90500E+01 7.72999E-01 -1.53861E-01 3.10600E-01
1.90750E+01 7.68672E-01 -1.73078E-01 3.10406E-01
1.91000E+01 7.63868E-01 -1.92175E-01 3.10212E-01
1.91250E+01 7.58589E-01 -2.11140E-01 3.10019E-01
1.91500E+01 7.52840E-01 -2.29961E-01 3.09825E-01
1.91750E+01 7.46624E-01 -2.48626E-01 3.09631E-01
1.92000E+01 7.39946E-01 -2.67125E-01 3.09438E-01
1.92250E+01 7.32810E-01 -2.85445E-01 3.09245E-01
1.92500E+01 7.25221E-01 -3.03576E-01 3.09052E-01
1.92750E+01 7.17183E-01 -3.21505E-01 3.08859E-01
1.93000E+01 7.08703E-01 -3.39223E-01 3.08666E-01
1.93250E+01 6.99785E-01 -3.56717E-01 3.08473E-01
1.93500E+01 6.90435E-01 -3.73978E-01 3.08280E-01
1.93750E+01 6.80660E-01 -3.90995E-01 3.08088E-01
1.94000E+01 6.70466E-01 -4.07756E-01 3.07895E-01
1.94250E+01 6.59860E-01 -4.24253E-01 3.07703E-01
1.94500E+01 6.48848E-01 -4.40474E-01 3.07511E-01
1.94750E+01 6.37438E-01 -4.56410E-01 3.07319E-01
1.95000E+01 6.25637E-01 -4.72051E-01 3.07127E-01
1.95250E+01 6.13452E-01 -4.87387E-01 3.06935E-01
1.95500E+01 6.00892E-01 -5.02410E-01 3.06743E-01
1.95750E+01 5.87964E-01 -5.17109E-01 3.06552E-01
1.96000E+01 5.74677E-01 -5.31476E-01 3.06360E-01
1.96250E+01 5.61040E-01 -5.45502E-01 3.06169E-01
1.96500E+01 5.47060E-01 -5.59178E-01 3.05977E-01
1.96750E+01 5.32748E-01 -5.72497E-01 3.05786E-01
1.97000E+01 5.18112E-01 -5.85450E-01 3.05595E-01
1.97250E+01 5.03161E-01 -5.98029E-01 3.05405E-01
1.97500E+01 4.87905E-01 -6.10226E-01 3.05214E-01
1.97750E+01 4.72354E-01 -6.22035E-01 3.05023E-01
1.98000E+01 4.56518E-01 -6.33448E-01 3.04833E-01
1.98250E+01 4.40407E-01 -6.44458E-01 3.04642E-01
1.98500E+01 4.24030E-01 -6.55059E-01 3.04452E-01
1.98750E+01 4.07399E-01 -6.65244E-01 3.04262E-01
1.99000E+01 3.90524E-01 -6.75007E-01 3.04072E-01
1.99250E+01 3.73415E-01 -6.84342E-01 3.03882E-01
1.99500E+01 3.56084E-01 -6.93245E-01 3.03692E-01
1.99750E+01 3.38542E-01 -7.01708E-01 3.03502E-01
2.00000E+01 3.20798E-01 -7.09728E-01 3.03313E-01
2.00250E+01 3.02866E-01 -7.17300E-01 3.03123E-01
2.00500E+01 2.84755E-01 -7.24419E-01 3.02934E-01
2.00750E+01 2.66478E-01 -7.31080E-01 3.02745E-01
2.01000E+01 2.48046E-01 -7.37282E-01 3.02556E-01
2.01250E+01 2.29471E-01 -7.43018E-01 3.02367E-01
2.01500E+01 2.10764E-01 -7.48288E-01 3.02178E-01
2.01750E+01 1.91937E-01 -7.53086E-01 3.01989E-01
2.02000E+01 1.73001E-01 -7.57411E-01 3.01800E-01
2.02250E+01 1.53970E-01 -7.61260E-01 3.01612E-01
2.02500E+01 1.34854E-01 -7.64632E-01 3.01423E-01
2.02750E+01 1.15666E-01 -7.67523E-01 3.01235E-01
2.03000E+01 9.64175E-02 -7.69934E-01 3.01047E-01
2.03250E+01 7.71210E-02 -7.71862E-01 3.00859E-01
2.03500E+01 5.77883E-02 -7.73306E-01 3.00671E-01
2.03750E+01 3.84316E-02 -7.74267E-01 3.00483E-01
2.04000E+01 1.90630E-02 -7.74744E-01 3.00296E-01
2.04250E+01 -3.05353E-04 -7.74736E-01 3.00108E-01
2.04500E+01 -1.96615E-02 -7.74245E-01 2.99921E-01
2.04750E+01 -3.89932E-02 -7.73270E-01 2.99733E-01
2.05000E+01 -5.82885E-02 -7.71813E-01 2.99546E-01
2.05250E+01 -7.75354E-02 -7.69874E-01 2.99359E-01
2.05500E+01 -9.67218E-02 -7.67456E-01 2.99172E-01
2.05750E+01 -1.15836E-01 -7.64560E-01 2.98985E-01
2.06000E+01 -1.34865E-01 -7.61189E-01 2.98798E-01
2.06250E+01 -1.53799E-01 -7.57344E-01 2.98612E-01
2.06500E+01 -1.72625E-01 -7.53028E-01 2.98425E-01
2.06750E+01 -1.91331E-01 -7.48245E-01 2.98239E-01
2.07000E+01 -2.09906E-01 -7.42997E-01 2.98053E-01
2.07250E+01 -2.28338E-01 -7.37289E-01 2.97866E-01
2.07500E+01 -2.46616E-01 -7.31123E-01 2.97680E-01
2.07750E+01 -2.64729E-01 -7.24505E-01 2.97494E-01
2.08000E+01 -2.82665E-01 -7.17438E-01 2.97309E-01
2.08250E+01 -3.00413E-01 -7.09928E-01 2.97123E-01
2.08500E+01 -3.17962E-01 -7.01979E-01 2.96937E-01
2.08750E+01 -3.35302E-01 -6.93596E-01 2.96752E-01
2.09000E+01 -3.52422E-01 -6.84786E-01 2.96566E-01
2.09250E+01 -3.69311E-01 -6.75553E-01 2.96381E-01
2.09500E+01 -3.85958E-01 -6.65904E-01 2.96196E-01
2.09750E+01 -4.02355E-01 -6.55845E-01 2.96011E-01
2.10000E+01 -4.18489E-01 -6.45383E-01 2.95826E-01
2.10250E+01 -4.34352E-01 -6.34524E-01 2.95641E-01
2.10500E+01 -4.49934E-01 -6.23276E-01 2.95457E-01
2.10750E+01 -4.65225E-01 -6.11645E-01 2.95272E-01
2.11000E+01 -4.80216E-01 -5.99640E-01 2.95088E-01
2.11250E+01 -4.94898E-01 -5.87267E-01 2.94903E-01
2.11500E+01 -5.09261E-01 -5.74536E-01 2.94719E-01
2.11750E+01 -5.23298E-01 -5.61453E-01 2.94535E-01
2.12000E+01 -5.36998E-01 -5.48028E-01 2.94351E-01
2.12250E+01 -5.50355E-01 -5.34270E-01 2.94167E-01
2.12500E+01 -5.63360E-01 -5.20186E-01 2.93984E-01
2.12750E+01 -5.76004E-01 -5.05785E-01 2.93800E-01
2.13000E+01 -5.88281E-01 -4.91078E-01 2.93616E-01
2.13250E+01 -6.00183E-01 -4.76074E-01 2.93433E-01
2.13500E+01 -6.11703E-01 -4.60781E-01 2.93250E-01
2.13750E+01 -6.22833E-01 -4.45210E-01 2.93067E-01
2.14000E+01 -6.33567E-01 -4.29371E-01 2.92884E-01
2.14250E+01 -6.43899E-01 -4.13274E-01 2.92701E-01
2.14500E+01 -6.53822E-01 -3.96928E-01 2.92518E-01
2.14750E+01 -6.63331E-01 -3.80345E-01 2.92335E-01
2.15000E+01 -6.72419E-01 -3.63535E-01 2.92153E-01
2.15250E+01 -6.81082E-01 -3.46507E-01 2.91970E-01
2.15500E+01 -6.89314E-01 -3.29275E-01 2.91788E-01
2.15750E+01 -6.97110E-01 -3.11847E-01 2.91605E-01
2.16000E+01 -7.04466E-01 -2.94235E-01 2.91423E-01
2.16250E+01 -7.11377E-01 -2.76451E-01 2.91241E-01
2.16500E+01 -7.17840E-01 -2.58505E-01 2.91059E-01
2.16750E+01 -7.23850E-01 -2.40409E-01 2.90878E-01
2.17000E+01 -7.29404E-01 -2.22173E-01 2.90696E-01
2.17250E+01 -7.34500E-01 -2.03811E-01 2.90514E-01
2.17500E+01 -7.39133E-01 -1.85333E-01 2.90333E-01
2.17750E+01 -7.43302E-01 -1.66750E-01 2.90151E-01
2.18000E+01 -7.47004E-01 -1.48075E-01 2.89970E-01
2.18250E+01 -7.50237E-01 -1.29319E-01 2.89789E-01
2.18500E+01 -7.52999E-01 -1.10494E-01 2.89608E-01
2.18750E+01 -7.55289E-01 -9.16119E-02 2.89427E-01
2.19000E+01 -7.57106E-01 -7.26842E-02 2.89246E-01
2.19250E+01 -7.58449E-01 -5.37230E-02 2.89066E-01
2.19500E+01 -7.59318E-01 -3.47401E-02 2.88885E-01
2.19750E+01 -7.59712E-01 -1.57473E-02 2.88705E-01
2.20000E+01 -7.59630E-01 3.24350E-03 2.88524E-01
2.20250E+01 -7.59075E-01 2.22204E-02 2.88344E-01
2.20500E+01 -7.58046E-01 4.11715E-02 2.88164E-01
2.20750E+01 -7.56544E-01 6.00851E-02 2.87984E-01
2.21000E+01 -7.54570E-01 7.89493E-02 2.87804E-01
2.21250E+01 -7.52126E-01 9.77525E-02 2.87625E-01
2.21500E+01 -7.49214E-01 1.16483E-01 2.87445E-01
2.21750E+01 -7.45836E-01 1.35129E-01 2.87265E-01
2.22000E+01 -7.41994E-01 1.53679E-01 2.87086E-01
2.22250E+01 -7.37691E-01 1.72121E-01 2.86907E-01
2.22500E+01 -7.32930E-01 1.90444E-01 2.86727E-01
2.22750E+01 -7.27714E-01 2.08637E-01 2.86548E-01
2.23000E+01 -7.22046E-01 2.26688E-01 2.86369E-01
2.23250E+01 -7.15932E-01 2.44586E-01 2.86190E-01
2.23500E+01 -7.09374E-01 2.62321E-01 2.86012E-01
2.23750E+01 -7.02377E-01 2.79880E-01 2.85833E-01
2.24000E+01 -6.94945E-01 2.97254E-01 2.85654E-01
2.24250E+01 -6.87085E-01 3.14431E-01 2.85476E-01
2.24500E+01 -6.78800E-01 3.31401E-01 2.85298E-01
2.24750E+01 -6.70096E-01 3.48153E-01 2.85120E-01
2.25000E+01 -6.60979E-01 3.64678E-01 2.84941E-01
2.25250E+01 -6.51455E-01 3.80964E-01 2.84763E-01
2.25500E+01 -6.41530E-01 3.97002E-01 2.84586E-01
2.25750E+01 -6.31210E-01 4.12783E-01 2.84408E-01
2.26000E+01 -6.20503E-01 4.28295E-01 2.84230E-01
2.26250E+01 -6.09415E-01 4.43531E-01 2.84053E-01
2.26500E+01 -5.97953E-01 4.58479E-01 2.83875E-01
2.26750E+01 -5.86124E-01 4.73132E-01 2.83698E-01
2.27000E+01 -5.73937E-01 4.87481E-01 2.83521E-01
2.27250E+01 -5.61399E-01 5.01516E-01 2.83344E-01
2.27500E+01 -5.48519E-01 5.15229E-01 2.83167E-01
2.27750E+01 -5.35303E-01 5.28611E-01 2.82990E-01
2.28000E+01 -5.21762E-01 5.41655E-01 2.82813E-01
2.28250E+01 -5.07903E-01 5.54353E-01 2.82636E-01
2.28500E+01 -4.93736E-01 5.66696E-01 2.82460E-01
2.28750E+01 -4.79269E-01 5.78678E-01 2.82283E-01
2.29000E+01 -4.64511E-01 5.90291E-01 2.82107E-01
2.29250E+01 -4.49473E-01 6.01528E-01 2.81931E-01
2.29500E+01 -4.34164E-01 6.12382E-01 2.81755E-01
2.29750E+01 -4.18593E-01 6.22847E-01 2.81579E-01
2.30000E+01 -4.02770E-01 6.32916E-01 2.81403E-01
2.30250E+01 -3.86705E-01 6.42584E-01 2.81227E-01
2.30500E+01 -3.70409E-01 6.51844E-01 2.81052E-01
2.30750E+01 -3.53892E-01 6.60691E-01 2.80876E-01
2.31000E+01 -3.37164E-01 6.69120E-01 2.80701E-01
2.31250E+01 -3.20236E-01 6.77126E-01 2.80525E-01
2.31500E+01 -3.03118E-01 6.84704E-01 2.80350E-01
2.31750E+01 -2.85822E-01 6.91850E-01 2.80175E-01
2.32000E+01 -2.68358E-01 6.98558E-01 2.80000E-01
2.32250E+01 -2.50737E-01 7.04827E-01 2.79825E-01
2.32500E+01 -2.32971E-01 7.10651E-01 2.79650E-01
2.32750E+01 -2.15070E-01 7.16028E-01 2.79476E-01
2.33000E+01 -1.97046E-01 7.20954E-01 2.79301E-01
2.33250E+01 -1.78911E-01 7.25427E-01 2.79127E-01
2.33500E+01 -1.60674E-01 7.29444E-01 2.78952E-01
2.33750E+01 -1.42349E-01 7.33002E-01 2.78778E-01
2.34000E+01 -1.23947E-01 7.36101E-01 2.78604E-01
2.34250E+01 -1.05478E-01 7.38738E-01 2.78430E-01
2.34500E+01 -8.69556E-02 7.40912E-01 2.78256E-01
2.34750E+01 -6.83901E-02 7.42622E-01 2.78082E-01
2.35000E+01 -4.97934E-02 7.43867E-01 2.77908E-01
2.35250E+01 -3.11772E-02 7.44646E-01 2.77735E-01
2.35500E+01 -1.25532E-02 7.44960E-01 2.77561E-01
2.35750E+01 6.06695E-03 7.44808E-01 2.77388E-01
2.36000E+01 2.46717E-02 7.44191E-01 2.77215E-01
2.36250E+01 4.32495E-02 7.43110E-01 2.77042E-01
2.36500E+01 6.17886E-02 7.41565E-01 2.76869E-01
2.36750E+01 8.02776E-02 7.39558E-01 2.76696E-01
2.37000E+01 9.87049E-02 7.37091E-01 2.76523E-01
2.37250E+01 1.17059E-01 7.34164E-01 2.76350E-01
2.37500E+01 1.35328E-01 7.30781E-01 2.76177E-01
2.37750E+01 1.53502E-01 7.26944E-01 2.76005E-01
2.38000E+01 1.71568E-01 7.22654E-01 2.75833E-01
2.38250E+01 1.89516E-01 7.17916E-01 2.75660E-01
2.38500E+01 2.07335E-01 7.12733E-01 2.75488E-01
2.38750E+01 2.25012E-01 7.07108E-01 2.75316E-01
2.39000E+01 2.42538E-01 7.01044E-01 2.75144E-01
2.39250E+01 2.59902E-01 6.94547E-01 2.74972E-01
2.39500E+01 2.77093E-01 6.87619E-01 2.74800E-01
2.39750E+01 2.94099E-01 6.80267E-01 2.74629E-01
2.40000E+01 3.10912E-01 6.72494E-01 2.74457E-01
2.40250E+01 3.27519E-01 6.64306E-01 2.74286E-01
2.40500E+01 3.43912E-01 6.55708E-01 2.74115E-01
2.40750E+01 3.60080E-01 6.46706E-01 2.73943E-01
2.41000E+01 3.76012E-01 6.37306E-01 2.73772E-01
2.41250E+01 3.91700E-01 6.27514E-01 2.73601E-01
2.41500E+01 4.07134E-01 6.17335E-01 2.73430E-01
2.41750E+01 4.22303E-01 6.06778E-01 2.73259E-01
2.42000E+01 4.37199E-01 5.95848E-01 2.73089E-01
2.42250E+01 4.51813E-01 5.84552E-01 2.72918E-01
2.42500E+01 4.66135E-01 5.72899E-01 2.72748E-01
2.42750E+01 4.80158E-01 5.60895E-01 2.72577E-01
2.43000E+01 4.93872E-01 5.48548E-01 2.72407E-01
2.43250E+01 5.07268E-01 5.35867E-01 2.72237E-01
2.43500E+01 5.20340E-01 5.22858E-01 2.72067E-01
2.43750E+01 5.33078E-01 5.09531E-01 2.71897E-01
2.44000E+01 5.45475E-01 4.95894E-01 2.71727E-01
2.44250E+01 5.57524E-01 4.81956E-01 2.71557E-01
2.44500E+01 5.69217E-01 4.67726E-01 2.71388E-01
2.44750E+01 5.80548E-01 4.53212E-01 2.71218E-01
2.45000E+01 5.91508E-01 4.38424E-01 2.71049E-01
2.45250E+01 6.02093E-01 4.23372E-01 2.70880E-01
2.45500E+01 6.12294E-01 4.08065E-01 2.70710E-01
2.45750E+01 6.22107E-01 3.92512E-01 2.70541E-01
2.46000E+01 6.31525E-01 3.76724E-01 2.70372E-01
2.46250E+01 6.40543E-01 3.60710E-01 2.70204E-01
2.46500E+01 6.49155E-01 3.44481E-01 2.70035E-01
2.46750E+01 6.57356E-01 3.28047E-01 2.69866E-01
2.47000E+01 6.65142E-01 3.11419E-01 2.69698E-01
2.47250E+01 6.72507E-01 2.94606E-01 2.69529E-01
2.47500E+01 6.79447E-01 2.77620E-01 2.69361E-01
2.47750E+01 6.85959E-01 2.60471E-01 2.69192E-01
2.48000E+01 6.92038E-01 2.43170E-01 2.69024E-01
2.48250E+01 6.97681E-01 2.25728E-01 2.68856E-01
2.48500E+01 7.02885E-01 2.08156E-01 2.68688E-01
2.48750E+01 7.07647E-01 1.90465E-01 2.68521E-01
2.49000E+01 7.11964E-01 1.72666E-01 2.68353E-01
2.49250E+01 7.15833E-01 1.54770E-01 2.68185E-01
2.49500E+01 7.19253E-01 1.36789E-01 2.68018E-01
2.49750E+01 7.22221E-01 1.18733E-01 2.67850E-01
2.50000E+01 7.24736E-01 1.00615E-01 2.67683E-01
