0.000000 0.000000 0.000000
0.007904 0.003333 0.000000
0.015808 0.006667 0.000000
0.023713 0.010000 0.000000
0.031617 0.013333 0.000000
0.039521 0.016667 0.000000
0.047425 0.020000 0.000000
0.055329 0.023333 0.000000
0.063234 0.026667 0.000000
0.071138 0.030000 0.000000
0.079042 0.033333 0.000000
0.086946 0.036667 0.000000
0.094850 0.040000 0.000000
0.102755 0.043333 0.000000
0.110659 0.046667 0.000000
0.118563 0.050000 0.000000
0.126467 0.053333 0.000000
0.134372 0.056667 0.000000
0.142276 0.060000 0.000000
0.150180 0.063333 0.000000
0.158084 0.066667 0.000000
0.165988 0.070000 0.000000
0.173893 0.073333 0.000000
0.181797 0.076667 0.000000
0.189701 0.080000 0.000000
0.197605 0.083333 0.000000
0.205509 0.086667 0.000000
0.213414 0.090000 0.000000
0.221318 0.093333 0.000000
0.229222 0.096667 0.000000
0.237126 0.100000 0.000000
0.245030 0.103333 0.000000
0.252935 0.106667 0.000000
0.260839 0.110000 0.000000
0.268743 0.113333 0.000000
0.276647 0.116667 0.000000
0.284551 0.120000 0.000000
0.292456 0.123333 0.000000
0.300360 0.126667 0.000000
0.308264 0.130000 0.000000
0.316168 0.133333 0.000000
0.324073 0.136667 0.000000
0.331977 0.140000 0.000000
0.339881 0.143333 0.000000
0.347785 0.146667 0.000000
0.355689 0.150000 0.000000
0.363594 0.153333 0.000000
0.371498 0.156667 0.000000
0.379402 0.160000 0.000000
0.387306 0.163333 0.000000
0.395210 0.166667 0.000000
0.403115 0.170000 0.000000
0.411019 0.173333 0.000000
0.418923 0.176667 0.000000
0.426827 0.180000 0.000000
0.434731 0.183333 0.000000
0.442636 0.186667 0.000000
0.450540 0.190000 0.000000
0.458444 0.193333 0.000000
0.466348 0.196667 0.000000
0.474252 0.200000 0.000000
0.482157 0.203333 0.000000
0.490061 0.206667 0.000000
0.497965 0.210000 0.000000
0.505869 0.213333 0.000000
0.513773 0.216667 0.000000
0.521678 0.220000 0.000000
0.529582 0.223333 0.000000
0.537486 0.226667 0.000000
0.545390 0.230000 0.000000
0.553295 0.233333 0.000000
0.561199 0.236667 0.000000
0.569103 0.240000 0.000000
0.577007 0.243333 0.000000
0.584911 0.246667 0.000000
0.592816 0.250000 0.000000
0.600720 0.253333 0.000000
0.608624 0.256667 0.000000
0.616528 0.260000 0.000000
0.624432 0.263333 0.000000
0.632337 0.266667 0.000000
0.640241 0.270000 0.000000
0.648145 0.273333 0.000000
0.656049 0.276667 0.000000
0.663953 0.280000 0.000000
0.671858 0.283333 0.000000
0.679762 0.286667 0.000000
0.687666 0.290000 0.000000
0.695570 0.293333 0.000000
0.703474 0.296667 0.000000
0.711379 0.300000 0.000000
0.719283 0.303333 0.000000
0.727187 0.306667 0.000000
0.735091 0.310000 0.000000
0.742995 0.313333 0.000000
0.750900 0.316667 0.000000
0.758804 0.320000 0.000000
0.766708 0.323333 0.000000
0.774612 0.326667 0.000000
0.782517 0.330000 0.000000
0.790421 0.333333 0.000000
0.798325 0.336667 0.000000
0.806229 0.340000 0.000000
0.814133 0.343333 0.000000
0.822038 0.346667 0.000000
0.829942 0.350000 0.000000
0.837846 0.353333 0.000000
0.845750 0.356667 0.000000
0.853654 0.360000 0.000000
0.861559 0.363333 0.000000
0.869463 0.366667 0.000000
0.877367 0.370000 0.000506
0.885271 0.373333 0.003200
0.893175 0.376667 0.012004
0.901080 0.380000 0.031753
0.908984 0.383333 0.071470
0.916888 0.386667 0.142723
0.924792 0.390000 0.282083
0.932696 0.393333 0.503493
0.940601 0.396667 0.766998
0.948505 0.400000 1.152933
0.956409 0.403333 1.584670
0.964313 0.406667 2.078319
0.972218 0.410000 2.559275
0.980122 0.413333 3.053041
0.988026 0.416667 3.466875
0.995930 0.420000 3.859650
1.003834 0.423333 4.123689
1.011739 0.426667 4.292055
1.019643 0.430000 4.345072
1.027547 0.433333 4.309563
1.035451 0.436667 4.264446
1.043355 0.440000 4.079384
1.051260 0.443333 3.879730
1.059164 0.446667 3.697324
1.067068 0.450000 3.405946
1.074972 0.453333 3.162937
1.082876 0.456667 2.871043
1.090781 0.460000 2.591124
1.098685 0.463333 2.386221
1.106589 0.466667 2.157796
1.114493 0.470000 2.000028
1.122397 0.473333 1.815223
1.130302 0.476667 1.664825
1.138206 0.480000 1.503379
1.146110 0.483333 1.409878
1.154014 0.486667 1.309572
1.161918 0.490000 1.207488
1.169823 0.493333 1.152184
1.177727 0.496667 1.083583
1.185631 0.500000 1.025489
1.193535 0.503333 0.959056
1.201440 0.506667 0.919209
1.209344 0.510000 0.876184
1.217248 0.513333 0.839264
1.225152 0.516667 0.798368
1.233056 0.520000 0.754693
1.240961 0.523333 0.749394
1.248865 0.526667 0.705733
1.256769 0.530000 0.679212
1.264673 0.533333 0.637876
1.272577 0.536667 0.607082
1.280482 0.540000 0.572943
1.288386 0.543333 0.541679
1.296290 0.546667 0.509052
1.304194 0.550000 0.487115
1.312098 0.553333 0.455813
1.320003 0.556667 0.424907
1.327907 0.560000 0.388921
1.335811 0.563333 0.364941
1.343715 0.566667 0.339835
1.351619 0.570000 0.298752
1.359524 0.573333 0.271782
1.367428 0.576667 0.255024
1.375332 0.580000 0.240512
1.383236 0.583333 0.223712
1.391140 0.586667 0.208993
1.399045 0.590000 0.187897
1.406949 0.593333 0.164666
1.414853 0.596667 0.154286
1.422757 0.600000 0.145658
1.430662 0.603333 0.148726
1.438566 0.606667 0.146735
1.446470 0.610000 0.149913
1.454374 0.613333 0.150721
1.462278 0.616667 0.159552
1.470183 0.620000 0.172794
1.478087 0.623333 0.191720
1.485991 0.626667 0.214050
1.493895 0.630000 0.231627
1.501799 0.633333 0.257440
1.509704 0.636667 0.285484
1.517608 0.640000 0.327801
1.525512 0.643333 0.368597
1.533416 0.646667 0.413187
1.541320 0.650000 0.453933
1.549225 0.653333 0.494281
1.557129 0.656667 0.551020
1.565033 0.660000 0.601705
1.572937 0.663333 0.650247
1.580841 0.666667 0.712736
1.588746 0.670000 0.757874
1.596650 0.673333 0.813452
1.604554 0.676667 0.858267
1.612458 0.680000 0.906874
1.620363 0.683333 0.954080
1.628267 0.686667 1.007658
1.636171 0.690000 1.040449
1.644075 0.693333 1.078590
1.651979 0.696667 1.110253
1.659884 0.700000 1.134870
1.667788 0.703333 1.158425
1.675692 0.706667 1.174340
1.683596 0.710000 1.188558
1.691500 0.713333 1.211344
1.699405 0.716667 1.225389
1.707309 0.720000 1.219919
1.715213 0.723333 1.202651
1.723117 0.726667 1.203978
1.731021 0.730000 1.192863
1.738926 0.733333 1.177903
1.746830 0.736667 1.157669
1.754734 0.740000 1.141183
1.762638 0.743333 1.124836
1.770542 0.746667 1.108193
1.778447 0.750000 1.110646
1.786351 0.753333 1.099543
1.794255 0.756667 1.096612
1.802159 0.760000 1.104146
1.810063 0.763333 1.110392
1.817968 0.766667 1.125074
1.825872 0.770000 1.147139
1.833776 0.773333 1.182481
1.841680 0.776667 1.218617
1.849585 0.780000 1.250210
1.857489 0.783333 1.276143
1.865393 0.786667 1.299947
1.873297 0.790000 1.333457
1.881201 0.793333 1.361494
1.889106 0.796667 1.399846
1.897010 0.800000 1.430419
1.904914 0.803333 1.467964
1.912818 0.806667 1.505695
1.920722 0.810000 1.543155
1.928627 0.813333 1.571701
1.936531 0.816667 1.594297
1.944435 0.820000 1.632015
1.952339 0.823333 1.678965
1.960243 0.826667 1.719617
1.968148 0.830000 1.751094
1.976052 0.833333 1.776357
1.983956 0.836667 1.798208
1.991860 0.840000 1.804621
1.999764 0.843333 1.827112
2.007669 0.846667 1.829601
2.015573 0.850000 1.818547
2.023477 0.853333 1.813618
2.031381 0.856667 1.797426
2.039285 0.860000 1.777364
2.047190 0.863333 1.738774
2.055094 0.866667 1.685072
2.062998 0.870000 1.620277
2.070902 0.873333 1.543099
2.078807 0.876667 1.476448
2.086711 0.880000 1.384822
2.094615 0.883333 1.300515
2.102519 0.886667 1.219607
2.110423 0.890000 1.121299
2.118328 0.893333 1.038678
2.126232 0.896667 0.953495
2.134136 0.900000 0.865743
2.142040 0.903333 0.787281
2.149944 0.906667 0.708939
2.157849 0.910000 0.645134
2.165753 0.913333 0.580742
2.173657 0.916667 0.520531
2.181561 0.920000 0.471486
2.189465 0.923333 0.420838
2.197370 0.926667 0.382381
2.205274 0.930000 0.345995
2.213178 0.933333 0.319851
2.221082 0.936667 0.297239
2.228986 0.940000 0.276874
2.236891 0.943333 0.258589
2.244795 0.946667 0.245425
2.252699 0.950000 0.236249
2.260603 0.953333 0.235152
2.268508 0.956667 0.230864
2.276412 0.960000 0.228130
2.284316 0.963333 0.230665
2.292220 0.966667 0.232772
2.300124 0.970000 0.241264
2.308029 0.973333 0.245445
2.315933 0.976667 0.257634
2.323837 0.980000 0.265357
2.331741 0.983333 0.276057
2.339645 0.986667 0.289795
2.347550 0.990000 0.304455
2.355454 0.993333 0.319780
2.363358 0.996667 0.339075
2.371262 1.000000 0.333537
2.379166 1.003333 0.227042
2.387071 1.006667 0.222696
2.394975 1.010000 0.253003
2.402879 1.013333 0.286913
2.410783 1.016667 0.331272
2.418687 1.020000 0.376187
2.426592 1.023333 0.425923
2.434496 1.026667 0.473669
2.442400 1.030000 0.536258
2.450304 1.033333 0.601876
2.458208 1.036667 0.660719
2.466113 1.040000 0.726580
2.474017 1.043333 0.796708
2.481921 1.046667 0.866750
2.489825 1.050000 0.935568
2.497730 1.053333 1.013264
2.505634 1.056667 1.087450
2.513538 1.060000 1.160700
2.521442 1.063333 1.234003
2.529346 1.066667 1.303503
2.537251 1.070000 1.361260
2.545155 1.073333 1.409962
2.553059 1.076667 1.461870
2.560963 1.080000 1.489769
2.568867 1.083333 1.516208
2.576772 1.086667 1.536677
2.584676 1.090000 1.549669
2.592580 1.093333 1.557348
2.600484 1.096667 1.535162
2.608388 1.100000 1.517313
2.616293 1.103333 1.477886
2.624197 1.106667 1.429610
2.632101 1.110000 1.371773
2.640005 1.113333 1.294388
2.647909 1.116667 1.221489
2.655814 1.120000 1.143029
2.663718 1.123333 1.073615
2.671622 1.126667 0.998838
2.679526 1.130000 0.916281
2.687430 1.133333 0.839367
2.695335 1.136667 0.775665
2.703239 1.140000 0.716752
2.711143 1.143333 0.666515
2.719047 1.146667 0.628415
2.726952 1.150000 0.591364
2.734856 1.153333 0.563643
2.742760 1.156667 0.544536
2.750664 1.160000 0.531703
2.758568 1.163333 0.523337
2.766473 1.166667 0.524535
2.774377 1.170000 0.524700
2.782281 1.173333 0.528765
2.790185 1.176667 0.535129
2.798089 1.180000 0.543224
2.805994 1.183333 0.548181
2.813898 1.186667 0.552622
2.821802 1.190000 0.563645
2.829706 1.193333 0.564969
2.837610 1.196667 0.564773
2.845515 1.200000 0.557206
2.853419 1.203333 0.543643
2.861323 1.206667 0.523847
2.869227 1.210000 0.502156
2.877131 1.213333 0.476077
2.885036 1.216667 0.444184
2.892940 1.220000 0.410845
2.900844 1.223333 0.378249
2.908748 1.226667 0.340976
2.916653 1.230000 0.311184
2.924557 1.233333 0.282418
2.932461 1.236667 0.253681
2.940365 1.240000 0.232032
2.948269 1.243333 0.211607
2.956174 1.246667 0.199739
2.964078 1.250000 0.191455
2.971982 1.253333 0.187934
2.979886 1.256667 0.188831
2.987790 1.260000 0.193220
2.995695 1.263333 0.202198
3.003599 1.266667 0.211524
3.011503 1.270000 0.223450
3.019407 1.273333 0.238676
3.027311 1.276667 0.253185
3.035216 1.280000 0.266094
3.043120 1.283333 0.280823
3.051024 1.286667 0.295680
3.058928 1.290000 0.308031
3.066832 1.293333 0.315039
3.074737 1.296667 0.314304
3.082641 1.300000 0.311934
3.090545 1.303333 0.307126
3.098449 1.306667 0.304160
3.106353 1.310000 0.300151
3.114258 1.313333 0.290245
3.122162 1.316667 0.280152
3.130066 1.320000 0.271034
3.137970 1.323333 0.254588
3.145875 1.326667 0.242701
3.153779 1.330000 0.231246
3.161683 1.333333 0.220212
3.169587 1.336667 0.206585
3.177491 1.340000 0.192780
3.185396 1.343333 0.183926
3.193300 1.346667 0.176621
3.201204 1.350000 0.168364
3.209108 1.353333 0.161697
3.217012 1.356667 0.155977
3.224917 1.360000 0.154050
3.232821 1.363333 0.148909
3.240725 1.366667 0.145739
3.248629 1.370000 0.142738
3.256533 1.373333 0.141691
3.264438 1.376667 0.139325
3.272342 1.380000 0.134839
3.280246 1.383333 0.130647
3.288150 1.386667 0.124039
3.296054 1.390000 0.118609
3.303959 1.393333 0.111140
3.311863 1.396667 0.103623
3.319767 1.400000 0.097451
3.327671 1.403333 0.091468
3.335575 1.406667 0.081786
3.343480 1.410000 0.075608
3.351384 1.413333 0.069291
3.359288 1.416667 0.071742
3.367192 1.420000 0.079783
3.375097 1.423333 0.089067
3.383001 1.426667 0.100399
3.390905 1.430000 0.113243
3.398809 1.433333 0.124256
3.406713 1.436667 0.135753
3.414618 1.440000 0.146128
3.422522 1.443333 0.156307
3.430426 1.446667 0.168306
3.438330 1.450000 0.176128
3.446234 1.453333 0.184924
3.454139 1.456667 0.191058
3.462043 1.460000 0.194950
3.469947 1.463333 0.197162
3.477851 1.466667 0.194077
3.485755 1.470000 0.191974
3.493660 1.473333 0.181484
3.501564 1.476667 0.167738
3.509468 1.480000 0.159889
3.517372 1.483333 0.144952
3.525276 1.486667 0.130709
3.533181 1.490000 0.115637
3.541085 1.493333 0.098610
3.548989 1.496667 0.084024
3.556893 1.500000 0.069021
3.564798 1.503333 0.054601
3.572702 1.506667 0.041868
3.580606 1.510000 0.029727
3.588510 1.513333 0.021109
3.596414 1.516667 0.015505
3.604319 1.520000 0.009512
3.612223 1.523333 0.006330
3.620127 1.526667 0.003812
3.628031 1.530000 0.002376
3.635935 1.533333 0.001059
3.643840 1.536667 0.000491
3.651744 1.540000 0.000193
3.659648 1.543333 0.000071
3.667552 1.546667 0.000043
3.675456 1.550000 0.000021
3.683361 1.553333 0.000000
3.691265 1.556667 0.000000
3.699169 1.560000 0.000000
3.707073 1.563333 0.000000
3.714977 1.566667 0.000000
3.722882 1.570000 0.000000
3.730786 1.573333 0.000000
3.738690 1.576667 0.000000
3.746594 1.580000 0.000000
3.754498 1.583333 0.000000
3.762403 1.586667 0.000000
3.770307 1.590000 0.000000
3.778211 1.593333 0.000000
3.786115 1.596667 0.000000
3.794020 1.600000 0.000025
3.801924 1.603333 0.000031
3.809828 1.606667 0.000048
3.817732 1.610000 0.000035
3.825636 1.613333 0.000038
3.833541 1.616667 0.000070
3.841445 1.620000 0.000171
3.849349 1.623333 0.000248
3.857253 1.626667 0.000388
3.865157 1.630000 0.000490
3.873062 1.633333 0.000760
3.880966 1.636667 0.001366
3.888870 1.640000 0.001723
3.896774 1.643333 0.002498
3.904678 1.646667 0.003465
3.912583 1.650000 0.004882
3.920487 1.653333 0.006354
3.928391 1.656667 0.007958
3.936295 1.660000 0.010427
3.944199 1.663333 0.012116
3.952104 1.666667 0.015245
3.960008 1.670000 0.018279
3.967912 1.673333 0.022345
3.975816 1.676667 0.026095
3.983721 1.680000 0.029637
3.991625 1.683333 0.032913
3.999529 1.686667 0.034422
4.007433 1.690000 0.036604
4.015337 1.693333 0.037528
4.023242 1.696667 0.036676
4.031146 1.700000 0.035267
4.039050 1.703333 0.033127
4.046954 1.706667 0.030086
4.054858 1.710000 0.026388
4.062763 1.713333 0.020801
4.070667 1.716667 0.015163
4.078571 1.720000 0.009943
4.086475 1.723333 0.005473
4.094379 1.726667 0.002280
4.102284 1.730000 0.000331
4.110188 1.733333 0.000002
4.118092 1.736667 0.000000
4.125996 1.740000 0.000000
4.133900 1.743333 0.000000
4.141805 1.746667 0.000000
4.149709 1.750000 0.000000
4.157613 1.753333 0.000000
4.165517 1.756667 0.000000
4.173421 1.760000 0.000000
4.181326 1.763333 0.000000
4.189230 1.766667 0.000000
4.197134 1.770000 0.000000
4.205038 1.773333 0.000000
4.212943 1.776667 0.000000
4.220847 1.780000 0.000000
4.228751 1.783333 0.000000
4.236655 1.786667 0.000000
4.244559 1.790000 0.000000
4.252464 1.793333 0.000000
4.260368 1.796667 0.000000
4.268272 1.800000 0.000000
4.276176 1.803333 0.000000
4.284080 1.806667 0.000000
4.291985 1.810000 0.000000
4.299889 1.813333 0.000000
4.307793 1.816667 0.000000
4.315697 1.820000 0.000000
4.323601 1.823333 0.000000
4.331506 1.826667 0.000000
4.339410 1.830000 0.000000
4.347314 1.833333 0.000000
4.355218 1.836667 0.000000
4.363122 1.840000 0.000000
4.371027 1.843333 0.000000
4.378931 1.846667 0.000000
4.386835 1.850000 0.000000
4.394739 1.853333 0.000000
4.402643 1.856667 0.000000
4.410548 1.860000 0.000000
4.418452 1.863333 0.000000
4.426356 1.866667 0.000000
4.434260 1.870000 0.000000
4.442165 1.873333 0.000000
4.450069 1.876667 0.000000
4.457973 1.880000 0.000000
4.465877 1.883333 0.000000
4.473781 1.886667 0.000000
4.481686 1.890000 0.000000
4.489590 1.893333 0.000000
4.497494 1.896667 0.000000
4.505398 1.900000 0.000000
4.513302 1.903333 0.000000
4.521207 1.906667 0.000000
4.529111 1.910000 0.000000
4.537015 1.913333 0.000000
4.544919 1.916667 0.000000
4.552823 1.920000 0.000000
4.560728 1.923333 0.000000
4.568632 1.926667 0.000000
4.576536 1.930000 0.000000
4.584440 1.933333 0.000000
4.592344 1.936667 0.000000
4.600249 1.940000 0.000000
4.608153 1.943333 0.000000
4.616057 1.946667 0.000000
4.623961 1.950000 0.000000
4.631866 1.953333 0.000000
4.639770 1.956667 0.000000
4.647674 1.960000 0.000000
4.655578 1.963333 0.000000
4.663482 1.966667 0.000000
4.671387 1.970000 0.000000
4.679291 1.973333 0.000000
4.687195 1.976667 0.000000
4.695099 1.980000 0.000000
4.703003 1.983333 0.000000
4.710908 1.986667 0.000000
4.718812 1.990000 0.000000
4.726716 1.993333 0.000000
4.734620 1.996667 0.000000
