0.000000 0.000000 0.000000
0.015834 0.003333 0.000000
0.031668 0.006667 0.000000
0.047502 0.010000 0.000000
0.063336 0.013333 0.000000
0.079171 0.016667 0.000000
0.095005 0.020000 0.000000
0.110839 0.023333 0.000000
0.126673 0.026667 0.000000
0.142507 0.030000 0.000000
0.158341 0.033333 0.000000
0.174175 0.036667 0.000000
0.190009 0.040000 0.000000
0.205843 0.043333 0.000000
0.221677 0.046667 0.000000
0.237512 0.050000 0.000000
0.253346 0.053333 0.000000
0.269180 0.056667 0.000000
0.285014 0.060000 0.000000
0.300848 0.063333 0.000000
0.316682 0.066667 0.000000
0.332516 0.070000 0.000000
0.348350 0.073333 0.000000
0.364184 0.076667 0.000000
0.380018 0.080000 0.000000
0.395853 0.083333 0.000000
0.411687 0.086667 0.000000
0.427521 0.090000 0.000000
0.443355 0.093333 0.000000
0.459189 0.096667 0.000000
0.475023 0.100000 0.000000
0.490857 0.103333 0.000000
0.506691 0.106667 0.000000
0.522525 0.110000 0.000000
0.538359 0.113333 0.000000
0.554194 0.116667 0.000000
0.570028 0.120000 0.000000
0.585862 0.123333 0.000000
0.601696 0.126667 0.000000
0.617530 0.130000 0.000000
0.633364 0.133333 0.000000
0.649198 0.136667 0.000000
0.665032 0.140000 0.000000
0.680866 0.143333 0.000000
0.696701 0.146667 0.000000
0.712535 0.150000 0.000000
0.728369 0.153333 0.000000
0.744203 0.156667 0.000000
0.760037 0.160000 0.000000
0.775871 0.163333 0.000000
0.791705 0.166667 0.000000
0.807539 0.170000 0.000000
0.823373 0.173333 0.000000
0.839207 0.176667 0.000000
0.855042 0.180000 0.000010
0.870876 0.183333 0.000055
0.886710 0.186667 0.001281
0.902544 0.190000 0.010493
0.918378 0.193333 0.046018
0.934212 0.196667 0.147698
0.950046 0.200000 0.349479
0.965880 0.203333 0.670539
0.981714 0.206667 1.071707
0.997548 0.210000 1.496393
1.013383 0.213333 1.873664
1.029217 0.216667 2.196635
1.045051 0.220000 2.408415
1.060885 0.223333 2.521698
1.076719 0.226667 2.541965
1.092553 0.230000 2.511427
1.108387 0.233333 2.421425
1.124221 0.236667 2.299132
1.140055 0.240000 2.167279
1.155890 0.243333 2.015594
1.171724 0.246667 1.882548
1.187558 0.250000 1.754159
1.203392 0.253333 1.636527
1.219226 0.256667 1.521440
1.235060 0.260000 1.410192
1.250894 0.263333 1.311686
1.266728 0.266667 1.224678
1.282562 0.270000 1.148247
1.298396 0.273333 1.079202
1.314231 0.276667 1.016555
1.330065 0.280000 0.965994
1.345899 0.283333 0.916230
1.361733 0.286667 0.877890
1.377567 0.290000 0.844597
1.393401 0.293333 0.811024
1.409235 0.296667 0.782940
1.425069 0.300000 0.760699
1.440903 0.303333 0.739930
1.456737 0.306667 0.715367
1.472572 0.310000 0.694657
1.488406 0.313333 0.682837
1.504240 0.316667 0.677804
1.520074 0.320000 0.674051
1.535908 0.323333 0.667639
1.551742 0.326667 0.663198
1.567576 0.330000 0.666294
1.583410 0.333333 0.667841
1.599244 0.336667 0.666112
1.615078 0.340000 0.673827
1.630913 0.343333 0.680977
1.646747 0.346667 0.693202
1.662581 0.350000 0.703776
1.678415 0.353333 0.721421
1.694249 0.356667 0.737300
1.710083 0.360000 0.752699
1.725917 0.363333 0.773384
1.741751 0.366667 0.795261
1.757585 0.370000 0.818854
1.773420 0.373333 0.843010
1.789254 0.376667 0.868326
1.805088 0.380000 0.894833
1.820922 0.383333 0.918230
1.836756 0.386667 0.945719
1.852590 0.390000 0.970291
1.868424 0.393333 0.999606
1.884258 0.396667 1.027165
1.900092 0.400000 1.053721
1.915926 0.403333 1.075710
1.931761 0.406667 1.094699
1.947595 0.410000 1.117143
1.963429 0.413333 1.132959
1.979263 0.416667 1.152093
1.995097 0.420000 1.171961
2.010931 0.423333 1.182285
2.026765 0.426667 1.191615
2.042599 0.430000 1.200513
2.058433 0.433333 1.205261
2.074267 0.436667 1.200427
2.090102 0.440000 1.203667
2.105936 0.443333 1.195701
2.121770 0.446667 1.193350
2.137604 0.450000 1.184924
2.153438 0.453333 1.167330
2.169272 0.456667 1.151569
2.185106 0.460000 1.141949
2.200940 0.463333 1.128327
2.216774 0.466667 1.105385
2.232608 0.470000 1.086825
2.248443 0.473333 1.074277
2.264277 0.476667 1.054501
2.280111 0.480000 1.031074
2.295945 0.483333 1.017615
2.311779 0.486667 0.997861
2.327613 0.490000 0.985200
2.343447 0.493333 0.968721
2.359281 0.496667 0.953989
2.375115 0.500000 0.939123
2.390950 0.503333 0.926292
2.406784 0.506667 0.918045
2.422618 0.510000 0.906889
2.438452 0.513333 0.904313
2.454286 0.516667 0.898482
2.470120 0.520000 0.889148
2.485954 0.523333 0.882912
2.501788 0.526667 0.885923
2.517622 0.530000 0.883359
2.533456 0.533333 0.884997
2.549291 0.536667 0.885326
2.565125 0.540000 0.885051
2.580959 0.543333 0.890376
2.596793 0.546667 0.895301
2.612627 0.550000 0.902638
2.628461 0.553333 0.908621
2.644295 0.556667 0.914594
2.660129 0.560000 0.923283
2.675963 0.563333 0.927893
2.691797 0.566667 0.935553
2.707632 0.570000 0.944962
2.723466 0.573333 0.951614
2.739300 0.576667 0.958326
2.755134 0.580000 0.971229
2.770968 0.583333 0.980712
2.786802 0.586667 0.987513
2.802636 0.590000 0.996599
2.818470 0.593333 1.006884
2.834304 0.596667 1.011089
2.850138 0.600000 1.014076
2.865973 0.603333 1.025393
2.881807 0.606667 1.032622
2.897641 0.610000 1.037646
2.913475 0.613333 1.041921
2.929309 0.616667 1.047342
2.945143 0.620000 1.049508
2.960977 0.623333 1.049670
2.976811 0.626667 1.054643
2.992645 0.630000 1.058526
3.008480 0.633333 1.057956
3.024314 0.636667 1.058691
3.040148 0.640000 1.056142
3.055982 0.643333 1.054100
3.071816 0.646667 1.052338
3.087650 0.650000 1.048846
3.103484 0.653333 1.045224
3.119318 0.656667 1.041399
3.135152 0.660000 1.038267
3.150986 0.663333 1.034410
3.166821 0.666667 1.028357
3.182655 0.670000 1.023916
3.198489 0.673333 1.019679
3.214323 0.676667 1.013816
3.230157 0.680000 1.010796
3.245991 0.683333 1.005387
3.261825 0.686667 0.998095
3.277659 0.690000 0.990774
3.293493 0.693333 0.989857
3.309327 0.696667 0.986917
3.325162 0.700000 0.985947
3.340996 0.703333 0.980796
3.356830 0.706667 0.975535
3.372664 0.710000 0.970634
3.388498 0.713333 0.966787
3.404332 0.716667 0.963438
3.420166 0.720000 0.961463
3.436000 0.723333 0.958899
3.451834 0.726667 0.956978
3.467669 0.730000 0.957683
3.483503 0.733333 0.956397
3.499337 0.736667 0.959883
3.515171 0.740000 0.960435
3.531005 0.743333 0.959686
3.546839 0.746667 0.961068
3.562673 0.750000 0.965747
3.578507 0.753333 0.967443
3.594341 0.756667 0.966103
3.610175 0.760000 0.968143
3.626010 0.763333 0.972001
3.641844 0.766667 0.976009
3.657678 0.770000 0.977362
3.673512 0.773333 0.977454
3.689346 0.776667 0.983735
3.705180 0.780000 0.989151
3.721014 0.783333 0.990360
3.736848 0.786667 0.993780
3.752682 0.790000 0.995834
3.768516 0.793333 1.000096
3.784351 0.796667 1.003886
3.800185 0.800000 1.007206
3.816019 0.803333 1.008031
3.831853 0.806667 1.011571
3.847687 0.810000 1.013497
3.863521 0.813333 1.015111
3.879355 0.816667 1.011858
3.895189 0.820000 1.013654
3.911023 0.823333 1.014205
3.926857 0.826667 1.014989
3.942692 0.830000 1.016378
3.958526 0.833333 1.016872
3.974360 0.836667 1.018214
3.990194 0.840000 1.019054
4.006028 0.843333 1.016878
4.021862 0.846667 1.014443
4.037696 0.850000 1.015398
4.053530 0.853333 1.014402
4.069364 0.856667 1.012526
4.085199 0.860000 1.011690
4.101033 0.863333 1.009462
4.116867 0.866667 1.006185
4.132701 0.870000 1.005754
4.148535 0.873333 1.002797
4.164369 0.876667 1.002384
4.180203 0.880000 0.999294
4.196037 0.883333 0.999802
4.211871 0.886667 0.995839
4.227705 0.890000 0.994677
4.243540 0.893333 0.993593
4.259374 0.896667 0.990469
4.275208 0.900000 0.991860
4.291042 0.903333 0.991499
4.306876 0.906667 0.989109
4.322710 0.910000 0.988919
4.338544 0.913333 0.989074
4.354378 0.916667 0.984531
4.370212 0.920000 0.985241
4.386046 0.923333 0.988391
4.401881 0.926667 0.985058
4.417715 0.930000 0.983153
4.433549 0.933333 0.981150
4.449383 0.936667 0.981472
4.465217 0.940000 0.983135
4.481051 0.943333 0.983789
4.496885 0.946667 0.983939
4.512719 0.950000 0.986013
4.528553 0.953333 0.986187
4.544387 0.956667 0.985019
4.560222 0.960000 0.984726
4.576056 0.963333 0.986460
4.591890 0.966667 0.988770
4.607724 0.970000 0.988208
4.623558 0.973333 0.989309
4.639392 0.976667 0.989865
4.655226 0.980000 0.993478
4.671060 0.983333 0.997308
4.686894 0.986667 0.995993
4.702729 0.990000 0.998786
4.718563 0.993333 0.999135
4.734397 0.996667 0.999994
4.750231 1.000000 1.000283
4.766065 1.003333 0.992300
4.781899 1.006667 0.981023
4.797733 1.010000 0.973071
4.813567 1.013333 0.964589
4.829401 1.016667 0.953902
4.845235 1.020000 0.944371
4.861070 1.023333 0.935682
4.876904 1.026667 0.928529
4.892738 1.030000 0.919035
4.908572 1.033333 0.908635
4.924406 1.036667 0.899090
4.940240 1.040000 0.889119
4.956074 1.043333 0.880264
4.971908 1.046667 0.871515
4.987742 1.050000 0.861444
5.003576 1.053333 0.850850
5.019411 1.056667 0.841664
5.035245 1.060000 0.830670
5.051079 1.063333 0.820131
5.066913 1.066667 0.810468
5.082747 1.070000 0.803148
5.098581 1.073333 0.792793
5.114415 1.076667 0.784423
5.130249 1.080000 0.775832
5.146083 1.083333 0.766101
5.161918 1.086667 0.757462
5.177752 1.090000 0.747916
5.193586 1.093333 0.738741
5.209420 1.096667 0.731594
5.225254 1.100000 0.723026
5.241088 1.103333 0.713706
5.256922 1.106667 0.705356
5.272756 1.110000 0.697085
5.288590 1.113333 0.689858
5.304424 1.116667 0.681819
5.320259 1.120000 0.675061
5.336093 1.123333 0.666825
5.351927 1.126667 0.658107
5.367761 1.130000 0.650802
5.383595 1.133333 0.643562
5.399429 1.136667 0.635217
5.415263 1.140000 0.627002
5.431097 1.143333 0.619406
5.446931 1.146667 0.611062
5.462765 1.150000 0.605125
5.478600 1.153333 0.596338
5.494434 1.156667 0.590007
5.510268 1.160000 0.582623
5.526102 1.163333 0.575037
5.541936 1.166667 0.569625
5.557770 1.170000 0.561031
5.573604 1.173333 0.553898
5.589438 1.176667 0.548216
5.605272 1.180000 0.540495
5.621106 1.183333 0.535023
5.636941 1.186667 0.526771
5.652775 1.190000 0.519636
5.668609 1.193333 0.514214
5.684443 1.196667 0.507149
5.700277 1.200000 0.499471
5.716111 1.203333 0.493599
5.731945 1.206667 0.488601
5.747779 1.210000 0.480505
5.763613 1.213333 0.473154
5.779448 1.216667 0.464884
5.795282 1.220000 0.458375
5.811116 1.223333 0.451947
5.826950 1.226667 0.444858
5.842784 1.230000 0.439041
5.858618 1.233333 0.432649
5.874452 1.236667 0.425006
5.890286 1.240000 0.418751
5.906120 1.243333 0.412591
5.921954 1.246667 0.406603
5.937789 1.250000 0.400064
5.953623 1.253333 0.393005
5.969457 1.256667 0.386023
5.985291 1.260000 0.379538
6.001125 1.263333 0.374258
6.016959 1.266667 0.368481
6.032793 1.270000 0.361134
6.048627 1.273333 0.354385
6.064461 1.276667 0.349373
6.080295 1.280000 0.343897
6.096130 1.283333 0.336893
6.111964 1.286667 0.331121
6.127798 1.290000 0.325602
6.143632 1.293333 0.319823
6.159466 1.296667 0.313693
6.175300 1.300000 0.306766
6.191134 1.303333 0.300447
6.206968 1.306667 0.294030
6.222802 1.310000 0.288011
6.238636 1.313333 0.282100
6.254471 1.316667 0.276337
6.270305 1.320000 0.270561
6.286139 1.323333 0.265292
6.301973 1.326667 0.258617
6.317807 1.330000 0.252939
6.333641 1.333333 0.247436
6.349475 1.336667 0.242123
6.365309 1.340000 0.236312
6.381143 1.343333 0.231987
6.396978 1.346667 0.226333
6.412812 1.350000 0.221357
6.428646 1.353333 0.216319
6.444480 1.356667 0.210346
6.460314 1.360000 0.205225
6.476148 1.363333 0.199939
6.491982 1.366667 0.195498
6.507816 1.370000 0.189399
6.523650 1.373333 0.184922
6.539484 1.376667 0.179762
6.555319 1.380000 0.174584
6.571153 1.383333 0.168040
6.586987 1.386667 0.162891
6.602821 1.390000 0.157754
6.618655 1.393333 0.153175
6.634489 1.396667 0.147986
6.650323 1.400000 0.142248
6.666157 1.403333 0.137592
6.681991 1.406667 0.132633
6.697825 1.410000 0.128103
6.713660 1.413333 0.122869
6.729494 1.416667 0.117498
6.745328 1.420000 0.113458
6.761162 1.423333 0.110026
6.776996 1.426667 0.106195
6.792830 1.430000 0.102287
6.808664 1.433333 0.098806
6.824498 1.436667 0.095173
6.840332 1.440000 0.091660
6.856166 1.443333 0.088818
6.872001 1.446667 0.085924
6.887835 1.450000 0.083075
6.903669 1.453333 0.080044
6.919503 1.456667 0.077175
6.935337 1.460000 0.074143
6.951171 1.463333 0.072112
6.967005 1.466667 0.069931
6.982839 1.470000 0.067579
6.998673 1.473333 0.065164
7.014508 1.476667 0.062980
7.030342 1.480000 0.060609
7.046176 1.483333 0.058554
7.062010 1.486667 0.056248
7.077844 1.490000 0.053928
7.093678 1.493333 0.052030
7.109512 1.496667 0.049761
7.125346 1.500000 0.047901
7.141180 1.503333 0.046395
7.157014 1.506667 0.044364
7.172849 1.510000 0.042791
7.188683 1.513333 0.041103
7.204517 1.516667 0.039448
7.220351 1.520000 0.038069
7.236185 1.523333 0.036216
7.252019 1.526667 0.034433
7.267853 1.530000 0.033309
7.283687 1.533333 0.031969
7.299521 1.536667 0.030952
7.315355 1.540000 0.029590
7.331190 1.543333 0.028253
7.347024 1.546667 0.027224
7.362858 1.550000 0.025904
7.378692 1.553333 0.024813
7.394526 1.556667 0.023880
7.410360 1.560000 0.022837
7.426194 1.563333 0.021859
7.442028 1.566667 0.020766
7.457862 1.570000 0.019863
7.473697 1.573333 0.018893
7.489531 1.576667 0.017826
7.505365 1.580000 0.016864
7.521199 1.583333 0.016044
7.537033 1.586667 0.015217
7.552867 1.590000 0.014455
7.568701 1.593333 0.013811
7.584535 1.596667 0.013202
7.600369 1.600000 0.012601
7.616203 1.603333 0.011950
7.632038 1.606667 0.011158
7.647872 1.610000 0.010561
7.663706 1.613333 0.009780
7.679540 1.616667 0.009171
7.695374 1.620000 0.008749
7.711208 1.623333 0.008229
7.727042 1.626667 0.007563
7.742876 1.630000 0.007054
7.758710 1.633333 0.006520
7.774544 1.636667 0.006049
7.790379 1.640000 0.005663
7.806213 1.643333 0.005186
7.822047 1.646667 0.004669
7.837881 1.650000 0.004328
7.853715 1.653333 0.003915
7.869549 1.656667 0.003564
7.885383 1.660000 0.003237
7.901217 1.663333 0.002973
7.917051 1.666667 0.002660
7.932885 1.670000 0.002369
7.948720 1.673333 0.002108
7.964554 1.676667 0.001794
7.980388 1.680000 0.001597
7.996222 1.683333 0.001348
8.012056 1.686667 0.001166
8.027890 1.690000 0.000954
8.043724 1.693333 0.000802
8.059558 1.696667 0.000695
8.075392 1.700000 0.000574
8.091227 1.703333 0.000455
8.107061 1.706667 0.000358
8.122895 1.710000 0.000276
8.138729 1.713333 0.000179
8.154563 1.716667 0.000125
8.170397 1.720000 0.000074
8.186231 1.723333 0.000042
8.202065 1.726667 0.000016
8.217899 1.730000 0.000003
8.233733 1.733333 0.000000
8.249568 1.736667 0.000000
8.265402 1.740000 0.000000
8.281236 1.743333 0.000000
8.297070 1.746667 0.000000
8.312904 1.750000 0.000000
8.328738 1.753333 0.000000
8.344572 1.756667 0.000000
8.360406 1.760000 0.000000
8.376240 1.763333 0.000000
8.392074 1.766667 0.000000
8.407909 1.770000 0.000000
8.423743 1.773333 0.000000
8.439577 1.776667 0.000000
8.455411 1.780000 0.000000
8.471245 1.783333 0.000000
8.487079 1.786667 0.000000
8.502913 1.790000 0.000000
8.518747 1.793333 0.000000
8.534581 1.796667 0.000000
8.550415 1.800000 0.000000
8.566250 1.803333 0.000000
8.582084 1.806667 0.000000
8.597918 1.810000 0.000000
8.613752 1.813333 0.000000
8.629586 1.816667 0.000000
8.645420 1.820000 0.000000
8.661254 1.823333 0.000000
8.677088 1.826667 0.000000
8.692922 1.830000 0.000000
8.708757 1.833333 0.000000
8.724591 1.836667 0.000000
8.740425 1.840000 0.000000
8.756259 1.843333 0.000000
8.772093 1.846667 0.000000
8.787927 1.850000 0.000000
8.803761 1.853333 0.000000
8.819595 1.856667 0.000000
8.835429 1.860000 0.000000
8.851263 1.863333 0.000000
8.867098 1.866667 0.000000
8.882932 1.870000 0.000000
8.898766 1.873333 0.000000
8.914600 1.876667 0.000000
8.930434 1.880000 0.000000
8.946268 1.883333 0.000000
8.962102 1.886667 0.000000
8.977936 1.890000 0.000000
8.993770 1.893333 0.000000
9.009604 1.896667 0.000000
9.025439 1.900000 0.000000
9.041273 1.903333 0.000000
9.057107 1.906667 0.000000
9.072941 1.910000 0.000000
9.088775 1.913333 0.000000
9.104609 1.916667 0.000000
9.120443 1.920000 0.000000
9.136277 1.923333 0.000000
9.152111 1.926667 0.000000
9.167946 1.930000 0.000000
9.183780 1.933333 0.000000
9.199614 1.936667 0.000000
9.215448 1.940000 0.000000
9.231282 1.943333 0.000000
9.247116 1.946667 0.000000
9.262950 1.950000 0.000000
9.278784 1.953333 0.000000
9.294618 1.956667 0.000000
9.310452 1.960000 0.000000
9.326287 1.963333 0.000000
9.342121 1.966667 0.000000
9.357955 1.970000 0.000000
9.373789 1.973333 0.000000
9.389623 1.976667 0.000000
9.405457 1.980000 0.000000
9.421291 1.983333 0.000000
9.437125 1.986667 0.000000
9.452959 1.990000 0.000000
9.468793 1.993333 0.000000
9.484628 1.996667 0.000000
