0.00000e+00 1.18761e+00
2.00000e-03 1.18761e+00
4.00000e-03 1.18759e+00
6.00000e-03 1.18757e+00
8.00000e-03 1.18753e+00
1.00000e-02 1.18748e+00
1.20000e-02 1.18743e+00
1.40000e-02 1.18736e+00
1.60000e-02 1.18728e+00
1.80000e-02 1.18719e+00
2.00000e-02 1.18710e+00
2.20000e-02 1.18699e+00
2.40000e-02 1.18687e+00
2.60000e-02 1.18674e+00
2.80000e-02 1.18660e+00
3.00000e-02 1.18645e+00
3.20000e-02 1.18629e+00
3.40000e-02 1.18612e+00
3.60000e-02 1.18594e+00
3.80000e-02 1.18575e+00
4.00000e-02 1.18554e+00
4.20000e-02 1.18533e+00
4.40000e-02 1.18511e+00
4.60000e-02 1.18488e+00
4.80000e-02 1.18464e+00
5.00000e-02 1.18438e+00
5.20000e-02 1.18412e+00
5.40000e-02 1.18385e+00
5.60000e-02 1.18356e+00
5.80000e-02 1.18327e+00
6.00000e-02 1.18296e+00
6.20000e-02 1.18265e+00
6.40000e-02 1.18232e+00
6.60000e-02 1.18199e+00
6.80000e-02 1.18164e+00
7.00000e-02 1.18129e+00
7.20000e-02 1.18092e+00
7.40000e-02 1.18055e+00
7.60000e-02 1.18016e+00
7.80000e-02 1.17976e+00
8.00000e-02 1.17936e+00
8.20000e-02 1.17894e+00
8.40000e-02 1.17851e+00
8.60000e-02 1.17808e+00
8.80000e-02 1.17763e+00
9.00000e-02 1.17717e+00
9.20000e-02 1.17670e+00
9.40000e-02 1.17623e+00
9.60000e-02 1.17574e+00
9.80000e-02 1.17524e+00
1.00000e-01 1.17473e+00
1.02000e-01 1.17422e+00
1.04000e-01 1.17369e+00
1.06000e-01 1.17315e+00
1.08000e-01 1.17260e+00
1.10000e-01 1.17204e+00
1.12000e-01 1.17147e+00
1.14000e-01 1.17090e+00
1.16000e-01 1.17031e+00
1.18000e-01 1.16971e+00
1.20000e-01 1.16910e+00
1.22000e-01 1.16848e+00
1.24000e-01 1.16786e+00
1.26000e-01 1.16722e+00
1.28000e-01 1.16657e+00
1.30000e-01 1.16591e+00
1.32000e-01 1.16524e+00
1.34000e-01 1.16457e+00
1.36000e-01 1.16388e+00
1.38000e-01 1.16318e+00
1.40000e-01 1.16247e+00
1.42000e-01 1.16176e+00
1.44000e-01 1.16103e+00
1.46000e-01 1.16029e+00
1.48000e-01 1.15955e+00
1.50000e-01 1.15879e+00
1.52000e-01 1.15803e+00
1.54000e-01 1.15725e+00
1.56000e-01 1.15646e+00
1.58000e-01 1.15567e+00
1.60000e-01 1.15486e+00
1.62000e-01 1.15405e+00
1.64000e-01 1.15323e+00
1.66000e-01 1.15239e+00
1.68000e-01 1.15155e+00
1.70000e-01 1.15070e+00
1.72000e-01 1.14983e+00
1.74000e-01 1.14896e+00
1.76000e-01 1.14808e+00
1.78000e-01 1.14719e+00
1.80000e-01 1.14629e+00
1.82000e-01 1.14538e+00
1.84000e-01 1.14446e+00
1.86000e-01 1.14353e+00
1.88000e-01 1.14259e+00
1.90000e-01 1.14164e+00
1.92000e-01 1.14069e+00
1.94000e-01 1.13972e+00
1.96000e-01 1.13874e+00
1.98000e-01 1.13776e+00
2.00000e-01 1.13676e+00
2.02000e-01 1.13576e+00
2.04000e-01 1.13475e+00
2.06000e-01 1.13372e+00
2.08000e-01 1.13269e+00
2.10000e-01 1.13165e+00
2.12000e-01 1.13060e+00
2.14000e-01 1.12954e+00
2.16000e-01 1.12847e+00
2.18000e-01 1.12740e+00
2.20000e-01 1.12631e+00
2.22000e-01 1.12521e+00
2.24000e-01 1.12411e+00
2.26000e-01 1.12300e+00
2.28000e-01 1.12187e+00
2.30000e-01 1.12074e+00
2.32000e-01 1.11960e+00
2.34000e-01 1.11845e+00
2.36000e-01 1.11729e+00
2.38000e-01 1.11612e+00
2.40000e-01 1.11495e+00
2.42000e-01 1.11376e+00
2.44000e-01 1.11257e+00
2.46000e-01 1.11137e+00
2.48000e-01 1.11015e+00
2.50000e-01 1.10893e+00
2.52000e-01 1.10771e+00
2.54000e-01 1.10647e+00
2.56000e-01 1.10522e+00
2.58000e-01 1.10397e+00
2.60000e-01 1.10270e+00
2.62000e-01 1.10143e+00
2.64000e-01 1.10015e+00
2.66000e-01 1.09886e+00
2.68000e-01 1.09756e+00
2.70000e-01 1.09626e+00
2.72000e-01 1.09494e+00
2.74000e-01 1.09362e+00
2.76000e-01 1.09229e+00
2.78000e-01 1.09095e+00
2.80000e-01 1.08960e+00
2.82000e-01 1.08824e+00
2.84000e-01 1.08688e+00
2.86000e-01 1.08550e+00
2.88000e-01 1.08412e+00
2.90000e-01 1.08273e+00
2.92000e-01 1.08134e+00
2.94000e-01 1.07993e+00
2.96000e-01 1.07851e+00
2.98000e-01 1.07709e+00
3.00000e-01 1.07566e+00
3.02000e-01 1.07422e+00
3.04000e-01 1.07278e+00
3.06000e-01 1.07132e+00
3.08000e-01 1.06986e+00
3.10000e-01 1.06839e+00
3.12000e-01 1.06691e+00
3.14000e-01 1.06543e+00
3.16000e-01 1.06393e+00
3.18000e-01 1.06243e+00
3.20000e-01 1.06092e+00
3.22000e-01 1.05941e+00
3.24000e-01 1.05788e+00
3.26000e-01 1.05635e+00
3.28000e-01 1.05481e+00
3.30000e-01 1.05326e+00
3.32000e-01 1.05170e+00
3.34000e-01 1.05014e+00
3.36000e-01 1.04857e+00
3.38000e-01 1.04699e+00
3.40000e-01 1.04541e+00
3.42000e-01 1.04382e+00
3.44000e-01 1.04222e+00
3.46000e-01 1.04061e+00
3.48000e-01 1.03899e+00
3.50000e-01 1.03737e+00
3.52000e-01 1.03574e+00
3.54000e-01 1.03411e+00
3.56000e-01 1.03246e+00
3.58000e-01 1.03081e+00
3.60000e-01 1.02915e+00
3.62000e-01 1.02749e+00
3.64000e-01 1.02581e+00
3.66000e-01 1.02414e+00
3.68000e-01 1.02245e+00
3.70000e-01 1.02076e+00
3.72000e-01 1.01906e+00
3.74000e-01 1.01735e+00
3.76000e-01 1.01563e+00
3.78000e-01 1.01391e+00
3.80000e-01 1.01219e+00
3.82000e-01 1.01045e+00
3.84000e-01 1.00871e+00
3.86000e-01 1.00696e+00
3.88000e-01 1.00521e+00
3.90000e-01 1.00345e+00
3.92000e-01 1.00168e+00
3.94000e-01 9.99906e-01
3.96000e-01 9.98125e-01
3.98000e-01 9.96338e-01
4.00000e-01 9.94544e-01
4.02000e-01 9.92744e-01
4.04000e-01 9.90938e-01
4.06000e-01 9.89125e-01
4.08000e-01 9.87306e-01
4.10000e-01 9.85481e-01
4.12000e-01 9.83649e-01
4.14000e-01 9.81812e-01
4.16000e-01 9.79968e-01
4.18000e-01 9.78118e-01
4.20000e-01 9.76262e-01
4.22000e-01 9.74400e-01
4.24000e-01 9.72531e-01
4.26000e-01 9.70657e-01
4.28000e-01 9.68777e-01
4.30000e-01 9.66891e-01
4.32000e-01 9.65000e-01
4.34000e-01 9.63102e-01
4.36000e-01 9.61199e-01
4.38000e-01 9.59290e-01
4.40000e-01 9.57375e-01
4.42000e-01 9.55454e-01
4.44000e-01 9.53528e-01
4.46000e-01 9.51596e-01
4.48000e-01 9.49659e-01
4.50000e-01 9.47716e-01
4.52000e-01 9.45768e-01
4.54000e-01 9.43814e-01
4.56000e-01 9.41855e-01
4.58000e-01 9.39890e-01
4.60000e-01 9.37921e-01
4.62000e-01 9.35945e-01
4.64000e-01 9.33965e-01
4.66000e-01 9.31979e-01
4.68000e-01 9.29989e-01
4.70000e-01 9.27993e-01
4.72000e-01 9.25992e-01
4.74000e-01 9.23986e-01
4.76000e-01 9.21975e-01
4.78000e-01 9.19958e-01
4.80000e-01 9.17937e-01
4.82000e-01 9.15911e-01
4.84000e-01 9.13881e-01
4.86000e-01 9.11845e-01
4.88000e-01 9.09805e-01
4.90000e-01 9.07759e-01
4.92000e-01 9.05710e-01
4.94000e-01 9.03655e-01
4.96000e-01 9.01596e-01
4.98000e-01 8.99532e-01
5.00000e-01 8.97464e-01
5.02000e-01 8.95391e-01
5.04000e-01 8.93314e-01
5.06000e-01 8.91232e-01
5.08000e-01 8.89146e-01
5.10000e-01 8.87056e-01
5.12000e-01 8.84961e-01
5.14000e-01 8.82862e-01
5.16000e-01 8.80759e-01
5.18000e-01 8.78651e-01
5.20000e-01 8.76540e-01
5.22000e-01 8.74424e-01
5.24000e-01 8.72304e-01
5.26000e-01 8.70181e-01
5.28000e-01 8.68053e-01
5.30000e-01 8.65921e-01
5.32000e-01 8.63785e-01
5.34000e-01 8.61646e-01
5.36000e-01 8.59503e-01
5.38000e-01 8.57356e-01
5.40000e-01 8.55205e-01
5.42000e-01 8.53050e-01
5.44000e-01 8.50892e-01
5.46000e-01 8.48730e-01
5.48000e-01 8.46565e-01
5.50000e-01 8.44396e-01
5.52000e-01 8.42224e-01
5.54000e-01 8.40048e-01
5.56000e-01 8.37869e-01
5.58000e-01 8.35686e-01
5.60000e-01 8.33500e-01
5.62000e-01 8.31311e-01
5.64000e-01 8.29118e-01
5.66000e-01 8.26922e-01
5.68000e-01 8.24724e-01
5.70000e-01 8.22521e-01
5.72000e-01 8.20316e-01
5.74000e-01 8.18108e-01
5.76000e-01 8.15897e-01
5.78000e-01 8.13683e-01
5.80000e-01 8.11466e-01
5.82000e-01 8.09246e-01
5.84000e-01 8.07023e-01
5.86000e-01 8.04798e-01
5.88000e-01 8.02569e-01
5.90000e-01 8.00338e-01
5.92000e-01 7.98105e-01
5.94000e-01 7.95868e-01
5.96000e-01 7.93629e-01
5.98000e-01 7.91388e-01
6.00000e-01 7.89144e-01
6.02000e-01 7.86897e-01
6.04000e-01 7.84648e-01
6.06000e-01 7.82397e-01
6.08000e-01 7.80144e-01
6.10000e-01 7.77888e-01
6.12000e-01 7.75630e-01
6.14000e-01 7.73369e-01
6.16000e-01 7.71107e-01
6.18000e-01 7.68842e-01
6.20000e-01 7.66575e-01
6.22000e-01 7.64306e-01
6.24000e-01 7.62035e-01
6.26000e-01 7.59763e-01
6.28000e-01 7.57488e-01
6.30000e-01 7.55211e-01
6.32000e-01 7.52933e-01
6.34000e-01 7.50652e-01
6.36000e-01 7.48370e-01
6.38000e-01 7.46086e-01
6.40000e-01 7.43801e-01
6.42000e-01 7.41514e-01
6.44000e-01 7.39225e-01
6.46000e-01 7.36935e-01
6.48000e-01 7.34643e-01
6.50000e-01 7.32350e-01
6.52000e-01 7.30055e-01
6.54000e-01 7.27759e-01
6.56000e-01 7.25462e-01
6.58000e-01 7.23163e-01
6.60000e-01 7.20863e-01
6.62000e-01 7.18562e-01
6.64000e-01 7.16259e-01
6.66000e-01 7.13956e-01
6.68000e-01 7.11651e-01
6.70000e-01 7.09345e-01
6.72000e-01 7.07038e-01
6.74000e-01 7.04731e-01
6.76000e-01 7.02422e-01
6.78000e-01 7.00112e-01
6.80000e-01 6.97802e-01
6.82000e-01 6.95490e-01
6.84000e-01 6.93178e-01
6.86000e-01 6.90865e-01
6.88000e-01 6.88552e-01
6.90000e-01 6.86238e-01
6.92000e-01 6.83923e-01
6.94000e-01 6.81608e-01
6.96000e-01 6.79292e-01
6.98000e-01 6.76975e-01
7.00000e-01 6.74658e-01
7.02000e-01 6.72341e-01
7.04000e-01 6.70023e-01
7.06000e-01 6.67705e-01
7.08000e-01 6.65387e-01
7.10000e-01 6.63069e-01
7.12000e-01 6.60750e-01
7.14000e-01 6.58431e-01
7.16000e-01 6.56112e-01
7.18000e-01 6.53793e-01
7.20000e-01 6.51473e-01
7.22000e-01 6.49154e-01
7.24000e-01 6.46835e-01
7.26000e-01 6.44516e-01
7.28000e-01 6.42197e-01
7.30000e-01 6.39878e-01
7.32000e-01 6.37559e-01
7.34000e-01 6.35240e-01
7.36000e-01 6.32922e-01
7.38000e-01 6.30604e-01
7.40000e-01 6.28287e-01
7.42000e-01 6.25969e-01
7.44000e-01 6.23653e-01
7.46000e-01 6.21336e-01
7.48000e-01 6.19020e-01
7.50000e-01 6.16705e-01
7.52000e-01 6.14390e-01
7.54000e-01 6.12076e-01
7.56000e-01 6.09762e-01
7.58000e-01 6.07450e-01
7.60000e-01 6.05137e-01
7.62000e-01 6.02826e-01
7.64000e-01 6.00516e-01
7.66000e-01 5.98206e-01
7.68000e-01 5.95897e-01
7.70000e-01 5.93589e-01
7.72000e-01 5.91282e-01
7.74000e-01 5.88976e-01
7.76000e-01 5.86671e-01
7.78000e-01 5.84367e-01
7.80000e-01 5.82065e-01
7.82000e-01 5.79763e-01
7.84000e-01 5.77463e-01
7.86000e-01 5.75163e-01
7.88000e-01 5.72865e-01
7.90000e-01 5.70569e-01
7.92000e-01 5.68273e-01
7.94000e-01 5.65979e-01
7.96000e-01 5.63687e-01
7.98000e-01 5.61396e-01
8.00000e-01 5.59106e-01
8.02000e-01 5.56818e-01
8.04000e-01 5.54531e-01
8.06000e-01 5.52246e-01
8.08000e-01 5.49963e-01
8.10000e-01 5.47681e-01
8.12000e-01 5.45401e-01
8.14000e-01 5.43123e-01
8.16000e-01 5.40846e-01
8.18000e-01 5.38572e-01
8.20000e-01 5.36299e-01
8.22000e-01 5.34028e-01
8.24000e-01 5.31759e-01
8.26000e-01 5.29491e-01
8.28000e-01 5.27226e-01
8.30000e-01 5.24963e-01
8.32000e-01 5.22702e-01
8.34000e-01 5.20443e-01
8.36000e-01 5.18186e-01
8.38000e-01 5.15931e-01
8.40000e-01 5.13679e-01
8.42000e-01 5.11429e-01
8.44000e-01 5.09181e-01
8.46000e-01 5.06935e-01
8.48000e-01 5.04691e-01
8.50000e-01 5.02450e-01
8.52000e-01 5.00212e-01
8.54000e-01 4.97975e-01
8.56000e-01 4.95742e-01
8.58000e-01 4.93510e-01
8.60000e-01 4.91282e-01
8.62000e-01 4.89056e-01
8.64000e-01 4.86832e-01
8.66000e-01 4.84611e-01
8.68000e-01 4.82393e-01
8.70000e-01 4.80177e-01
8.72000e-01 4.77964e-01
8.74000e-01 4.75754e-01
8.76000e-01 4.73547e-01
8.78000e-01 4.71343e-01
8.80000e-01 4.69141e-01
8.82000e-01 4.66943e-01
8.84000e-01 4.64747e-01
8.86000e-01 4.62554e-01
8.88000e-01 4.60364e-01
8.90000e-01 4.58177e-01
8.92000e-01 4.55994e-01
8.94000e-01 4.53813e-01
8.96000e-01 4.51636e-01
8.98000e-01 4.49461e-01
9.00000e-01 4.47290e-01
9.02000e-01 4.45122e-01
9.04000e-01 4.42957e-01
9.06000e-01 4.40796e-01
9.08000e-01 4.38638e-01
9.10000e-01 4.36483e-01
9.12000e-01 4.34332e-01
9.14000e-01 4.32183e-01
9.16000e-01 4.30039e-01
9.18000e-01 4.27898e-01
9.20000e-01 4.25760e-01
9.22000e-01 4.23626e-01
9.24000e-01 4.21495e-01
9.26000e-01 4.19368e-01
9.28000e-01 4.17245e-01
9.30000e-01 4.15125e-01
9.32000e-01 4.13009e-01
9.34000e-01 4.10896e-01
9.36000e-01 4.08788e-01
9.38000e-01 4.06683e-01
9.40000e-01 4.04581e-01
9.42000e-01 4.02484e-01
9.44000e-01 4.00390e-01
9.46000e-01 3.98301e-01
9.48000e-01 3.96215e-01
9.50000e-01 3.94133e-01
9.52000e-01 3.92055e-01
9.54000e-01 3.89981e-01
9.56000e-01 3.87911e-01
9.58000e-01 3.85845e-01
9.60000e-01 3.83783e-01
9.62000e-01 3.81725e-01
9.64000e-01 3.79671e-01
9.66000e-01 3.77622e-01
9.68000e-01 3.75576e-01
9.70000e-01 3.73535e-01
9.72000e-01 3.71498e-01
9.74000e-01 3.69465e-01
9.76000e-01 3.67436e-01
9.78000e-01 3.65412e-01
9.80000e-01 3.63392e-01
9.82000e-01 3.61376e-01
9.84000e-01 3.59365e-01
9.86000e-01 3.57358e-01
9.88000e-01 3.55356e-01
9.90000e-01 3.53358e-01
9.92000e-01 3.51364e-01
9.94000e-01 3.49375e-01
9.96000e-01 3.47391e-01
9.98000e-01 3.45411e-01
1.00000e+00 3.43435e-01
1.00200e+00 3.41469e-01
1.00400e+00 3.39517e-01
1.00600e+00 3.37578e-01
1.00800e+00 3.35654e-01
1.01000e+00 3.33743e-01
1.01200e+00 3.31845e-01
1.01400e+00 3.29961e-01
1.01600e+00 3.28090e-01
1.01800e+00 3.26232e-01
1.02000e+00 3.24387e-01
1.02200e+00 3.22556e-01
1.02400e+00 3.20736e-01
1.02600e+00 3.18930e-01
1.02800e+00 3.17136e-01
1.03000e+00 3.15355e-01
1.03200e+00 3.13586e-01
1.03400e+00 3.11829e-01
1.03600e+00 3.10085e-01
1.03800e+00 3.08352e-01
1.04000e+00 3.06632e-01
1.04200e+00 3.04923e-01
1.04400e+00 3.03226e-01
1.04600e+00 3.01541e-01
1.04800e+00 2.99867e-01
1.05000e+00 2.98205e-01
1.05200e+00 2.96554e-01
1.05400e+00 2.94915e-01
1.05600e+00 2.93286e-01
1.05800e+00 2.91669e-01
1.06000e+00 2.90063e-01
1.06200e+00 2.88467e-01
1.06400e+00 2.86883e-01
1.06600e+00 2.85309e-01
1.06800e+00 2.83746e-01
1.07000e+00 2.82193e-01
1.07200e+00 2.80651e-01
1.07400e+00 2.79119e-01
1.07600e+00 2.77597e-01
1.07800e+00 2.76086e-01
1.08000e+00 2.74584e-01
1.08200e+00 2.73093e-01
1.08400e+00 2.71612e-01
1.08600e+00 2.70140e-01
1.08800e+00 2.68679e-01
1.09000e+00 2.67227e-01
1.09200e+00 2.65785e-01
1.09400e+00 2.64352e-01
1.09600e+00 2.62929e-01
1.09800e+00 2.61515e-01
1.10000e+00 2.60110e-01
1.10200e+00 2.58715e-01
1.10400e+00 2.57329e-01
1.10600e+00 2.55952e-01
1.10800e+00 2.54584e-01
1.11000e+00 2.53225e-01
1.11200e+00 2.51875e-01
1.11400e+00 2.50534e-01
1.11600e+00 2.49201e-01
1.11800e+00 2.47878e-01
1.12000e+00 2.46562e-01
1.12200e+00 2.45256e-01
1.12400e+00 2.43957e-01
1.12600e+00 2.42668e-01
1.12800e+00 2.41386e-01
1.13000e+00 2.40113e-01
1.13200e+00 2.38848e-01
1.13400e+00 2.37591e-01
1.13600e+00 2.36343e-01
1.13800e+00 2.35102e-01
1.14000e+00 2.33869e-01
1.14200e+00 2.32644e-01
1.14400e+00 2.31427e-01
1.14600e+00 2.30218e-01
1.14800e+00 2.29016e-01
1.15000e+00 2.27822e-01
1.15200e+00 2.26636e-01
1.15400e+00 2.25457e-01
1.15600e+00 2.24286e-01
1.15800e+00 2.23122e-01
1.16000e+00 2.21966e-01
1.16200e+00 2.20817e-01
1.16400e+00 2.19675e-01
1.16600e+00 2.18540e-01
1.16800e+00 2.17412e-01
1.17000e+00 2.16292e-01
1.17200e+00 2.15178e-01
1.17400e+00 2.14072e-01
1.17600e+00 2.12972e-01
1.17800e+00 2.11880e-01
1.18000e+00 2.10794e-01
1.18200e+00 2.09715e-01
1.18400e+00 2.08642e-01
1.18600e+00 2.07577e-01
1.18800e+00 2.06517e-01
1.19000e+00 2.05465e-01
1.19200e+00 2.04419e-01
1.19400e+00 2.03379e-01
1.19600e+00 2.02346e-01
1.19800e+00 2.01320e-01
1.20000e+00 2.00299e-01
1.20200e+00 1.99285e-01
1.20400e+00 1.98277e-01
1.20600e+00 1.97275e-01
1.20800e+00 1.96280e-01
1.21000e+00 1.95290e-01
1.21200e+00 1.94307e-01
1.21400e+00 1.93329e-01
1.21600e+00 1.92358e-01
1.21800e+00 1.91392e-01
1.22000e+00 1.90433e-01
1.22200e+00 1.89479e-01
1.22400e+00 1.88531e-01
1.22600e+00 1.87588e-01
1.22800e+00 1.86652e-01
1.23000e+00 1.85721e-01
1.23200e+00 1.84796e-01
1.23400e+00 1.83876e-01
1.23600e+00 1.82962e-01
1.23800e+00 1.82053e-01
1.24000e+00 1.81150e-01
1.24200e+00 1.80252e-01
1.24400e+00 1.79359e-01
1.24600e+00 1.78472e-01
1.24800e+00 1.77590e-01
1.25000e+00 1.76714e-01
1.25200e+00 1.75843e-01
1.25400e+00 1.74976e-01
1.25600e+00 1.74115e-01
1.25800e+00 1.73260e-01
1.26000e+00 1.72409e-01
1.26200e+00 1.71563e-01
1.26400e+00 1.70722e-01
1.26600e+00 1.69887e-01
1.26800e+00 1.69056e-01
1.27000e+00 1.68230e-01
1.27200e+00 1.67409e-01
1.27400e+00 1.66592e-01
1.27600e+00 1.65781e-01
1.27800e+00 1.64974e-01
1.28000e+00 1.64172e-01
1.28200e+00 1.63375e-01
1.28400e+00 1.62583e-01
1.28600e+00 1.61795e-01
1.28800e+00 1.61011e-01
1.29000e+00 1.60233e-01
1.29200e+00 1.59458e-01
1.29400e+00 1.58688e-01
1.29600e+00 1.57923e-01
1.29800e+00 1.57162e-01
1.30000e+00 1.56406e-01
1.30200e+00 1.55654e-01
1.30400e+00 1.54906e-01
1.30600e+00 1.54163e-01
1.30800e+00 1.53424e-01
1.31000e+00 1.52689e-01
1.31200e+00 1.51958e-01
1.31400e+00 1.51232e-01
1.31600e+00 1.50509e-01
1.31800e+00 1.49791e-01
1.32000e+00 1.49077e-01
1.32200e+00 1.48367e-01
1.32400e+00 1.47662e-01
1.32600e+00 1.46960e-01
1.32800e+00 1.46262e-01
1.33000e+00 1.45568e-01
1.33200e+00 1.44878e-01
1.33400e+00 1.44192e-01
1.33600e+00 1.43510e-01
1.33800e+00 1.42832e-01
1.34000e+00 1.42157e-01
1.34200e+00 1.41487e-01
1.34400e+00 1.40820e-01
1.34600e+00 1.40157e-01
1.34800e+00 1.39498e-01
1.35000e+00 1.38842e-01
1.35200e+00 1.38190e-01
1.35400e+00 1.37542e-01
1.35600e+00 1.36898e-01
1.35800e+00 1.36257e-01
1.36000e+00 1.35619e-01
1.36200e+00 1.34985e-01
1.36400e+00 1.34355e-01
1.36600e+00 1.33728e-01
1.36800e+00 1.33105e-01
1.37000e+00 1.32485e-01
1.37200e+00 1.31869e-01
1.37400e+00 1.31256e-01
1.37600e+00 1.30647e-01
1.37800e+00 1.30040e-01
1.38000e+00 1.29438e-01
1.38200e+00 1.28838e-01
1.38400e+00 1.28242e-01
1.38600e+00 1.27649e-01
1.38800e+00 1.27060e-01
1.39000e+00 1.26473e-01
1.39200e+00 1.25890e-01
1.39400e+00 1.25310e-01
1.39600e+00 1.24734e-01
1.39800e+00 1.24160e-01
1.40000e+00 1.23590e-01
1.40200e+00 1.23022e-01
1.40400e+00 1.22458e-01
1.40600e+00 1.21897e-01
1.40800e+00 1.21339e-01
1.41000e+00 1.20784e-01
1.41200e+00 1.20232e-01
1.41400e+00 1.19683e-01
1.41600e+00 1.19137e-01
1.41800e+00 1.18594e-01
1.42000e+00 1.18054e-01
1.42200e+00 1.17517e-01
1.42400e+00 1.16983e-01
1.42600e+00 1.16451e-01
1.42800e+00 1.15923e-01
1.43000e+00 1.15397e-01
1.43200e+00 1.14875e-01
1.43400e+00 1.14355e-01
1.43600e+00 1.13837e-01
1.43800e+00 1.13323e-01
1.44000e+00 1.12811e-01
1.44200e+00 1.12302e-01
1.44400e+00 1.11796e-01
1.44600e+00 1.11293e-01
1.44800e+00 1.10792e-01
1.45000e+00 1.10294e-01
1.45200e+00 1.09798e-01
1.45400e+00 1.09306e-01
1.45600e+00 1.08815e-01
1.45800e+00 1.08328e-01
1.46000e+00 1.07843e-01
1.46200e+00 1.07361e-01
1.46400e+00 1.06881e-01
1.46600e+00 1.06403e-01
1.46800e+00 1.05929e-01
1.47000e+00 1.05456e-01
1.47200e+00 1.04987e-01
1.47400e+00 1.04519e-01
1.47600e+00 1.04054e-01
1.47800e+00 1.03592e-01
1.48000e+00 1.03132e-01
1.48200e+00 1.02674e-01
1.48400e+00 1.02219e-01
1.48600e+00 1.01767e-01
1.48800e+00 1.01316e-01
1.49000e+00 1.00868e-01
1.49200e+00 1.00423e-01
1.49400e+00 9.99792e-02
1.49600e+00 9.95381e-02
1.49800e+00 9.90994e-02
1.50000e+00 9.86630e-02
1.50200e+00 9.82288e-02
1.50400e+00 9.77969e-02
1.50600e+00 9.73672e-02
1.50800e+00 9.69397e-02
1.51000e+00 9.65145e-02
1.51200e+00 9.60915e-02
1.51400e+00 9.56706e-02
1.51600e+00 9.52520e-02
1.51800e+00 9.48355e-02
1.52000e+00 9.44211e-02
1.52200e+00 9.40089e-02
1.52400e+00 9.35988e-02
1.52600e+00 9.31908e-02
1.52800e+00 9.27849e-02
1.53000e+00 9.23811e-02
1.53200e+00 9.19794e-02
1.53400e+00 9.15797e-02
1.53600e+00 9.11821e-02
1.53800e+00 9.07865e-02
1.54000e+00 9.03930e-02
1.54200e+00 9.00014e-02
1.54400e+00 8.96118e-02
1.54600e+00 8.92243e-02
1.54800e+00 8.88387e-02
1.55000e+00 8.84550e-02
1.55200e+00 8.80733e-02
1.55400e+00 8.76936e-02
1.55600e+00 8.73157e-02
1.55800e+00 8.69398e-02
1.56000e+00 8.65658e-02
1.56200e+00 8.61937e-02
1.56400e+00 8.58235e-02
1.56600e+00 8.54551e-02
1.56800e+00 8.50886e-02
1.57000e+00 8.47240e-02
1.57200e+00 8.43611e-02
1.57400e+00 8.40001e-02
1.57600e+00 8.36410e-02
1.57800e+00 8.32836e-02
1.58000e+00 8.29280e-02
1.58200e+00 8.25742e-02
1.58400e+00 8.22222e-02
1.58600e+00 8.18719e-02
1.58800e+00 8.15234e-02
1.59000e+00 8.11766e-02
1.59200e+00 8.08316e-02
1.59400e+00 8.04883e-02
1.59600e+00 8.01466e-02
1.59800e+00 7.98067e-02
1.60000e+00 7.94685e-02
1.60200e+00 7.91320e-02
1.60400e+00 7.87971e-02
1.60600e+00 7.84639e-02
1.60800e+00 7.81323e-02
1.61000e+00 7.78024e-02
1.61200e+00 7.74741e-02
1.61400e+00 7.71475e-02
1.61600e+00 7.68224e-02
1.61800e+00 7.64990e-02
1.62000e+00 7.61771e-02
1.62200e+00 7.58569e-02
1.62400e+00 7.55382e-02
1.62600e+00 7.52211e-02
1.62800e+00 7.49055e-02
1.63000e+00 7.45915e-02
1.63200e+00 7.42790e-02
1.63400e+00 7.39681e-02
1.63600e+00 7.36587e-02
1.63800e+00 7.33508e-02
1.64000e+00 7.30444e-02
1.64200e+00 7.27395e-02
1.64400e+00 7.24360e-02
1.64600e+00 7.21341e-02
1.64800e+00 7.18336e-02
1.65000e+00 7.15346e-02
1.65200e+00 7.12371e-02
1.65400e+00 7.09410e-02
1.65600e+00 7.06463e-02
1.65800e+00 7.03531e-02
1.66000e+00 7.00613e-02
1.66200e+00 6.97709e-02
1.66400e+00 6.94819e-02
1.66600e+00 6.91943e-02
1.66800e+00 6.89080e-02
1.67000e+00 6.86232e-02
1.67200e+00 6.83397e-02
1.67400e+00 6.80577e-02
1.67600e+00 6.77769e-02
1.67800e+00 6.74975e-02
1.68000e+00 6.72195e-02
1.68200e+00 6.69428e-02
1.68400e+00 6.66674e-02
1.68600e+00 6.63933e-02
1.68800e+00 6.61206e-02
1.69000e+00 6.58492e-02
1.69200e+00 6.55790e-02
1.69400e+00 6.53102e-02
1.69600e+00 6.50426e-02
1.69800e+00 6.47763e-02
1.70000e+00 6.45113e-02
1.70200e+00 6.42475e-02
1.70400e+00 6.39850e-02
1.70600e+00 6.37237e-02
1.70800e+00 6.34637e-02
1.71000e+00 6.32049e-02
1.71200e+00 6.29474e-02
1.71400e+00 6.26911e-02
1.71600e+00 6.24359e-02
1.71800e+00 6.21820e-02
1.72000e+00 6.19293e-02
1.72200e+00 6.16778e-02
1.72400e+00 6.14275e-02
1.72600e+00 6.11783e-02
1.72800e+00 6.09303e-02
1.73000e+00 6.06835e-02
1.73200e+00 6.04379e-02
1.73400e+00 6.01934e-02
1.73600e+00 5.99500e-02
1.73800e+00 5.97078e-02
1.74000e+00 5.94668e-02
1.74200e+00 5.92268e-02
1.74400e+00 5.89880e-02
1.74600e+00 5.87503e-02
1.74800e+00 5.85137e-02
1.75000e+00 5.82783e-02
1.75200e+00 5.80439e-02
1.75400e+00 5.78106e-02
1.75600e+00 5.75784e-02
1.75800e+00 5.73473e-02
1.76000e+00 5.71172e-02
1.76200e+00 5.68883e-02
1.76400e+00 5.66604e-02
1.76600e+00 5.64335e-02
1.76800e+00 5.62077e-02
1.77000e+00 5.59830e-02
1.77200e+00 5.57592e-02
1.77400e+00 5.55366e-02
1.77600e+00 5.53149e-02
1.77800e+00 5.50943e-02
1.78000e+00 5.48747e-02
1.78200e+00 5.46561e-02
1.78400e+00 5.44385e-02
1.78600e+00 5.42220e-02
1.78800e+00 5.40064e-02
1.79000e+00 5.37918e-02
1.79200e+00 5.35782e-02
1.79400e+00 5.33656e-02
1.79600e+00 5.31539e-02
1.79800e+00 5.29432e-02
1.80000e+00 5.27335e-02
1.80200e+00 5.25248e-02
1.80400e+00 5.23170e-02
1.80600e+00 5.21101e-02
1.80800e+00 5.19042e-02
1.81000e+00 5.16993e-02
1.81200e+00 5.14953e-02
1.81400e+00 5.12922e-02
1.81600e+00 5.10900e-02
1.81800e+00 5.08888e-02
1.82000e+00 5.06884e-02
1.82200e+00 5.04890e-02
1.82400e+00 5.02905e-02
1.82600e+00 5.00929e-02
1.82800e+00 4.98961e-02
1.83000e+00 4.97003e-02
1.83200e+00 4.95054e-02
1.83400e+00 4.93113e-02
1.83600e+00 4.91181e-02
1.83800e+00 4.89258e-02
1.84000e+00 4.87344e-02
1.84200e+00 4.85438e-02
1.84400e+00 4.83541e-02
1.84600e+00 4.81652e-02
1.84800e+00 4.79772e-02
1.85000e+00 4.77901e-02
1.85200e+00 4.76037e-02
1.85400e+00 4.74183e-02
1.85600e+00 4.72336e-02
1.85800e+00 4.70498e-02
1.86000e+00 4.68668e-02
1.86200e+00 4.66846e-02
1.86400e+00 4.65032e-02
1.86600e+00 4.63227e-02
1.86800e+00 4.61429e-02
1.87000e+00 4.59640e-02
1.87200e+00 4.57858e-02
1.87400e+00 4.56085e-02
1.87600e+00 4.54319e-02
1.87800e+00 4.52561e-02
1.88000e+00 4.50811e-02
1.88200e+00 4.49069e-02
1.88400e+00 4.47335e-02
1.88600e+00 4.45608e-02
1.88800e+00 4.43889e-02
1.89000e+00 4.42178e-02
1.89200e+00 4.40474e-02
1.89400e+00 4.38778e-02
1.89600e+00 4.37089e-02
1.89800e+00 4.35407e-02
1.90000e+00 4.33734e-02
1.90200e+00 4.32067e-02
1.90400e+00 4.30408e-02
1.90600e+00 4.28756e-02
1.90800e+00 4.27112e-02
1.91000e+00 4.25474e-02
1.91200e+00 4.23844e-02
1.91400e+00 4.22221e-02
1.91600e+00 4.20606e-02
1.91800e+00 4.18997e-02
1.92000e+00 4.17395e-02
1.92200e+00 4.15801e-02
1.92400e+00 4.14213e-02
1.92600e+00 4.12632e-02
1.92800e+00 4.11059e-02
1.93000e+00 4.09492e-02
1.93200e+00 4.07932e-02
1.93400e+00 4.06379e-02
1.93600e+00 4.04832e-02
1.93800e+00 4.03292e-02
1.94000e+00 4.01759e-02
1.94200e+00 4.00233e-02
1.94400e+00 3.98714e-02
1.94600e+00 3.97201e-02
1.94800e+00 3.95694e-02
1.95000e+00 3.94194e-02
1.95200e+00 3.92701e-02
1.95400e+00 3.91214e-02
1.95600e+00 3.89733e-02
1.95800e+00 3.88259e-02
1.96000e+00 3.86792e-02
1.96200e+00 3.85330e-02
1.96400e+00 3.83875e-02
1.96600e+00 3.82427e-02
1.96800e+00 3.80984e-02
1.97000e+00 3.79548e-02
1.97200e+00 3.78118e-02
1.97400e+00 3.76694e-02
1.97600e+00 3.75276e-02
1.97800e+00 3.73865e-02
1.98000e+00 3.72459e-02
1.98200e+00 3.71060e-02
1.98400e+00 3.69666e-02
1.98600e+00 3.68279e-02
1.98800e+00 3.66897e-02
1.99000e+00 3.65521e-02
1.99200e+00 3.64152e-02
1.99400e+00 3.62788e-02
1.99600e+00 3.61430e-02
1.99800e+00 3.60077e-02
2.00000e+00 3.58731e-02
2.00200e+00 3.57390e-02
2.00400e+00 3.56055e-02
2.00600e+00 3.54726e-02
2.00800e+00 3.53402e-02
2.01000e+00 3.52084e-02
2.01200e+00 3.50772e-02
2.01400e+00 3.49465e-02
2.01600e+00 3.48164e-02
2.01800e+00 3.46868e-02
2.02000e+00 3.45578e-02
2.02200e+00 3.44293e-02
2.02400e+00 3.43014e-02
2.02600e+00 3.41740e-02
2.02800e+00 3.40471e-02
2.03000e+00 3.39208e-02
2.03200e+00 3.37950e-02
2.03400e+00 3.36698e-02
2.03600e+00 3.35451e-02
2.03800e+00 3.34209e-02
2.04000e+00 3.32972e-02
2.04200e+00 3.31741e-02
2.04400e+00 3.30514e-02
2.04600e+00 3.29293e-02
2.04800e+00 3.28077e-02
2.05000e+00 3.26866e-02
2.05200e+00 3.25661e-02
2.05400e+00 3.24460e-02
2.05600e+00 3.23264e-02
2.05800e+00 3.22073e-02
2.06000e+00 3.20888e-02
2.06200e+00 3.19707e-02
2.06400e+00 3.18531e-02
2.06600e+00 3.17361e-02
2.06800e+00 3.16195e-02
2.07000e+00 3.15034e-02
2.07200e+00 3.13877e-02
2.07400e+00 3.12726e-02
2.07600e+00 3.11579e-02
2.07800e+00 3.10438e-02
2.08000e+00 3.09301e-02
2.08200e+00 3.08168e-02
2.08400e+00 3.07041e-02
2.08600e+00 3.05918e-02
2.08800e+00 3.04799e-02
2.09000e+00 3.03686e-02
2.09200e+00 3.02577e-02
2.09400e+00 3.01473e-02
2.09600e+00 3.00373e-02
2.09800e+00 2.99278e-02
2.10000e+00 2.98187e-02
2.10200e+00 2.97101e-02
2.10400e+00 2.96019e-02
2.10600e+00 2.94942e-02
2.10800e+00 2.93869e-02
2.11000e+00 2.92801e-02
2.11200e+00 2.91737e-02
2.11400e+00 2.90677e-02
2.11600e+00 2.89622e-02
2.11800e+00 2.88571e-02
2.12000e+00 2.87525e-02
2.12200e+00 2.86482e-02
2.12400e+00 2.85444e-02
2.12600e+00 2.84411e-02
2.12800e+00 2.83381e-02
2.13000e+00 2.82356e-02
2.13200e+00 2.81335e-02
2.13400e+00 2.80318e-02
2.13600e+00 2.79306e-02
2.13800e+00 2.78297e-02
2.14000e+00 2.77293e-02
2.14200e+00 2.76293e-02
2.14400e+00 2.75297e-02
2.14600e+00 2.74304e-02
2.14800e+00 2.73316e-02
2.15000e+00 2.72332e-02
2.15200e+00 2.71352e-02
2.15400e+00 2.70376e-02
2.15600e+00 2.69404e-02
2.15800e+00 2.68436e-02
2.16000e+00 2.67472e-02
2.16200e+00 2.66512e-02
2.16400e+00 2.65556e-02
2.16600e+00 2.64603e-02
2.16800e+00 2.63655e-02
2.17000e+00 2.62710e-02
2.17200e+00 2.61769e-02
2.17400e+00 2.60832e-02
2.17600e+00 2.59899e-02
2.17800e+00 2.58969e-02
2.18000e+00 2.58043e-02
2.18200e+00 2.57121e-02
2.18400e+00 2.56203e-02
2.18600e+00 2.55289e-02
2.18800e+00 2.54378e-02
2.19000e+00 2.53470e-02
2.19200e+00 2.52567e-02
2.19400e+00 2.51667e-02
2.19600e+00 2.50771e-02
2.19800e+00 2.49878e-02
2.20000e+00 2.48989e-02
2.20200e+00 2.48103e-02
2.20400e+00 2.47221e-02
2.20600e+00 2.46343e-02
2.20800e+00 2.45468e-02
2.21000e+00 2.44597e-02
2.21200e+00 2.43729e-02
2.21400e+00 2.42864e-02
2.21600e+00 2.42004e-02
2.21800e+00 2.41146e-02
2.22000e+00 2.40292e-02
2.22200e+00 2.39441e-02
2.22400e+00 2.38594e-02
2.22600e+00 2.37750e-02
2.22800e+00 2.36910e-02
2.23000e+00 2.36072e-02
2.23200e+00 2.35239e-02
2.23400e+00 2.34408e-02
2.23600e+00 2.33581e-02
2.23800e+00 2.32757e-02
2.24000e+00 2.31936e-02
2.24200e+00 2.31119e-02
2.24400e+00 2.30305e-02
2.24600e+00 2.29494e-02
2.24800e+00 2.28686e-02
2.25000e+00 2.27882e-02
2.25200e+00 2.27080e-02
2.25400e+00 2.26282e-02
2.25600e+00 2.25487e-02
2.25800e+00 2.24696e-02
2.26000e+00 2.23907e-02
2.26200e+00 2.23121e-02
2.26400e+00 2.22339e-02
2.26600e+00 2.21560e-02
2.26800e+00 2.20783e-02
2.27000e+00 2.20010e-02
2.27200e+00 2.19240e-02
2.27400e+00 2.18473e-02
2.27600e+00 2.17709e-02
2.27800e+00 2.16948e-02
2.28000e+00 2.16189e-02
2.28200e+00 2.15434e-02
2.28400e+00 2.14682e-02
2.28600e+00 2.13933e-02
2.28800e+00 2.13187e-02
2.29000e+00 2.12443e-02
2.29200e+00 2.11703e-02
2.29400e+00 2.10965e-02
2.29600e+00 2.10231e-02
2.29800e+00 2.09499e-02
2.30000e+00 2.08770e-02
2.30200e+00 2.08044e-02
2.30400e+00 2.07321e-02
2.30600e+00 2.06600e-02
2.30800e+00 2.05883e-02
2.31000e+00 2.05168e-02
2.31200e+00 2.04456e-02
2.31400e+00 2.03747e-02
2.31600e+00 2.03040e-02
2.31800e+00 2.02337e-02
2.32000e+00 2.01636e-02
2.32200e+00 2.00938e-02
2.32400e+00 2.00242e-02
2.32600e+00 1.99549e-02
2.32800e+00 1.98859e-02
2.33000e+00 1.98172e-02
2.33200e+00 1.97487e-02
2.33400e+00 1.96805e-02
2.33600e+00 1.96125e-02
2.33800e+00 1.95448e-02
2.34000e+00 1.94774e-02
2.34200e+00 1.94103e-02
2.34400e+00 1.93434e-02
2.34600e+00 1.92767e-02
2.34800e+00 1.92103e-02
2.35000e+00 1.91442e-02
2.35200e+00 1.90783e-02
2.35400e+00 1.90127e-02
2.35600e+00 1.89473e-02
2.35800e+00 1.88822e-02
2.36000e+00 1.88174e-02
2.36200e+00 1.87528e-02
2.36400e+00 1.86884e-02
2.36600e+00 1.86243e-02
2.36800e+00 1.85604e-02
2.37000e+00 1.84968e-02
2.37200e+00 1.84334e-02
2.37400e+00 1.83703e-02
2.37600e+00 1.83074e-02
2.37800e+00 1.82447e-02
2.38000e+00 1.81823e-02
2.38200e+00 1.81201e-02
2.38400e+00 1.80582e-02
2.38600e+00 1.79965e-02
2.38800e+00 1.79350e-02
2.39000e+00 1.78738e-02
2.39200e+00 1.78128e-02
2.39400e+00 1.77520e-02
2.39600e+00 1.76915e-02
2.39800e+00 1.76312e-02
2.40000e+00 1.75711e-02
2.40200e+00 1.75113e-02
2.40400e+00 1.74517e-02
2.40600e+00 1.73923e-02
2.40800e+00 1.73331e-02
2.41000e+00 1.72742e-02
2.41200e+00 1.72155e-02
2.41400e+00 1.71570e-02
2.41600e+00 1.70987e-02
2.41800e+00 1.70407e-02
2.42000e+00 1.69829e-02
2.42200e+00 1.69253e-02
2.42400e+00 1.68679e-02
2.42600e+00 1.68107e-02
2.42800e+00 1.67538e-02
2.43000e+00 1.66970e-02
2.43200e+00 1.66405e-02
2.43400e+00 1.65842e-02
2.43600e+00 1.65281e-02
2.43800e+00 1.64722e-02
2.44000e+00 1.64166e-02
2.44200e+00 1.63611e-02
2.44400e+00 1.63058e-02
2.44600e+00 1.62508e-02
2.44800e+00 1.61960e-02
2.45000e+00 1.61413e-02
2.45200e+00 1.60869e-02
2.45400e+00 1.60327e-02
2.45600e+00 1.59787e-02
2.45800e+00 1.59249e-02
2.46000e+00 1.58712e-02
2.46200e+00 1.58178e-02
2.46400e+00 1.57646e-02
2.46600e+00 1.57116e-02
2.46800e+00 1.56588e-02
2.47000e+00 1.56062e-02
2.47200e+00 1.55538e-02
2.47400e+00 1.55016e-02
2.47600e+00 1.54495e-02
2.47800e+00 1.53977e-02
2.48000e+00 1.53461e-02
2.48200e+00 1.52946e-02
2.48400e+00 1.52434e-02
2.48600e+00 1.51923e-02
2.48800e+00 1.51415e-02
2.49000e+00 1.50908e-02
2.49200e+00 1.50403e-02
2.49400e+00 1.49900e-02
2.49600e+00 1.49399e-02
2.49800e+00 1.48900e-02
2.50000e+00 1.48402e-02
2.50200e+00 1.47907e-02
2.50400e+00 1.47413e-02
2.50600e+00 1.46921e-02
2.50800e+00 1.46431e-02
2.51000e+00 1.45943e-02
2.51200e+00 1.45457e-02
2.51400e+00 1.44972e-02
2.51600e+00 1.44489e-02
2.51800e+00 1.44008e-02
2.52000e+00 1.43529e-02
2.52200e+00 1.43051e-02
2.52400e+00 1.42576e-02
2.52600e+00 1.42102e-02
2.52800e+00 1.41630e-02
2.53000e+00 1.41159e-02
2.53200e+00 1.40690e-02
2.53400e+00 1.40224e-02
2.53600e+00 1.39758e-02
2.53800e+00 1.39295e-02
2.54000e+00 1.38833e-02
2.54200e+00 1.38373e-02
2.54400e+00 1.37914e-02
2.54600e+00 1.37458e-02
2.54800e+00 1.37003e-02
2.55000e+00 1.36549e-02
2.55200e+00 1.36098e-02
2.55400e+00 1.35648e-02
2.55600e+00 1.35199e-02
2.55800e+00 1.34752e-02
2.56000e+00 1.34307e-02
2.56200e+00 1.33864e-02
2.56400e+00 1.33422e-02
2.56600e+00 1.32982e-02
2.56800e+00 1.32543e-02
2.57000e+00 1.32106e-02
2.57200e+00 1.31671e-02
2.57400e+00 1.31237e-02
2.57600e+00 1.30805e-02
2.57800e+00 1.30374e-02
2.58000e+00 1.29945e-02
2.58200e+00 1.29518e-02
2.58400e+00 1.29092e-02
2.58600e+00 1.28667e-02
2.58800e+00 1.28244e-02
2.59000e+00 1.27823e-02
2.59200e+00 1.27403e-02
2.59400e+00 1.26985e-02
2.59600e+00 1.26569e-02
2.59800e+00 1.26153e-02
2.60000e+00 1.25740e-02
2.60200e+00 1.25328e-02
2.60400e+00 1.24917e-02
2.60600e+00 1.24508e-02
2.60800e+00 1.24100e-02
2.61000e+00 1.23694e-02
2.61200e+00 1.23289e-02
2.61400e+00 1.22886e-02
2.61600e+00 1.22484e-02
2.61800e+00 1.22084e-02
2.62000e+00 1.21685e-02
2.62200e+00 1.21287e-02
2.62400e+00 1.20891e-02
2.62600e+00 1.20497e-02
2.62800e+00 1.20104e-02
2.63000e+00 1.19712e-02
2.63200e+00 1.19322e-02
2.63400e+00 1.18933e-02
2.63600e+00 1.18545e-02
2.63800e+00 1.18159e-02
2.64000e+00 1.17774e-02
2.64200e+00 1.17391e-02
2.64400e+00 1.17009e-02
2.64600e+00 1.16628e-02
2.64800e+00 1.16249e-02
2.65000e+00 1.15871e-02
2.65200e+00 1.15495e-02
2.65400e+00 1.15120e-02
2.65600e+00 1.14746e-02
2.65800e+00 1.14374e-02
2.66000e+00 1.14003e-02
2.66200e+00 1.13633e-02
2.66400e+00 1.13264e-02
2.66600e+00 1.12897e-02
2.66800e+00 1.12532e-02
2.67000e+00 1.12167e-02
2.67200e+00 1.11804e-02
2.67400e+00 1.11442e-02
2.67600e+00 1.11081e-02
2.67800e+00 1.10722e-02
2.68000e+00 1.10364e-02
2.68200e+00 1.10007e-02
2.68400e+00 1.09652e-02
2.68600e+00 1.09298e-02
2.68800e+00 1.08945e-02
2.69000e+00 1.08593e-02
2.69200e+00 1.08243e-02
2.69400e+00 1.07894e-02
2.69600e+00 1.07546e-02
2.69800e+00 1.07199e-02
2.70000e+00 1.06854e-02
2.70200e+00 1.06510e-02
2.70400e+00 1.06167e-02
2.70600e+00 1.05825e-02
2.70800e+00 1.05484e-02
2.71000e+00 1.05145e-02
2.71200e+00 1.04807e-02
2.71400e+00 1.04470e-02
2.71600e+00 1.04134e-02
2.71800e+00 1.03800e-02
2.72000e+00 1.03466e-02
2.72200e+00 1.03134e-02
2.72400e+00 1.02803e-02
2.72600e+00 1.02473e-02
2.72800e+00 1.02145e-02
2.73000e+00 1.01817e-02
2.73200e+00 1.01491e-02
2.73400e+00 1.01166e-02
2.73600e+00 1.00842e-02
2.73800e+00 1.00519e-02
2.74000e+00 1.00197e-02
2.74200e+00 9.98766e-03
2.74400e+00 9.95572e-03
2.74600e+00 9.92388e-03
2.74800e+00 9.89216e-03
2.75000e+00 9.86055e-03
2.75200e+00 9.82905e-03
2.75400e+00 9.79767e-03
2.75600e+00 9.76639e-03
2.75800e+00 9.73522e-03
2.76000e+00 9.70417e-03
2.76200e+00 9.67322e-03
2.76400e+00 9.64238e-03
2.76600e+00 9.61165e-03
2.76800e+00 9.58103e-03
2.77000e+00 9.55051e-03
2.77200e+00 9.52011e-03
2.77400e+00 9.48981e-03
2.77600e+00 9.45961e-03
2.77800e+00 9.42952e-03
2.78000e+00 9.39954e-03
2.78200e+00 9.36966e-03
2.78400e+00 9.33989e-03
2.78600e+00 9.31022e-03
2.78800e+00 9.28065e-03
2.79000e+00 9.25119e-03
2.79200e+00 9.22183e-03
2.79400e+00 9.19257e-03
2.79600e+00 9.16342e-03
2.79800e+00 9.13437e-03
2.80000e+00 9.10542e-03
2.80200e+00 9.07657e-03
2.80400e+00 9.04782e-03
2.80600e+00 9.01917e-03
2.80800e+00 8.99062e-03
2.81000e+00 8.96217e-03
2.81200e+00 8.93382e-03
2.81400e+00 8.90556e-03
2.81600e+00 8.87741e-03
2.81800e+00 8.84935e-03
2.82000e+00 8.82140e-03
2.82200e+00 8.79353e-03
2.82400e+00 8.76577e-03
2.82600e+00 8.73810e-03
2.82800e+00 8.71053e-03
2.83000e+00 8.68305e-03
2.83200e+00 8.65567e-03
2.83400e+00 8.62839e-03
2.83600e+00 8.60120e-03
2.83800e+00 8.57410e-03
2.84000e+00 8.54709e-03
2.84200e+00 8.52018e-03
2.84400e+00 8.49337e-03
2.84600e+00 8.46664e-03
2.84800e+00 8.44001e-03
2.85000e+00 8.41347e-03
2.85200e+00 8.38703e-03
2.85400e+00 8.36067e-03
2.85600e+00 8.33440e-03
2.85800e+00 8.30823e-03
2.86000e+00 8.28214e-03
2.86200e+00 8.25615e-03
2.86400e+00 8.23025e-03
2.86600e+00 8.20443e-03
2.86800e+00 8.17870e-03
2.87000e+00 8.15307e-03
2.87200e+00 8.12752e-03
2.87400e+00 8.10205e-03
2.87600e+00 8.07668e-03
2.87800e+00 8.05139e-03
2.88000e+00 8.02619e-03
2.88200e+00 8.00108e-03
2.88400e+00 7.97605e-03
2.88600e+00 7.95111e-03
2.88800e+00 7.92625e-03
2.89000e+00 7.90148e-03
2.89200e+00 7.87680e-03
2.89400e+00 7.85220e-03
2.89600e+00 7.82768e-03
2.89800e+00 7.80325e-03
2.90000e+00 7.77890e-03
2.90200e+00 7.75464e-03
2.90400e+00 7.73045e-03
2.90600e+00 7.70635e-03
2.90800e+00 7.68234e-03
2.91000e+00 7.65840e-03
2.91200e+00 7.63455e-03
2.91400e+00 7.61078e-03
2.91600e+00 7.58708e-03
2.91800e+00 7.56347e-03
2.92000e+00 7.53995e-03
2.92200e+00 7.51650e-03
2.92400e+00 7.49313e-03
2.92600e+00 7.46984e-03
2.92800e+00 7.44663e-03
2.93000e+00 7.42350e-03
2.93200e+00 7.40044e-03
2.93400e+00 7.37747e-03
2.93600e+00 7.35457e-03
2.93800e+00 7.33176e-03
2.94000e+00 7.30902e-03
2.94200e+00 7.28635e-03
2.94400e+00 7.26377e-03
2.94600e+00 7.24126e-03
2.94800e+00 7.21882e-03
2.95000e+00 7.19647e-03
2.95200e+00 7.17419e-03
2.95400e+00 7.15198e-03
2.95600e+00 7.12985e-03
2.95800e+00 7.10780e-03
2.96000e+00 7.08582e-03
2.96200e+00 7.06391e-03
2.96400e+00 7.04208e-03
2.96600e+00 7.02032e-03
2.96800e+00 6.99863e-03
2.97000e+00 6.97702e-03
2.97200e+00 6.95549e-03
2.97400e+00 6.93402e-03
2.97600e+00 6.91263e-03
2.97800e+00 6.89131e-03
2.98000e+00 6.87006e-03
2.98200e+00 6.84888e-03
2.98400e+00 6.82778e-03
2.98600e+00 6.80674e-03
2.98800e+00 6.78578e-03
2.99000e+00 6.76488e-03
2.99200e+00 6.74406e-03
2.99400e+00 6.72331e-03
2.99600e+00 6.70263e-03
2.99800e+00 6.68201e-03
3.00000e+00 6.66147e-03
3.00200e+00 6.64100e-03
3.00400e+00 6.62059e-03
3.00600e+00 6.60025e-03
3.00800e+00 6.57998e-03
3.01000e+00 6.55978e-03
3.01200e+00 6.53965e-03
3.01400e+00 6.51958e-03
3.01600e+00 6.49959e-03
3.01800e+00 6.47965e-03
3.02000e+00 6.45979e-03
3.02200e+00 6.43999e-03
3.02400e+00 6.42026e-03
3.02600e+00 6.40060e-03
3.02800e+00 6.38100e-03
3.03000e+00 6.36146e-03
3.03200e+00 6.34199e-03
3.03400e+00 6.32259e-03
3.03600e+00 6.30325e-03
3.03800e+00 6.28398e-03
3.04000e+00 6.26477e-03
3.04200e+00 6.24562e-03
3.04400e+00 6.22654e-03
3.04600e+00 6.20752e-03
3.04800e+00 6.18856e-03
3.05000e+00 6.16967e-03
3.05200e+00 6.15084e-03
3.05400e+00 6.13208e-03
3.05600e+00 6.11337e-03
3.05800e+00 6.09473e-03
3.06000e+00 6.07615e-03
3.06200e+00 6.05764e-03
3.06400e+00 6.03918e-03
3.06600e+00 6.02079e-03
3.06800e+00 6.00245e-03
3.07000e+00 5.98418e-03
3.07200e+00 5.96597e-03
3.07400e+00 5.94782e-03
3.07600e+00 5.92973e-03
3.07800e+00 5.91170e-03
3.08000e+00 5.89373e-03
3.08200e+00 5.87581e-03
3.08400e+00 5.85796e-03
3.08600e+00 5.84017e-03
3.08800e+00 5.82243e-03
3.09000e+00 5.80476e-03
3.09200e+00 5.78714e-03
3.09400e+00 5.76958e-03
3.09600e+00 5.75208e-03
3.09800e+00 5.73464e-03
3.10000e+00 5.71726e-03
3.10200e+00 5.69993e-03
3.10400e+00 5.68266e-03
3.10600e+00 5.66544e-03
3.10800e+00 5.64829e-03
3.11000e+00 5.63119e-03
3.11200e+00 5.61415e-03
3.11400e+00 5.59716e-03
3.11600e+00 5.58023e-03
3.11800e+00 5.56335e-03
3.12000e+00 5.54653e-03
3.12200e+00 5.52977e-03
3.12400e+00 5.51306e-03
3.12600e+00 5.49640e-03
3.12800e+00 5.47980e-03
3.13000e+00 5.46326e-03
3.13200e+00 5.44677e-03
3.13400e+00 5.43033e-03
3.13600e+00 5.41395e-03
3.13800e+00 5.39762e-03
3.14000e+00 5.38135e-03
3.14200e+00 5.36513e-03
3.14400e+00 5.34896e-03
3.14600e+00 5.33284e-03
3.14800e+00 5.31678e-03
3.15000e+00 5.30077e-03
3.15200e+00 5.28481e-03
3.15400e+00 5.26891e-03
3.15600e+00 5.25306e-03
3.15800e+00 5.23726e-03
3.16000e+00 5.22151e-03
3.16200e+00 5.20581e-03
3.16400e+00 5.19016e-03
3.16600e+00 5.17457e-03
3.16800e+00 5.15902e-03
3.17000e+00 5.14353e-03
3.17200e+00 5.12809e-03
3.17400e+00 5.11270e-03
3.17600e+00 5.09735e-03
3.17800e+00 5.08206e-03
3.18000e+00 5.06682e-03
3.18200e+00 5.05163e-03
3.18400e+00 5.03649e-03
3.18600e+00 5.02139e-03
3.18800e+00 5.00635e-03
3.19000e+00 4.99135e-03
3.19200e+00 4.97641e-03
3.19400e+00 4.96151e-03
3.19600e+00 4.94666e-03
3.19800e+00 4.93186e-03
3.20000e+00 4.91710e-03
3.20200e+00 4.90240e-03
3.20400e+00 4.88774e-03
3.20600e+00 4.87313e-03
3.20800e+00 4.85857e-03
3.21000e+00 4.84406e-03
3.21200e+00 4.82959e-03
3.21400e+00 4.81517e-03
3.21600e+00 4.80079e-03
3.21800e+00 4.78647e-03
3.22000e+00 4.77219e-03
3.22200e+00 4.75795e-03
3.22400e+00 4.74376e-03
3.22600e+00 4.72962e-03
3.22800e+00 4.71552e-03
3.23000e+00 4.70147e-03
3.23200e+00 4.68747e-03
3.23400e+00 4.67351e-03
3.23600e+00 4.65959e-03
3.23800e+00 4.64572e-03
3.24000e+00 4.63190e-03
3.24200e+00 4.61811e-03
3.24400e+00 4.60438e-03
3.24600e+00 4.59069e-03
3.24800e+00 4.57704e-03
3.25000e+00 4.56344e-03
3.25200e+00 4.54988e-03
3.25400e+00 4.53636e-03
3.25600e+00 4.52289e-03
3.25800e+00 4.50946e-03
3.26000e+00 4.49607e-03
3.26200e+00 4.48273e-03
3.26400e+00 4.46943e-03
3.26600e+00 4.45617e-03
3.26800e+00 4.44296e-03
3.27000e+00 4.42979e-03
3.27200e+00 4.41666e-03
3.27400e+00 4.40357e-03
3.27600e+00 4.39052e-03
3.27800e+00 4.37752e-03
3.28000e+00 4.36456e-03
3.28200e+00 4.35164e-03
3.28400e+00 4.33876e-03
3.28600e+00 4.32592e-03
3.28800e+00 4.31313e-03
3.29000e+00 4.30037e-03
3.29200e+00 4.28766e-03
3.29400e+00 4.27499e-03
3.29600e+00 4.26235e-03
3.29800e+00 4.24976e-03
3.30000e+00 4.23721e-03
3.30200e+00 4.22470e-03
3.30400e+00 4.21223e-03
3.30600e+00 4.19979e-03
3.30800e+00 4.18740e-03
3.31000e+00 4.17505e-03
3.31200e+00 4.16274e-03
3.31400e+00 4.15046e-03
3.31600e+00 4.13823e-03
3.31800e+00 4.12603e-03
3.32000e+00 4.11388e-03
3.32200e+00 4.10176e-03
3.32400e+00 4.08968e-03
3.32600e+00 4.07764e-03
3.32800e+00 4.06564e-03
3.33000e+00 4.05367e-03
3.33200e+00 4.04175e-03
3.33400e+00 4.02986e-03
3.33600e+00 4.01801e-03
3.33800e+00 4.00620e-03
3.34000e+00 3.99442e-03
3.34200e+00 3.98269e-03
3.34400e+00 3.97099e-03
3.34600e+00 3.95933e-03
3.34800e+00 3.94770e-03
3.35000e+00 3.93611e-03
3.35200e+00 3.92456e-03
3.35400e+00 3.91304e-03
3.35600e+00 3.90157e-03
3.35800e+00 3.89012e-03
3.36000e+00 3.87872e-03
3.36200e+00 3.86735e-03
3.36400e+00 3.85602e-03
3.36600e+00 3.84472e-03
3.36800e+00 3.83346e-03
3.37000e+00 3.82223e-03
3.37200e+00 3.81104e-03
3.37400e+00 3.79989e-03
3.37600e+00 3.78877e-03
3.37800e+00 3.77768e-03
3.38000e+00 3.76663e-03
3.38200e+00 3.75562e-03
3.38400e+00 3.74464e-03
3.38600e+00 3.73369e-03
3.38800e+00 3.72278e-03
3.39000e+00 3.71191e-03
3.39200e+00 3.70106e-03
3.39400e+00 3.69026e-03
3.39600e+00 3.67948e-03
3.39800e+00 3.66874e-03
3.40000e+00 3.65804e-03
3.40200e+00 3.64737e-03
3.40400e+00 3.63673e-03
3.40600e+00 3.62613e-03
3.40800e+00 3.61555e-03
3.41000e+00 3.60502e-03
3.41200e+00 3.59451e-03
3.41400e+00 3.58404e-03
3.41600e+00 3.57360e-03
3.41800e+00 3.56320e-03
3.42000e+00 3.55282e-03
3.42200e+00 3.54248e-03
3.42400e+00 3.53218e-03
3.42600e+00 3.52190e-03
3.42800e+00 3.51166e-03
3.43000e+00 3.50145e-03
3.43200e+00 3.49127e-03
3.43400e+00 3.48112e-03
3.43600e+00 3.47101e-03
3.43800e+00 3.46092e-03
3.44000e+00 3.45087e-03
3.44200e+00 3.44085e-03
3.44400e+00 3.43086e-03
3.44600e+00 3.42090e-03
3.44800e+00 3.41098e-03
3.45000e+00 3.40108e-03
3.45200e+00 3.39122e-03
3.45400e+00 3.38139e-03
3.45600e+00 3.37158e-03
3.45800e+00 3.36181e-03
3.46000e+00 3.35207e-03
3.46200e+00 3.34236e-03
3.46400e+00 3.33268e-03
3.46600e+00 3.32303e-03
3.46800e+00 3.31341e-03
3.47000e+00 3.30382e-03
3.47200e+00 3.29426e-03
3.47400e+00 3.28473e-03
3.47600e+00 3.27523e-03
3.47800e+00 3.26576e-03
3.48000e+00 3.25632e-03
3.48200e+00 3.24690e-03
3.48400e+00 3.23752e-03
3.48600e+00 3.22817e-03
3.48800e+00 3.21884e-03
3.49000e+00 3.20955e-03
3.49200e+00 3.20028e-03
3.49400e+00 3.19104e-03
3.49600e+00 3.18184e-03
3.49800e+00 3.17266e-03
3.50000e+00 3.16350e-03
3.50200e+00 3.15438e-03
3.50400e+00 3.14529e-03
3.50600e+00 3.13622e-03
3.50800e+00 3.12718e-03
3.51000e+00 3.11817e-03
3.51200e+00 3.10919e-03
3.51400e+00 3.10024e-03
3.51600e+00 3.09131e-03
3.51800e+00 3.08241e-03
3.52000e+00 3.07354e-03
3.52200e+00 3.06470e-03
3.52400e+00 3.05588e-03
3.52600e+00 3.04709e-03
3.52800e+00 3.03833e-03
3.53000e+00 3.02960e-03
3.53200e+00 3.02089e-03
3.53400e+00 3.01221e-03
3.53600e+00 3.00355e-03
3.53800e+00 2.99493e-03
3.54000e+00 2.98633e-03
3.54200e+00 2.97775e-03
3.54400e+00 2.96921e-03
3.54600e+00 2.96069e-03
3.54800e+00 2.95219e-03
3.55000e+00 2.94372e-03
3.55200e+00 2.93528e-03
3.55400e+00 2.92687e-03
3.55600e+00 2.91848e-03
3.55800e+00 2.91011e-03
3.56000e+00 2.90177e-03
3.56200e+00 2.89346e-03
3.56400e+00 2.88518e-03
3.56600e+00 2.87691e-03
3.56800e+00 2.86868e-03
3.57000e+00 2.86047e-03
3.57200e+00 2.85228e-03
3.57400e+00 2.84412e-03
3.57600e+00 2.83599e-03
3.57800e+00 2.82788e-03
3.58000e+00 2.81979e-03
3.58200e+00 2.81173e-03
3.58400e+00 2.80370e-03
3.58600e+00 2.79569e-03
3.58800e+00 2.78770e-03
3.59000e+00 2.77974e-03
3.59200e+00 2.77180e-03
3.59400e+00 2.76389e-03
3.59600e+00 2.75600e-03
3.59800e+00 2.74814e-03
3.60000e+00 2.74030e-03
3.60200e+00 2.73248e-03
3.60400e+00 2.72469e-03
3.60600e+00 2.71692e-03
3.60800e+00 2.70918e-03
3.61000e+00 2.70146e-03
3.61200e+00 2.69376e-03
3.61400e+00 2.68609e-03
3.61600e+00 2.67844e-03
3.61800e+00 2.67081e-03
3.62000e+00 2.66321e-03
3.62200e+00 2.65563e-03
3.62400e+00 2.64807e-03
3.62600e+00 2.64054e-03
3.62800e+00 2.63303e-03
3.63000e+00 2.62554e-03
3.63200e+00 2.61808e-03
3.63400e+00 2.61064e-03
3.63600e+00 2.60322e-03
3.63800e+00 2.59582e-03
3.64000e+00 2.58845e-03
3.64200e+00 2.58110e-03
3.64400e+00 2.57377e-03
3.64600e+00 2.56646e-03
3.64800e+00 2.55918e-03
3.65000e+00 2.55192e-03
3.65200e+00 2.54468e-03
3.65400e+00 2.53746e-03
3.65600e+00 2.53026e-03
3.65800e+00 2.52309e-03
3.66000e+00 2.51594e-03
3.66200e+00 2.50881e-03
3.66400e+00 2.50170e-03
3.66600e+00 2.49461e-03
3.66800e+00 2.48755e-03
3.67000e+00 2.48050e-03
3.67200e+00 2.47348e-03
3.67400e+00 2.46648e-03
3.67600e+00 2.45950e-03
3.67800e+00 2.45254e-03
3.68000e+00 2.44560e-03
3.68200e+00 2.43869e-03
3.68400e+00 2.43179e-03
3.68600e+00 2.42492e-03
3.68800e+00 2.41806e-03
3.69000e+00 2.41123e-03
3.69200e+00 2.40442e-03
3.69400e+00 2.39763e-03
3.69600e+00 2.39086e-03
3.69800e+00 2.38411e-03
3.70000e+00 2.37738e-03
3.70200e+00 2.37067e-03
3.70400e+00 2.36398e-03
3.70600e+00 2.35731e-03
3.70800e+00 2.35066e-03
3.71000e+00 2.34403e-03
3.71200e+00 2.33742e-03
3.71400e+00 2.33083e-03
3.71600e+00 2.32427e-03
3.71800e+00 2.31772e-03
3.72000e+00 2.31119e-03
3.72200e+00 2.30468e-03
3.72400e+00 2.29819e-03
3.72600e+00 2.29172e-03
3.72800e+00 2.28527e-03
3.73000e+00 2.27884e-03
3.73200e+00 2.27243e-03
3.73400e+00 2.26603e-03
3.73600e+00 2.25966e-03
3.73800e+00 2.25331e-03
3.74000e+00 2.24697e-03
3.74200e+00 2.24066e-03
3.74400e+00 2.23436e-03
3.74600e+00 2.22808e-03
3.74800e+00 2.22182e-03
3.75000e+00 2.21558e-03
3.75200e+00 2.20936e-03
3.75400e+00 2.20316e-03
3.75600e+00 2.19698e-03
3.75800e+00 2.19081e-03
3.76000e+00 2.18466e-03
3.76200e+00 2.17854e-03
3.76400e+00 2.17243e-03
3.76600e+00 2.16634e-03
3.76800e+00 2.16026e-03
3.77000e+00 2.15421e-03
3.77200e+00 2.14817e-03
3.77400e+00 2.14215e-03
3.77600e+00 2.13615e-03
3.77800e+00 2.13017e-03
3.78000e+00 2.12421e-03
3.78200e+00 2.11826e-03
3.78400e+00 2.11233e-03
3.78600e+00 2.10642e-03
3.78800e+00 2.10053e-03
3.79000e+00 2.09465e-03
3.79200e+00 2.08879e-03
3.79400e+00 2.08295e-03
3.79600e+00 2.07713e-03
3.79800e+00 2.07132e-03
3.80000e+00 2.06554e-03
3.80200e+00 2.05976e-03
3.80400e+00 2.05401e-03
3.80600e+00 2.04827e-03
3.80800e+00 2.04256e-03
3.81000e+00 2.03685e-03
3.81200e+00 2.03117e-03
3.81400e+00 2.02550e-03
3.81600e+00 2.01985e-03
3.81800e+00 2.01421e-03
3.82000e+00 2.00860e-03
3.82200e+00 2.00300e-03
3.82400e+00 1.99741e-03
3.82600e+00 1.99184e-03
3.82800e+00 1.98629e-03
3.83000e+00 1.98076e-03
3.83200e+00 1.97524e-03
3.83400e+00 1.96974e-03
3.83600e+00 1.96426e-03
3.83800e+00 1.95879e-03
3.84000e+00 1.95333e-03
3.84200e+00 1.94790e-03
3.84400e+00 1.94248e-03
3.84600e+00 1.93708e-03
3.84800e+00 1.93169e-03
3.85000e+00 1.92632e-03
3.85200e+00 1.92096e-03
3.85400e+00 1.91562e-03
3.85600e+00 1.91030e-03
3.85800e+00 1.90499e-03
3.86000e+00 1.89970e-03
3.86200e+00 1.89442e-03
3.86400e+00 1.88916e-03
3.86600e+00 1.88391e-03
3.86800e+00 1.87868e-03
3.87000e+00 1.87347e-03
3.87200e+00 1.86827e-03
3.87400e+00 1.86309e-03
3.87600e+00 1.85792e-03
3.87800e+00 1.85277e-03
3.88000e+00 1.84763e-03
3.88200e+00 1.84251e-03
3.88400e+00 1.83740e-03
3.88600e+00 1.83231e-03
3.88800e+00 1.82723e-03
3.89000e+00 1.82217e-03
3.89200e+00 1.81712e-03
3.89400e+00 1.81209e-03
3.89600e+00 1.80708e-03
3.89800e+00 1.80207e-03
3.90000e+00 1.79709e-03
3.90200e+00 1.79211e-03
3.90400e+00 1.78716e-03
3.90600e+00 1.78221e-03
3.90800e+00 1.77728e-03
3.91000e+00 1.77237e-03
3.91200e+00 1.76747e-03
3.91400e+00 1.76259e-03
3.91600e+00 1.75772e-03
3.91800e+00 1.75286e-03
3.92000e+00 1.74802e-03
3.92200e+00 1.74319e-03
3.92400e+00 1.73838e-03
3.92600e+00 1.73358e-03
3.92800e+00 1.72879e-03
3.93000e+00 1.72402e-03
3.93200e+00 1.71926e-03
3.93400e+00 1.71452e-03
3.93600e+00 1.70979e-03
3.93800e+00 1.70508e-03
3.94000e+00 1.70038e-03
3.94200e+00 1.69569e-03
3.94400e+00 1.69102e-03
3.94600e+00 1.68636e-03
3.94800e+00 1.68171e-03
3.95000e+00 1.67708e-03
3.95200e+00 1.67246e-03
3.95400e+00 1.66785e-03
3.95600e+00 1.66326e-03
3.95800e+00 1.65868e-03
3.96000e+00 1.65412e-03
3.96200e+00 1.64957e-03
3.96400e+00 1.64503e-03
3.96600e+00 1.64051e-03
3.96800e+00 1.63599e-03
3.97000e+00 1.63150e-03
3.97200e+00 1.62701e-03
3.97400e+00 1.62254e-03
3.97600e+00 1.61808e-03
3.97800e+00 1.61364e-03
3.98000e+00 1.60920e-03
3.98200e+00 1.60478e-03
3.98400e+00 1.60038e-03
3.98600e+00 1.59598e-03
3.98800e+00 1.59160e-03
3.99000e+00 1.58723e-03
3.99200e+00 1.58288e-03
3.99400e+00 1.57854e-03
3.99600e+00 1.57421e-03
3.99800e+00 1.56989e-03
4.00000e+00 1.56558e-03
4.00200e+00 1.56129e-03
4.00400e+00 1.55701e-03
4.00600e+00 1.55275e-03
4.00800e+00 1.54849e-03
4.01000e+00 1.54425e-03
4.01200e+00 1.54002e-03
4.01400e+00 1.53580e-03
4.01600e+00 1.53160e-03
4.01800e+00 1.52741e-03
4.02000e+00 1.52323e-03
4.02200e+00 1.51906e-03
4.02400e+00 1.51490e-03
4.02600e+00 1.51076e-03
4.02800e+00 1.50663e-03
4.03000e+00 1.50251e-03
4.03200e+00 1.49840e-03
4.03400e+00 1.49430e-03
4.03600e+00 1.49022e-03
4.03800e+00 1.48615e-03
4.04000e+00 1.48209e-03
4.04200e+00 1.47804e-03
4.04400e+00 1.47400e-03
4.04600e+00 1.46998e-03
4.04800e+00 1.46596e-03
4.05000e+00 1.46196e-03
4.05200e+00 1.45797e-03
4.05400e+00 1.45399e-03
4.05600e+00 1.45003e-03
4.05800e+00 1.44607e-03
4.06000e+00 1.44213e-03
4.06200e+00 1.43819e-03
4.06400e+00 1.43427e-03
4.06600e+00 1.43036e-03
4.06800e+00 1.42647e-03
4.07000e+00 1.42258e-03
4.07200e+00 1.41870e-03
4.07400e+00 1.41484e-03
4.07600e+00 1.41099e-03
4.07800e+00 1.40715e-03
4.08000e+00 1.40331e-03
4.08200e+00 1.39949e-03
4.08400e+00 1.39569e-03
4.08600e+00 1.39189e-03
4.08800e+00 1.38810e-03
4.09000e+00 1.38433e-03
4.09200e+00 1.38056e-03
4.09400e+00 1.37681e-03
4.09600e+00 1.37307e-03
4.09800e+00 1.36933e-03
4.10000e+00 1.36561e-03
4.10200e+00 1.36190e-03
4.10400e+00 1.35820e-03
4.10600e+00 1.35451e-03
4.10800e+00 1.35083e-03
4.11000e+00 1.34717e-03
4.11200e+00 1.34351e-03
4.11400e+00 1.33986e-03
4.11600e+00 1.33623e-03
4.11800e+00 1.33260e-03
4.12000e+00 1.32899e-03
4.12200e+00 1.32538e-03
4.12400e+00 1.32179e-03
4.12600e+00 1.31820e-03
4.12800e+00 1.31463e-03
4.13000e+00 1.31107e-03
4.13200e+00 1.30751e-03
4.13400e+00 1.30397e-03
4.13600e+00 1.30044e-03
4.13800e+00 1.29691e-03
4.14000e+00 1.29340e-03
4.14200e+00 1.28990e-03
4.14400e+00 1.28641e-03
4.14600e+00 1.28293e-03
4.14800e+00 1.27945e-03
4.15000e+00 1.27599e-03
4.15200e+00 1.27254e-03
4.15400e+00 1.26910e-03
4.15600e+00 1.26567e-03
4.15800e+00 1.26224e-03
4.16000e+00 1.25883e-03
4.16200e+00 1.25543e-03
4.16400e+00 1.25204e-03
4.16600e+00 1.24865e-03
4.16800e+00 1.24528e-03
4.17000e+00 1.24191e-03
4.17200e+00 1.23856e-03
4.17400e+00 1.23522e-03
4.17600e+00 1.23188e-03
4.17800e+00 1.22856e-03
4.18000e+00 1.22524e-03
4.18200e+00 1.22193e-03
4.18400e+00 1.21864e-03
4.18600e+00 1.21535e-03
4.18800e+00 1.21207e-03
4.19000e+00 1.20880e-03
4.19200e+00 1.20554e-03
4.19400e+00 1.20229e-03
4.19600e+00 1.19905e-03
4.19800e+00 1.19582e-03
4.20000e+00 1.19260e-03
4.20200e+00 1.18939e-03
4.20400e+00 1.18618e-03
4.20600e+00 1.18299e-03
4.20800e+00 1.17980e-03
4.21000e+00 1.17663e-03
4.21200e+00 1.17346e-03
4.21400e+00 1.17030e-03
4.21600e+00 1.16715e-03
4.21800e+00 1.16401e-03
4.22000e+00 1.16088e-03
4.22200e+00 1.15776e-03
4.22400e+00 1.15465e-03
4.22600e+00 1.15154e-03
4.22800e+00 1.14845e-03
4.23000e+00 1.14536e-03
4.23200e+00 1.14228e-03
4.23400e+00 1.13921e-03
4.23600e+00 1.13615e-03
4.23800e+00 1.13310e-03
4.24000e+00 1.13006e-03
4.24200e+00 1.12702e-03
4.24400e+00 1.12400e-03
4.24600e+00 1.12098e-03
4.24800e+00 1.11797e-03
4.25000e+00 1.11497e-03
4.25200e+00 1.11198e-03
4.25400e+00 1.10900e-03
4.25600e+00 1.10603e-03
4.25800e+00 1.10306e-03
4.26000e+00 1.10010e-03
4.26200e+00 1.09715e-03
4.26400e+00 1.09421e-03
4.26600e+00 1.09128e-03
4.26800e+00 1.08836e-03
4.27000e+00 1.08544e-03
4.27200e+00 1.08253e-03
4.27400e+00 1.07964e-03
4.27600e+00 1.07674e-03
4.27800e+00 1.07386e-03
4.28000e+00 1.07099e-03
4.28200e+00 1.06812e-03
4.28400e+00 1.06526e-03
4.28600e+00 1.06241e-03
4.28800e+00 1.05957e-03
4.29000e+00 1.05674e-03
4.29200e+00 1.05391e-03
4.29400e+00 1.05109e-03
4.29600e+00 1.04828e-03
4.29800e+00 1.04548e-03
4.30000e+00 1.04269e-03
4.30200e+00 1.03990e-03
4.30400e+00 1.03713e-03
4.30600e+00 1.03436e-03
4.30800e+00 1.03159e-03
4.31000e+00 1.02884e-03
4.31200e+00 1.02609e-03
4.31400e+00 1.02335e-03
4.31600e+00 1.02062e-03
4.31800e+00 1.01790e-03
4.32000e+00 1.01518e-03
4.32200e+00 1.01247e-03
4.32400e+00 1.00977e-03
4.32600e+00 1.00708e-03
4.32800e+00 1.00440e-03
4.33000e+00 1.00172e-03
4.33200e+00 9.99048e-04
4.33400e+00 9.96386e-04
4.33600e+00 9.93731e-04
4.33800e+00 9.91083e-04
4.34000e+00 9.88443e-04
4.34200e+00 9.85811e-04
4.34400e+00 9.83185e-04
4.34600e+00 9.80568e-04
4.34800e+00 9.77957e-04
4.35000e+00 9.75354e-04
4.35200e+00 9.72759e-04
4.35400e+00 9.70171e-04
4.35600e+00 9.67589e-04
4.35800e+00 9.65016e-04
4.36000e+00 9.62449e-04
4.36200e+00 9.59890e-04
4.36400e+00 9.57338e-04
4.36600e+00 9.54793e-04
4.36800e+00 9.52255e-04
4.37000e+00 9.49725e-04
4.37200e+00 9.47201e-04
4.37400e+00 9.44685e-04
4.37600e+00 9.42176e-04
4.37800e+00 9.39674e-04
4.38000e+00 9.37178e-04
4.38200e+00 9.34690e-04
4.38400e+00 9.32209e-04
4.38600e+00 9.29735e-04
4.38800e+00 9.27268e-04
4.39000e+00 9.24807e-04
4.39200e+00 9.22354e-04
4.39400e+00 9.19908e-04
4.39600e+00 9.17468e-04
4.39800e+00 9.15035e-04
4.40000e+00 9.12609e-04
4.40200e+00 9.10190e-04
4.40400e+00 9.07778e-04
4.40600e+00 9.05372e-04
4.40800e+00 9.02973e-04
4.41000e+00 9.00581e-04
4.41200e+00 8.98196e-04
4.41400e+00 8.95817e-04
4.41600e+00 8.93445e-04
4.41800e+00 8.91080e-04
4.42000e+00 8.88721e-04
4.42200e+00 8.86369e-04
4.42400e+00 8.84023e-04
4.42600e+00 8.81684e-04
4.42800e+00 8.79351e-04
4.43000e+00 8.77026e-04
4.43200e+00 8.74706e-04
4.43400e+00 8.72393e-04
4.43600e+00 8.70087e-04
4.43800e+00 8.67787e-04
4.44000e+00 8.65493e-04
4.44200e+00 8.63206e-04
4.44400e+00 8.60925e-04
4.44600e+00 8.58651e-04
4.44800e+00 8.56383e-04
4.45000e+00 8.54121e-04
4.45200e+00 8.51866e-04
4.45400e+00 8.49616e-04
4.45600e+00 8.47374e-04
4.45800e+00 8.45137e-04
4.46000e+00 8.42907e-04
4.46200e+00 8.40683e-04
4.46400e+00 8.38465e-04
4.46600e+00 8.36253e-04
4.46800e+00 8.34047e-04
4.47000e+00 8.31848e-04
4.47200e+00 8.29655e-04
4.47400e+00 8.27468e-04
4.47600e+00 8.25287e-04
4.47800e+00 8.23112e-04
4.48000e+00 8.20943e-04
4.48200e+00 8.18780e-04
4.48400e+00 8.16623e-04
4.48600e+00 8.14472e-04
4.48800e+00 8.12327e-04
4.49000e+00 8.10188e-04
4.49200e+00 8.08056e-04
4.49400e+00 8.05929e-04
4.49600e+00 8.03807e-04
4.49800e+00 8.01692e-04
4.50000e+00 7.99583e-04
4.50200e+00 7.97480e-04
4.50400e+00 7.95382e-04
4.50600e+00 7.93290e-04
4.50800e+00 7.91204e-04
4.51000e+00 7.89124e-04
4.51200e+00 7.87050e-04
4.51400e+00 7.84981e-04
4.51600e+00 7.82918e-04
4.51800e+00 7.80861e-04
4.52000e+00 7.78810e-04
4.52200e+00 7.76764e-04
4.52400e+00 7.74724e-04
4.52600e+00 7.72690e-04
4.52800e+00 7.70661e-04
4.53000e+00 7.68638e-04
4.53200e+00 7.66620e-04
4.53400e+00 7.64608e-04
4.53600e+00 7.62602e-04
4.53800e+00 7.60601e-04
4.54000e+00 7.58606e-04
4.54200e+00 7.56616e-04
4.54400e+00 7.54632e-04
4.54600e+00 7.52653e-04
4.54800e+00 7.50680e-04
4.55000e+00 7.48712e-04
4.55200e+00 7.46750e-04
4.55400e+00 7.44793e-04
4.55600e+00 7.42842e-04
4.55800e+00 7.40896e-04
4.56000e+00 7.38955e-04
4.56200e+00 7.37020e-04
4.56400e+00 7.35090e-04
4.56600e+00 7.33165e-04
4.56800e+00 7.31246e-04
4.57000e+00 7.29332e-04
4.57200e+00 7.27423e-04
4.57400e+00 7.25519e-04
4.57600e+00 7.23621e-04
4.57800e+00 7.21728e-04
4.58000e+00 7.19841e-04
4.58200e+00 7.17958e-04
4.58400e+00 7.16081e-04
4.58600e+00 7.14209e-04
4.58800e+00 7.12342e-04
4.59000e+00 7.10480e-04
4.59200e+00 7.08623e-04
4.59400e+00 7.06772e-04
4.59600e+00 7.04925e-04
4.59800e+00 7.03084e-04
4.60000e+00 7.01247e-04
4.60200e+00 6.99416e-04
4.60400e+00 6.97590e-04
4.60600e+00 6.95769e-04
4.60800e+00 6.93953e-04
4.61000e+00 6.92142e-04
4.61200e+00 6.90335e-04
4.61400e+00 6.88534e-04
4.61600e+00 6.86738e-04
4.61800e+00 6.84947e-04
4.62000e+00 6.83160e-04
4.62200e+00 6.81379e-04
4.62400e+00 6.79602e-04
4.62600e+00 6.77831e-04
4.62800e+00 6.76064e-04
4.63000e+00 6.74302e-04
4.63200e+00 6.72545e-04
4.63400e+00 6.70793e-04
4.63600e+00 6.69045e-04
4.63800e+00 6.67303e-04
4.64000e+00 6.65565e-04
4.64200e+00 6.63832e-04
4.64400e+00 6.62103e-04
4.64600e+00 6.60380e-04
4.64800e+00 6.58661e-04
4.65000e+00 6.56947e-04
4.65200e+00 6.55237e-04
4.65400e+00 6.53533e-04
4.65600e+00 6.51833e-04
4.65800e+00 6.50137e-04
4.66000e+00 6.48447e-04
4.66200e+00 6.46760e-04
4.66400e+00 6.45079e-04
4.66600e+00 6.43402e-04
4.66800e+00 6.41730e-04
4.67000e+00 6.40062e-04
4.67200e+00 6.38399e-04
4.67400e+00 6.36740e-04
4.67600e+00 6.35086e-04
4.67800e+00 6.33437e-04
4.68000e+00 6.31792e-04
4.68200e+00 6.30151e-04
4.68400e+00 6.28515e-04
4.68600e+00 6.26884e-04
4.68800e+00 6.25257e-04
4.69000e+00 6.23634e-04
4.69200e+00 6.22016e-04
4.69400e+00 6.20402e-04
4.69600e+00 6.18793e-04
4.69800e+00 6.17188e-04
4.70000e+00 6.15587e-04
4.70200e+00 6.13991e-04
4.70400e+00 6.12399e-04
4.70600e+00 6.10812e-04
4.70800e+00 6.09229e-04
4.71000e+00 6.07650e-04
4.71200e+00 6.06075e-04
4.71400e+00 6.04505e-04
4.71600e+00 6.02939e-04
4.71800e+00 6.01378e-04
4.72000e+00 5.99820e-04
4.72200e+00 5.98267e-04
4.72400e+00 5.96718e-04
4.72600e+00 5.95173e-04
4.72800e+00 5.93633e-04
4.73000e+00 5.92097e-04
4.73200e+00 5.90565e-04
4.73400e+00 5.89037e-04
4.73600e+00 5.87513e-04
4.73800e+00 5.85993e-04
4.74000e+00 5.84478e-04
4.74200e+00 5.82966e-04
4.74400e+00 5.81459e-04
4.74600e+00 5.79956e-04
4.74800e+00 5.78457e-04
4.75000e+00 5.76962e-04
4.75200e+00 5.75471e-04
4.75400e+00 5.73984e-04
4.75600e+00 5.72502e-04
4.75800e+00 5.71023e-04
4.76000e+00 5.69548e-04
4.76200e+00 5.68078e-04
4.76400e+00 5.66611e-04
4.76600e+00 5.65148e-04
4.76800e+00 5.63689e-04
4.77000e+00 5.62234e-04
4.77200e+00 5.60784e-04
4.77400e+00 5.59337e-04
4.77600e+00 5.57894e-04
4.77800e+00 5.56455e-04
4.78000e+00 5.55020e-04
4.78200e+00 5.53588e-04
4.78400e+00 5.52161e-04
4.78600e+00 5.50737e-04
4.78800e+00 5.49318e-04
4.79000e+00 5.47902e-04
4.79200e+00 5.46490e-04
4.79400e+00 5.45082e-04
4.79600e+00 5.43678e-04
4.79800e+00 5.42277e-04
4.80000e+00 5.40880e-04
4.80200e+00 5.39488e-04
4.80400e+00 5.38098e-04
4.80600e+00 5.36713e-04
4.80800e+00 5.35331e-04
4.81000e+00 5.33954e-04
4.81200e+00 5.32579e-04
4.81400e+00 5.31209e-04
4.81600e+00 5.29842e-04
4.81800e+00 5.28479e-04
4.82000e+00 5.27120e-04
4.82200e+00 5.25764e-04
4.82400e+00 5.24412e-04
4.82600e+00 5.23064e-04
4.82800e+00 5.21719e-04
4.83000e+00 5.20378e-04
4.83200e+00 5.19041e-04
4.83400e+00 5.17707e-04
4.83600e+00 5.16377e-04
4.83800e+00 5.15050e-04
4.84000e+00 5.13727e-04
4.84200e+00 5.12408e-04
4.84400e+00 5.11092e-04
4.84600e+00 5.09779e-04
4.84800e+00 5.08471e-04
4.85000e+00 5.07165e-04
4.85200e+00 5.05864e-04
4.85400e+00 5.04565e-04
4.85600e+00 5.03271e-04
4.85800e+00 5.01979e-04
4.86000e+00 5.00692e-04
4.86200e+00 4.99407e-04
4.86400e+00 4.98126e-04
4.86600e+00 4.96849e-04
4.86800e+00 4.95575e-04
4.87000e+00 4.94305e-04
4.87200e+00 4.93038e-04
4.87400e+00 4.91774e-04
4.87600e+00 4.90514e-04
4.87800e+00 4.89257e-04
4.88000e+00 4.88003e-04
4.88200e+00 4.86753e-04
4.88400e+00 4.85507e-04
4.88600e+00 4.84263e-04
4.88800e+00 4.83023e-04
4.89000e+00 4.81786e-04
4.89200e+00 4.80553e-04
4.89400e+00 4.79323e-04
4.89600e+00 4.78096e-04
4.89800e+00 4.76873e-04
4.90000e+00 4.75653e-04
4.90200e+00 4.74436e-04
4.90400e+00 4.73222e-04
4.90600e+00 4.72012e-04
4.90800e+00 4.70805e-04
4.91000e+00 4.69601e-04
4.91200e+00 4.68400e-04
4.91400e+00 4.67203e-04
4.91600e+00 4.66009e-04
4.91800e+00 4.64818e-04
4.92000e+00 4.63630e-04
4.92200e+00 4.62446e-04
4.92400e+00 4.61264e-04
4.92600e+00 4.60086e-04
4.92800e+00 4.58911e-04
4.93000e+00 4.57739e-04
4.93200e+00 4.56570e-04
4.93400e+00 4.55405e-04
4.93600e+00 4.54242e-04
4.93800e+00 4.53083e-04
4.94000e+00 4.51926e-04
4.94200e+00 4.50773e-04
4.94400e+00 4.49623e-04
4.94600e+00 4.48476e-04
4.94800e+00 4.47332e-04
4.95000e+00 4.46191e-04
4.95200e+00 4.45053e-04
4.95400e+00 4.43919e-04
4.95600e+00 4.42787e-04
4.95800e+00 4.41658e-04
4.96000e+00 4.40532e-04
4.96200e+00 4.39410e-04
4.96400e+00 4.38290e-04
4.96600e+00 4.37173e-04
4.96800e+00 4.36060e-04
4.97000e+00 4.34949e-04
4.97200e+00 4.33841e-04
4.97400e+00 4.32736e-04
4.97600e+00 4.31635e-04
4.97800e+00 4.30536e-04
4.98000e+00 4.29440e-04
4.98200e+00 4.28347e-04
4.98400e+00 4.27257e-04
4.98600e+00 4.26169e-04
4.98800e+00 4.25085e-04
4.99000e+00 4.24004e-04
4.99200e+00 4.22925e-04
4.99400e+00 4.21850e-04
4.99600e+00 4.20777e-04
4.99800e+00 4.19707e-04
5.00000e+00 4.18640e-04
5.00200e+00 4.17576e-04
5.00400e+00 4.16514e-04
5.00600e+00 4.15456e-04
5.00800e+00 4.14400e-04
5.01000e+00 4.13347e-04
5.01200e+00 4.12297e-04
5.01400e+00 4.11250e-04
5.01600e+00 4.10205e-04
5.01800e+00 4.09164e-04
5.02000e+00 4.08125e-04
5.02200e+00 4.07088e-04
5.02400e+00 4.06055e-04
5.02600e+00 4.05024e-04
5.02800e+00 4.03996e-04
5.03000e+00 4.02971e-04
5.03200e+00 4.01949e-04
5.03400e+00 4.00929e-04
5.03600e+00 3.99912e-04
5.03800e+00 3.98898e-04
5.04000e+00 3.97886e-04
5.04200e+00 3.96877e-04
5.04400e+00 3.95871e-04
5.04600e+00 3.94867e-04
5.04800e+00 3.93867e-04
5.05000e+00 3.92868e-04
5.05200e+00 3.91873e-04
5.05400e+00 3.90880e-04
5.05600e+00 3.89889e-04
5.05800e+00 3.88902e-04
5.06000e+00 3.87917e-04
5.06200e+00 3.86934e-04
5.06400e+00 3.85955e-04
5.06600e+00 3.84977e-04
5.06800e+00 3.84003e-04
5.07000e+00 3.83031e-04
5.07200e+00 3.82061e-04
5.07400e+00 3.81094e-04
5.07600e+00 3.80130e-04
5.07800e+00 3.79168e-04
5.08000e+00 3.78209e-04
5.08200e+00 3.77252e-04
5.08400e+00 3.76298e-04
5.08600e+00 3.75347e-04
5.08800e+00 3.74398e-04
5.09000e+00 3.73451e-04
5.09200e+00 3.72507e-04
5.09400e+00 3.71565e-04
5.09600e+00 3.70626e-04
5.09800e+00 3.69690e-04
5.10000e+00 3.68756e-04
5.10200e+00 3.67824e-04
5.10400e+00 3.66895e-04
5.10600e+00 3.65968e-04
5.10800e+00 3.65044e-04
5.11000e+00 3.64122e-04
5.11200e+00 3.63203e-04
5.11400e+00 3.62286e-04
5.11600e+00 3.61371e-04
5.11800e+00 3.60459e-04
5.12000e+00 3.59550e-04
5.12200e+00 3.58642e-04
5.12400e+00 3.57737e-04
5.12600e+00 3.56835e-04
5.12800e+00 3.55935e-04
5.13000e+00 3.55037e-04
5.13200e+00 3.54142e-04
5.13400e+00 3.53249e-04
5.13600e+00 3.52358e-04
5.13800e+00 3.51470e-04
5.14000e+00 3.50584e-04
5.14200e+00 3.49700e-04
5.14400e+00 3.48819e-04
5.14600e+00 3.47940e-04
5.14800e+00 3.47064e-04
5.15000e+00 3.46189e-04
5.15200e+00 3.45317e-04
5.15400e+00 3.44448e-04
5.15600e+00 3.43580e-04
5.15800e+00 3.42715e-04
5.16000e+00 3.41852e-04
5.16200e+00 3.40992e-04
5.16400e+00 3.40134e-04
5.16600e+00 3.39278e-04
5.16800e+00 3.38424e-04
5.17000e+00 3.37572e-04
5.17200e+00 3.36723e-04
5.17400e+00 3.35876e-04
5.17600e+00 3.35031e-04
5.17800e+00 3.34189e-04
5.18000e+00 3.33348e-04
5.18200e+00 3.32510e-04
5.18400e+00 3.31674e-04
5.18600e+00 3.30840e-04
5.18800e+00 3.30009e-04
5.19000e+00 3.29180e-04
5.19200e+00 3.28352e-04
5.19400e+00 3.27527e-04
5.19600e+00 3.26705e-04
5.19800e+00 3.25884e-04
5.20000e+00 3.25065e-04
5.20200e+00 3.24249e-04
5.20400e+00 3.23435e-04
5.20600e+00 3.22623e-04
5.20800e+00 3.21813e-04
5.21000e+00 3.21005e-04
5.21200e+00 3.20199e-04
5.21400e+00 3.19396e-04
5.21600e+00 3.18594e-04
5.21800e+00 3.17795e-04
5.22000e+00 3.16998e-04
5.22200e+00 3.16202e-04
5.22400e+00 3.15409e-04
5.22600e+00 3.14618e-04
5.22800e+00 3.13829e-04
5.23000e+00 3.13043e-04
5.23200e+00 3.12258e-04
5.23400e+00 3.11475e-04
5.23600e+00 3.10694e-04
5.23800e+00 3.09916e-04
5.24000e+00 3.09139e-04
5.24200e+00 3.08365e-04
5.24400e+00 3.07592e-04
5.24600e+00 3.06822e-04
5.24800e+00 3.06053e-04
5.25000e+00 3.05287e-04
5.25200e+00 3.04522e-04
5.25400e+00 3.03760e-04
5.25600e+00 3.02999e-04
5.25800e+00 3.02241e-04
5.26000e+00 3.01484e-04
5.26200e+00 3.00730e-04
5.26400e+00 2.99977e-04
5.26600e+00 2.99227e-04
5.26800e+00 2.98478e-04
5.27000e+00 2.97732e-04
5.27200e+00 2.96987e-04
5.27400e+00 2.96244e-04
5.27600e+00 2.95503e-04
5.27800e+00 2.94765e-04
5.28000e+00 2.94028e-04
5.28200e+00 2.93293e-04
5.28400e+00 2.92560e-04
5.28600e+00 2.91828e-04
5.28800e+00 2.91099e-04
5.29000e+00 2.90372e-04
5.29200e+00 2.89646e-04
5.29400e+00 2.88923e-04
5.29600e+00 2.88201e-04
5.29800e+00 2.87481e-04
5.30000e+00 2.86764e-04
5.30200e+00 2.86048e-04
5.30400e+00 2.85333e-04
5.30600e+00 2.84621e-04
5.30800e+00 2.83911e-04
5.31000e+00 2.83202e-04
5.31200e+00 2.82495e-04
5.31400e+00 2.81791e-04
5.31600e+00 2.81088e-04
5.31800e+00 2.80386e-04
5.32000e+00 2.79687e-04
5.32200e+00 2.78989e-04
5.32400e+00 2.78294e-04
5.32600e+00 2.77600e-04
5.32800e+00 2.76908e-04
5.33000e+00 2.76217e-04
5.33200e+00 2.75529e-04
5.33400e+00 2.74842e-04
5.33600e+00 2.74157e-04
5.33800e+00 2.73474e-04
5.34000e+00 2.72793e-04
5.34200e+00 2.72113e-04
5.34400e+00 2.71435e-04
5.34600e+00 2.70759e-04
5.34800e+00 2.70085e-04
5.35000e+00 2.69412e-04
5.35200e+00 2.68741e-04
5.35400e+00 2.68072e-04
5.35600e+00 2.67405e-04
5.35800e+00 2.66740e-04
5.36000e+00 2.66076e-04
5.36200e+00 2.65414e-04
5.36400e+00 2.64753e-04
5.36600e+00 2.64094e-04
5.36800e+00 2.63438e-04
5.37000e+00 2.62782e-04
5.37200e+00 2.62129e-04
5.37400e+00 2.61477e-04
5.37600e+00 2.60827e-04
5.37800e+00 2.60178e-04
5.38000e+00 2.59531e-04
5.38200e+00 2.58886e-04
5.38400e+00 2.58243e-04
5.38600e+00 2.57601e-04
5.38800e+00 2.56961e-04
5.39000e+00 2.56323e-04
5.39200e+00 2.55686e-04
5.39400e+00 2.55051e-04
5.39600e+00 2.54417e-04
5.39800e+00 2.53785e-04
5.40000e+00 2.53155e-04
5.40200e+00 2.52526e-04
5.40400e+00 2.51900e-04
5.40600e+00 2.51274e-04
5.40800e+00 2.50651e-04
5.41000e+00 2.50028e-04
5.41200e+00 2.49408e-04
5.41400e+00 2.48789e-04
5.41600e+00 2.48172e-04
5.41800e+00 2.47556e-04
5.42000e+00 2.46942e-04
5.42200e+00 2.46330e-04
5.42400e+00 2.45719e-04
5.42600e+00 2.45110e-04
5.42800e+00 2.44502e-04
5.43000e+00 2.43896e-04
5.43200e+00 2.43291e-04
5.43400e+00 2.42688e-04
5.43600e+00 2.42087e-04
5.43800e+00 2.41487e-04
5.44000e+00 2.40888e-04
5.44200e+00 2.40291e-04
5.44400e+00 2.39696e-04
5.44600e+00 2.39103e-04
5.44800e+00 2.38510e-04
5.45000e+00 2.37920e-04
5.45200e+00 2.37331e-04
5.45400e+00 2.36743e-04
5.45600e+00 2.36157e-04
5.45800e+00 2.35572e-04
5.46000e+00 2.34989e-04
5.46200e+00 2.34408e-04
5.46400e+00 2.33828e-04
5.46600e+00 2.33249e-04
5.46800e+00 2.32672e-04
5.47000e+00 2.32096e-04
5.47200e+00 2.31522e-04
5.47400e+00 2.30950e-04
5.47600e+00 2.30379e-04
5.47800e+00 2.29809e-04
5.48000e+00 2.29241e-04
5.48200e+00 2.28674e-04
5.48400e+00 2.28109e-04
5.48600e+00 2.27545e-04
5.48800e+00 2.26983e-04
5.49000e+00 2.26422e-04
5.49200e+00 2.25862e-04
5.49400e+00 2.25304e-04
5.49600e+00 2.24748e-04
5.49800e+00 2.24193e-04
5.50000e+00 2.23639e-04
5.50200e+00 2.23087e-04
5.50400e+00 2.22536e-04
5.50600e+00 2.21986e-04
5.50800e+00 2.21438e-04
5.51000e+00 2.20892e-04
5.51200e+00 2.20346e-04
5.51400e+00 2.19803e-04
5.51600e+00 2.19260e-04
5.51800e+00 2.18719e-04
5.52000e+00 2.18180e-04
5.52200e+00 2.17641e-04
5.52400e+00 2.17104e-04
5.52600e+00 2.16569e-04
5.52800e+00 2.16035e-04
5.53000e+00 2.15502e-04
5.53200e+00 2.14971e-04
5.53400e+00 2.14441e-04
5.53600e+00 2.13912e-04
5.53800e+00 2.13385e-04
5.54000e+00 2.12859e-04
5.54200e+00 2.12335e-04
5.54400e+00 2.11811e-04
5.54600e+00 2.11290e-04
5.54800e+00 2.10769e-04
5.55000e+00 2.10250e-04
5.55200e+00 2.09732e-04
5.55400e+00 2.09216e-04
5.55600e+00 2.08700e-04
5.55800e+00 2.08186e-04
5.56000e+00 2.07674e-04
5.56200e+00 2.07163e-04
5.56400e+00 2.06653e-04
5.56600e+00 2.06144e-04
5.56800e+00 2.05637e-04
5.57000e+00 2.05131e-04
5.57200e+00 2.04626e-04
5.57400e+00 2.04123e-04
5.57600e+00 2.03621e-04
5.57800e+00 2.03120e-04
5.58000e+00 2.02620e-04
5.58200e+00 2.02122e-04
5.58400e+00 2.01625e-04
5.58600e+00 2.01129e-04
5.58800e+00 2.00635e-04
5.59000e+00 2.00142e-04
5.59200e+00 1.99650e-04
5.59400e+00 1.99159e-04
5.59600e+00 1.98670e-04
5.59800e+00 1.98182e-04
5.60000e+00 1.97695e-04
5.60200e+00 1.97209e-04
5.60400e+00 1.96725e-04
5.60600e+00 1.96241e-04
5.60800e+00 1.95759e-04
5.61000e+00 1.95279e-04
5.61200e+00 1.94799e-04
5.61400e+00 1.94321e-04
5.61600e+00 1.93844e-04
5.61800e+00 1.93368e-04
5.62000e+00 1.92894e-04
5.62200e+00 1.92420e-04
5.62400e+00 1.91948e-04
5.62600e+00 1.91477e-04
5.62800e+00 1.91007e-04
5.63000e+00 1.90539e-04
5.63200e+00 1.90072e-04
5.63400e+00 1.89605e-04
5.63600e+00 1.89140e-04
5.63800e+00 1.88677e-04
5.64000e+00 1.88214e-04
5.64200e+00 1.87753e-04
5.64400e+00 1.87292e-04
5.64600e+00 1.86833e-04
5.64800e+00 1.86375e-04
5.65000e+00 1.85919e-04
5.65200e+00 1.85463e-04
5.65400e+00 1.85009e-04
5.65600e+00 1.84556e-04
5.65800e+00 1.84104e-04
5.66000e+00 1.83653e-04
5.66200e+00 1.83203e-04
5.66400e+00 1.82754e-04
5.66600e+00 1.82307e-04
5.66800e+00 1.81860e-04
5.67000e+00 1.81415e-04
5.67200e+00 1.80971e-04
5.67400e+00 1.80528e-04
5.67600e+00 1.80086e-04
5.67800e+00 1.79646e-04
5.68000e+00 1.79206e-04
5.68200e+00 1.78768e-04
5.68400e+00 1.78330e-04
5.68600e+00 1.77894e-04
5.68800e+00 1.77459e-04
5.69000e+00 1.77025e-04
5.69200e+00 1.76592e-04
5.69400e+00 1.76160e-04
5.69600e+00 1.75730e-04
5.69800e+00 1.75300e-04
5.70000e+00 1.74872e-04
5.70200e+00 1.74444e-04
5.70400e+00 1.74018e-04
5.70600e+00 1.73593e-04
5.70800e+00 1.73169e-04
5.71000e+00 1.72746e-04
5.71200e+00 1.72324e-04
5.71400e+00 1.71903e-04
5.71600e+00 1.71483e-04
5.71800e+00 1.71064e-04
5.72000e+00 1.70646e-04
5.72200e+00 1.70230e-04
5.72400e+00 1.69814e-04
5.72600e+00 1.69400e-04
5.72800e+00 1.68986e-04
5.73000e+00 1.68574e-04
5.73200e+00 1.68162e-04
5.73400e+00 1.67752e-04
5.73600e+00 1.67343e-04
5.73800e+00 1.66934e-04
5.74000e+00 1.66527e-04
5.74200e+00 1.66121e-04
5.74400e+00 1.65716e-04
5.74600e+00 1.65312e-04
5.74800e+00 1.64909e-04
5.75000e+00 1.64506e-04
5.75200e+00 1.64105e-04
5.75400e+00 1.63705e-04
5.75600e+00 1.63306e-04
5.75800e+00 1.62908e-04
5.76000e+00 1.62511e-04
5.76200e+00 1.62115e-04
5.76400e+00 1.61720e-04
5.76600e+00 1.61326e-04
5.76800e+00 1.60933e-04
5.77000e+00 1.60541e-04
5.77200e+00 1.60150e-04
5.77400e+00 1.59760e-04
5.77600e+00 1.59371e-04
5.77800e+00 1.58983e-04
5.78000e+00 1.58596e-04
5.78200e+00 1.58210e-04
5.78400e+00 1.57825e-04
5.78600e+00 1.57441e-04
5.78800e+00 1.57058e-04
5.79000e+00 1.56675e-04
5.79200e+00 1.56294e-04
5.79400e+00 1.55914e-04
5.79600e+00 1.55535e-04
5.79800e+00 1.55156e-04
5.80000e+00 1.54779e-04
5.80200e+00 1.54402e-04
5.80400e+00 1.54027e-04
5.80600e+00 1.53652e-04
5.80800e+00 1.53279e-04
5.81000e+00 1.52906e-04
5.81200e+00 1.52535e-04
5.81400e+00 1.52164e-04
5.81600e+00 1.51794e-04
5.81800e+00 1.51425e-04
5.82000e+00 1.51057e-04
5.82200e+00 1.50690e-04
5.82400e+00 1.50324e-04
5.82600e+00 1.49959e-04
5.82800e+00 1.49595e-04
5.83000e+00 1.49231e-04
5.83200e+00 1.48869e-04
5.83400e+00 1.48507e-04
5.83600e+00 1.48147e-04
5.83800e+00 1.47787e-04
5.84000e+00 1.47428e-04
5.84200e+00 1.47071e-04
5.84400e+00 1.46714e-04
5.84600e+00 1.46358e-04
5.84800e+00 1.46002e-04
5.85000e+00 1.45648e-04
5.85200e+00 1.45295e-04
5.85400e+00 1.44942e-04
5.85600e+00 1.44591e-04
5.85800e+00 1.44240e-04
5.86000e+00 1.43890e-04
5.86200e+00 1.43541e-04
5.86400e+00 1.43193e-04
5.86600e+00 1.42846e-04
5.86800e+00 1.42500e-04
5.87000e+00 1.42154e-04
5.87200e+00 1.41810e-04
5.87400e+00 1.41466e-04
5.87600e+00 1.41123e-04
5.87800e+00 1.40781e-04
5.88000e+00 1.40440e-04
5.88200e+00 1.40100e-04
5.88400e+00 1.39761e-04
5.88600e+00 1.39422e-04
5.88800e+00 1.39084e-04
5.89000e+00 1.38748e-04
5.89200e+00 1.38412e-04
5.89400e+00 1.38077e-04
5.89600e+00 1.37742e-04
5.89800e+00 1.37409e-04
5.90000e+00 1.37076e-04
5.90200e+00 1.36744e-04
5.90400e+00 1.36414e-04
5.90600e+00 1.36083e-04
5.90800e+00 1.35754e-04
5.91000e+00 1.35426e-04
5.91200e+00 1.35098e-04
5.91400e+00 1.34771e-04
5.91600e+00 1.34445e-04
5.91800e+00 1.34120e-04
5.92000e+00 1.33796e-04
5.92200e+00 1.33472e-04
5.92400e+00 1.33150e-04
5.92600e+00 1.32828e-04
5.92800e+00 1.32507e-04
5.93000e+00 1.32186e-04
5.93200e+00 1.31867e-04
5.93400e+00 1.31548e-04
5.93600e+00 1.31230e-04
5.93800e+00 1.30913e-04
5.94000e+00 1.30597e-04
5.94200e+00 1.30281e-04
5.94400e+00 1.29967e-04
5.94600e+00 1.29653e-04
5.94800e+00 1.29340e-04
5.95000e+00 1.29027e-04
5.95200e+00 1.28716e-04
5.95400e+00 1.28405e-04
5.95600e+00 1.28095e-04
5.95800e+00 1.27786e-04
5.96000e+00 1.27477e-04
5.96200e+00 1.27170e-04
5.96400e+00 1.26863e-04
5.96600e+00 1.26557e-04
5.96800e+00 1.26251e-04
5.97000e+00 1.25947e-04
5.97200e+00 1.25643e-04
5.97400e+00 1.25340e-04
5.97600e+00 1.25037e-04
5.97800e+00 1.24736e-04
5.98000e+00 1.24435e-04
5.98200e+00 1.24135e-04
5.98400e+00 1.23836e-04
5.98600e+00 1.23537e-04
5.98800e+00 1.23239e-04
5.99000e+00 1.22942e-04
5.99200e+00 1.22646e-04
5.99400e+00 1.22350e-04
5.99600e+00 1.22055e-04
5.99800e+00 1.21761e-04
