0.000000 0.000000 0.000000
0.049120 0.003333 0.000000
0.098241 0.006667 0.000000
0.147361 0.010000 0.000000
0.196482 0.013333 0.000000
0.245602 0.016667 0.000000
0.294723 0.020000 0.000000
0.343843 0.023333 0.000000
0.392963 0.026667 0.000000
0.442084 0.030000 0.000000
0.491204 0.033333 0.000000
0.540325 0.036667 0.000000
0.589445 0.040000 0.000000
0.638565 0.043333 0.000000
0.687686 0.046667 0.000000
0.736806 0.050000 0.000000
0.785927 0.053333 0.000000
0.835047 0.056667 0.000000
0.884168 0.060000 0.002605
0.933288 0.063333 0.097924
0.982408 0.066667 0.681510
1.031529 0.070000 1.647084
1.080649 0.073333 1.857434
1.129770 0.076667 2.321100
1.178890 0.080000 2.021138
1.228010 0.083333 1.816704
1.277131 0.086667 1.717973
1.326251 0.090000 1.623681
1.375372 0.093333 1.475781
1.424492 0.096667 1.428121
1.473613 0.100000 1.394600
1.522733 0.103333 1.327713
1.571853 0.106667 1.254173
1.620974 0.110000 1.206080
1.670094 0.113333 1.167851
1.719215 0.116667 1.161382
1.768335 0.120000 1.136377
1.817456 0.123333 1.083856
1.866576 0.126667 1.091700
1.915696 0.130000 1.044791
1.964817 0.133333 1.099814
2.013937 0.136667 1.098710
2.063058 0.140000 1.063472
2.112178 0.143333 1.104567
2.161298 0.146667 1.020651
2.210419 0.150000 1.031010
2.259539 0.153333 0.971933
2.308660 0.156667 0.967221
2.357780 0.160000 0.943536
2.406901 0.163333 0.877692
2.456021 0.166667 0.919071
2.505141 0.170000 0.935563
2.554262 0.173333 0.941389
2.603382 0.176667 0.933851
2.652503 0.180000 0.933680
2.701623 0.183333 0.960860
2.750744 0.186667 0.974867
2.799864 0.190000 0.949742
2.848984 0.193333 0.993667
2.898105 0.196667 0.970416
2.947225 0.200000 0.966404
2.996346 0.203333 0.900214
3.045466 0.206667 0.906270
3.094586 0.210000 0.896866
3.143707 0.213333 0.915206
3.192827 0.216667 0.883232
3.241948 0.220000 0.917600
3.291068 0.223333 0.954452
3.340189 0.226667 0.929393
3.389309 0.230000 0.992031
3.438429 0.233333 0.974621
3.487550 0.236667 0.985330
3.536670 0.240000 1.008843
3.585791 0.243333 0.961275
3.634911 0.246667 0.978739
3.684031 0.250000 0.978723
3.733152 0.253333 0.956494
3.782272 0.256667 1.023880
3.831393 0.260000 1.024681
3.880513 0.263333 1.009041
3.929634 0.266667 0.961746
3.978754 0.270000 0.973299
4.027874 0.273333 0.986794
4.076995 0.276667 0.975315
4.126115 0.280000 0.953491
4.175236 0.283333 0.968882
4.224356 0.286667 0.979139
4.273477 0.290000 0.980928
4.322597 0.293333 1.019115
4.371717 0.296667 1.006207
4.420838 0.300000 0.982767
4.469958 0.303333 0.975852
4.519079 0.306667 0.984245
4.568199 0.310000 1.023762
4.617319 0.313333 1.015062
4.666440 0.316667 1.021207
4.715560 0.320000 1.001881
4.764681 0.323333 0.997084
4.813801 0.326667 0.996795
4.862922 0.330000 0.985379
4.912042 0.333333 1.008776
4.961162 0.336667 1.015519
5.010283 0.340000 0.997933
5.059403 0.343333 1.007912
5.108524 0.346667 1.000502
5.157644 0.350000 0.990627
5.206765 0.353333 0.994463
5.255885 0.356667 1.005447
5.305005 0.360000 1.004854
5.354126 0.363333 0.970100
5.403246 0.366667 0.972357
5.452367 0.370000 0.963737
5.501487 0.373333 0.968120
5.550607 0.376667 0.984692
5.599728 0.380000 0.962698
5.648848 0.383333 0.981344
5.697969 0.386667 0.970247
5.747089 0.390000 0.953529
5.796210 0.393333 0.937108
5.845330 0.396667 0.955504
5.894450 0.400000 0.950401
5.943571 0.403333 0.955253
5.992691 0.406667 0.959897
6.041812 0.410000 0.956858
6.090932 0.413333 0.966304
6.140052 0.416667 0.964514
6.189173 0.420000 0.963431
6.238293 0.423333 0.976125
6.287414 0.426667 0.970023
6.336534 0.430000 0.962335
6.385655 0.433333 0.971375
6.434775 0.436667 0.978168
6.483895 0.440000 0.987520
6.533016 0.443333 0.993281
6.582136 0.446667 1.000818
6.631257 0.450000 1.005946
6.680377 0.453333 1.005053
6.729498 0.456667 0.995861
6.778618 0.460000 1.003836
6.827738 0.463333 1.017998
6.876859 0.466667 1.007247
6.925979 0.470000 0.998442
6.975100 0.473333 0.989218
7.024220 0.476667 0.987849
7.073340 0.480000 0.993214
7.122461 0.483333 0.991274
7.171581 0.486667 0.995607
7.220702 0.490000 0.981427
7.269822 0.493333 0.974253
7.318943 0.496667 0.971301
7.368063 0.500000 0.965671
7.417183 0.503333 0.955930
7.466304 0.506667 0.949323
7.515424 0.510000 0.960793
7.564545 0.513333 0.957445
7.613665 0.516667 0.969502
7.662786 0.520000 0.957182
7.711906 0.523333 0.983673
7.761026 0.526667 0.994255
7.810147 0.530000 0.989318
7.859267 0.533333 0.975131
7.908388 0.536667 0.975012
7.957508 0.540000 0.971524
8.006628 0.543333 0.969619
8.055749 0.546667 0.974996
8.104869 0.550000 0.998015
8.153990 0.553333 0.978094
8.203110 0.556667 0.992125
8.252231 0.560000 0.994800
8.301351 0.563333 0.986277
8.350471 0.566667 0.989132
8.399592 0.570000 0.994594
8.448712 0.573333 1.003545
8.497833 0.576667 1.002141
8.546953 0.580000 0.996855
8.596073 0.583333 0.979415
8.645194 0.586667 0.984328
8.694314 0.590000 0.995524
8.743435 0.593333 0.998319
8.792555 0.596667 1.013976
8.841676 0.600000 1.005566
8.890796 0.603333 0.997860
8.939916 0.606667 0.988594
8.989037 0.610000 0.980928
9.038157 0.613333 0.994024
9.087278 0.616667 1.002629
9.136398 0.620000 0.996617
9.185519 0.623333 0.987258
9.234639 0.626667 0.992396
9.283759 0.630000 1.002572
9.332880 0.633333 0.994362
9.382000 0.636667 0.994474
9.431121 0.640000 0.988248
9.480241 0.643333 0.990613
9.529361 0.646667 1.014139
9.578482 0.650000 1.020461
9.627602 0.653333 0.999609
9.676723 0.656667 1.001433
9.725843 0.660000 1.000665
9.774964 0.663333 1.000082
9.824084 0.666667 1.002349
9.873204 0.670000 1.018978
9.922325 0.673333 1.026638
9.971445 0.676667 1.039338
10.020566 0.680000 1.010172
10.069686 0.683333 1.004579
10.118807 0.686667 1.010677
10.167927 0.690000 1.029093
10.217047 0.693333 1.016684
10.266168 0.696667 1.007631
10.315288 0.700000 1.015217
10.364409 0.703333 1.014457
10.413529 0.706667 1.012261
10.462649 0.710000 0.999648
10.511770 0.713333 0.986557
10.560890 0.716667 0.984696
10.610011 0.720000 0.997188
10.659131 0.723333 0.991160
10.708252 0.726667 0.993409
10.757372 0.730000 0.987385
10.806492 0.733333 0.984209
10.855613 0.736667 0.990907
10.904733 0.740000 0.980480
10.953854 0.743333 0.992729
11.002974 0.746667 0.989357
11.052094 0.750000 0.999062
11.101215 0.753333 0.988834
11.150335 0.756667 0.988077
11.199456 0.760000 0.995500
11.248576 0.763333 0.996091
11.297697 0.766667 1.007315
11.346817 0.770000 0.992561
11.395937 0.773333 0.986940
11.445058 0.776667 0.986949
11.494178 0.780000 0.988483
11.543299 0.783333 0.980519
11.592419 0.786667 0.979161
11.641540 0.790000 0.987884
11.690660 0.793333 0.992530
11.739780 0.796667 0.981488
11.788901 0.800000 0.993275
11.838021 0.803333 0.993414
11.887142 0.806667 0.987266
11.936262 0.810000 0.986873
11.985382 0.813333 0.985377
12.034503 0.816667 0.977680
12.083623 0.820000 0.973724
12.132744 0.823333 0.978831
12.181864 0.826667 0.995420
12.230985 0.830000 0.996367
12.280105 0.833333 0.992434
12.329225 0.836667 0.981597
12.378346 0.840000 0.990396
12.427466 0.843333 0.992432
12.476587 0.846667 0.985738
12.525707 0.850000 0.992642
12.574828 0.853333 0.991525
12.623948 0.856667 1.000163
12.673068 0.860000 1.015451
12.722189 0.863333 1.000727
12.771309 0.866667 1.000833
12.820430 0.870000 0.998578
12.869550 0.873333 0.990133
12.918670 0.876667 0.994445
12.967791 0.880000 0.996277
13.016911 0.883333 1.009789
13.066032 0.886667 1.000760
13.115152 0.890000 0.991395
13.164273 0.893333 0.984847
13.213393 0.896667 0.985723
13.262513 0.900000 0.988921
13.311634 0.903333 1.002822
13.360754 0.906667 1.001651
13.409875 0.910000 0.996433
13.458995 0.913333 0.993310
13.508115 0.916667 0.998613
13.557236 0.920000 0.994950
13.606356 0.923333 0.983158
13.655477 0.926667 0.989496
13.704597 0.930000 0.987426
13.753718 0.933333 0.999772
13.802838 0.936667 0.992535
13.851958 0.940000 0.986996
13.901079 0.943333 0.985115
13.950199 0.946667 0.996510
13.999320 0.950000 0.992553
14.048440 0.953333 0.986024
14.097561 0.956667 0.992544
14.146681 0.960000 0.995106
14.195801 0.963333 0.986236
14.244922 0.966667 0.986739
14.294042 0.970000 0.985991
14.343163 0.973333 0.983718
14.392283 0.976667 0.988211
14.441403 0.980000 0.990910
14.490524 0.983333 0.981244
14.539644 0.986667 0.986650
14.588765 0.990000 0.993095
14.637885 0.993333 0.992690
14.687006 0.996667 0.986139
14.736126 1.000000 0.988118
14.785246 1.003333 0.980252
14.834367 1.006667 0.973466
14.883487 1.010000 0.963267
14.932608 1.013333 0.957389
14.981728 1.016667 0.947955
15.030849 1.020000 0.937678
15.079969 1.023333 0.924443
15.129089 1.026667 0.922009
15.178210 1.030000 0.921154
15.227330 1.033333 0.903887
15.276451 1.036667 0.891025
15.325571 1.040000 0.876725
15.374691 1.043333 0.857440
15.423812 1.046667 0.859296
15.472932 1.050000 0.854799
15.522053 1.053333 0.844309
15.571173 1.056667 0.840102
15.620294 1.060000 0.827513
15.669414 1.063333 0.812323
15.718534 1.066667 0.806359
15.767655 1.070000 0.801978
15.816775 1.073333 0.784589
15.865896 1.076667 0.783676
15.915016 1.080000 0.774643
15.964136 1.083333 0.761123
16.013257 1.086667 0.748944
16.062377 1.090000 0.739455
16.111498 1.093333 0.734989
16.160618 1.096667 0.731237
16.209739 1.100000 0.725687
16.258859 1.103333 0.710260
16.307979 1.106667 0.698125
16.357100 1.110000 0.691808
16.406220 1.113333 0.686044
16.455341 1.116667 0.679080
16.504461 1.120000 0.673214
16.553582 1.123333 0.661522
16.602702 1.126667 0.657031
16.651822 1.130000 0.646789
16.700943 1.133333 0.640553
16.750063 1.136667 0.625777
16.799184 1.140000 0.617989
16.848304 1.143333 0.610395
16.897424 1.146667 0.610834
16.946545 1.150000 0.602942
16.995665 1.153333 0.594323
17.044786 1.156667 0.591703
17.093906 1.160000 0.581080
17.143027 1.163333 0.573220
17.192147 1.166667 0.566810
17.241267 1.170000 0.551305
17.290388 1.173333 0.547340
17.339508 1.176667 0.547321
17.388629 1.180000 0.534828
17.437749 1.183333 0.527611
17.486870 1.186667 0.520196
17.535990 1.190000 0.509917
17.585110 1.193333 0.503291
17.634231 1.196667 0.498383
17.683351 1.200000 0.489558
17.732472 1.203333 0.484828
17.781592 1.206667 0.478550
17.830712 1.210000 0.475279
17.879833 1.213333 0.469451
17.928953 1.216667 0.465407
17.978074 1.220000 0.454234
18.027194 1.223333 0.446583
18.076315 1.226667 0.442168
18.125435 1.230000 0.435051
18.174555 1.233333 0.428649
18.223676 1.236667 0.419631
18.272796 1.240000 0.410835
18.321917 1.243333 0.408561
18.371037 1.246667 0.409279
18.420157 1.250000 0.399388
18.469278 1.253333 0.391726
18.518398 1.256667 0.387637
18.567519 1.260000 0.378862
18.616639 1.263333 0.374173
18.665760 1.266667 0.366871
18.714880 1.270000 0.364109
18.764000 1.273333 0.354536
18.813121 1.276667 0.350729
18.862241 1.280000 0.343649
18.911362 1.283333 0.337923
18.960482 1.286667 0.332834
19.009603 1.290000 0.322628
19.058723 1.293333 0.327683
19.107843 1.296667 0.317462
19.156964 1.300000 0.307801
19.206084 1.303333 0.302972
19.255205 1.306667 0.298851
19.304325 1.310000 0.293028
19.353445 1.313333 0.282629
19.402566 1.316667 0.283174
19.451686 1.320000 0.277378
19.500807 1.323333 0.274560
19.549927 1.326667 0.261074
19.599048 1.330000 0.253981
19.648168 1.333333 0.246913
19.697288 1.336667 0.241420
19.746409 1.340000 0.232703
19.795529 1.343333 0.236023
19.844650 1.346667 0.229379
19.893770 1.350000 0.222178
19.942891 1.353333 0.214855
19.992011 1.356667 0.209890
20.041131 1.360000 0.205186
20.090252 1.363333 0.196034
20.139372 1.366667 0.193254
20.188493 1.370000 0.188710
20.237613 1.373333 0.182937
20.286733 1.376667 0.178975
20.335854 1.380000 0.173776
20.384974 1.383333 0.166393
20.434095 1.386667 0.161518
20.483215 1.390000 0.157783
20.532336 1.393333 0.151405
20.581456 1.396667 0.149318
20.630576 1.400000 0.142192
20.679697 1.403333 0.136600
20.728817 1.406667 0.132459
20.777938 1.410000 0.124322
20.827058 1.413333 0.116390
20.876178 1.416667 0.114794
20.925299 1.420000 0.112083
20.974419 1.423333 0.108643
21.023540 1.426667 0.102727
21.072660 1.430000 0.099816
21.121781 1.433333 0.096166
21.170901 1.436667 0.093378
21.220021 1.440000 0.089494
21.269142 1.443333 0.087474
21.318262 1.446667 0.085228
21.367383 1.450000 0.083120
21.416503 1.453333 0.079620
21.465624 1.456667 0.076171
21.514744 1.460000 0.074766
21.563864 1.463333 0.071252
21.612985 1.466667 0.069746
21.662105 1.470000 0.069190
21.711226 1.473333 0.067556
21.760346 1.476667 0.064588
21.809466 1.480000 0.060587
21.858587 1.483333 0.058062
21.907707 1.486667 0.055022
21.956828 1.490000 0.053647
22.005948 1.493333 0.052967
22.055069 1.496667 0.050392
22.104189 1.500000 0.049106
22.153309 1.503333 0.047516
22.202430 1.506667 0.044723
22.251550 1.510000 0.043551
22.300671 1.513333 0.040933
22.349791 1.516667 0.040650
22.398912 1.520000 0.038837
22.448032 1.523333 0.037337
22.497152 1.526667 0.035572
22.546273 1.530000 0.033800
22.595393 1.533333 0.032412
22.644514 1.536667 0.031472
22.693634 1.540000 0.029982
22.742754 1.543333 0.029367
22.791875 1.546667 0.027611
22.840995 1.550000 0.025771
22.890116 1.553333 0.024407
22.939236 1.556667 0.023067
22.988357 1.560000 0.021566
23.037477 1.563333 0.019980
23.086597 1.566667 0.019407
23.135718 1.570000 0.019130
23.184838 1.573333 0.017584
23.233959 1.576667 0.017705
23.283079 1.580000 0.016632
23.332199 1.583333 0.015751
23.381320 1.586667 0.014781
23.430440 1.590000 0.013973
23.479561 1.593333 0.013378
23.528681 1.596667 0.012970
23.577802 1.600000 0.012420
23.626922 1.603333 0.011639
23.676042 1.606667 0.010996
23.725163 1.610000 0.010450
23.774283 1.613333 0.010146
23.823404 1.616667 0.009903
23.872524 1.620000 0.009238
23.921645 1.623333 0.008562
23.970765 1.626667 0.007948
24.019885 1.630000 0.007387
24.069006 1.633333 0.006932
24.118126 1.636667 0.006913
24.167247 1.640000 0.005331
24.216367 1.643333 0.004752
24.265487 1.646667 0.003916
24.314608 1.650000 0.004155
24.363728 1.653333 0.004215
24.412849 1.656667 0.003282
24.461969 1.660000 0.002920
24.511090 1.663333 0.002541
24.560210 1.666667 0.002154
24.609330 1.670000 0.002029
24.658451 1.673333 0.001859
24.707571 1.676667 0.001692
24.756692 1.680000 0.001378
24.805812 1.683333 0.001270
24.854933 1.686667 0.001030
24.904053 1.690000 0.000824
24.953173 1.693333 0.000684
25.002294 1.696667 0.000622
25.051414 1.700000 0.000602
25.100535 1.703333 0.000350
25.149655 1.706667 0.000326
25.198775 1.710000 0.000300
25.247896 1.713333 0.000203
25.297016 1.716667 0.000138
25.346137 1.720000 0.000154
25.395257 1.723333 0.000026
25.444378 1.726667 0.000008
25.493498 1.730000 0.000000
25.542618 1.733333 0.000000
25.591739 1.736667 0.000000
25.640859 1.740000 0.000000
25.689980 1.743333 0.000000
25.739100 1.746667 0.000000
25.788220 1.750000 0.000000
25.837341 1.753333 0.000000
25.886461 1.756667 0.000000
25.935582 1.760000 0.000000
25.984702 1.763333 0.000000
26.033823 1.766667 0.000000
26.082943 1.770000 0.000000
26.132063 1.773333 0.000000
26.181184 1.776667 0.000000
26.230304 1.780000 0.000000
26.279425 1.783333 0.000000
26.328545 1.786667 0.000000
26.377666 1.790000 0.000000
26.426786 1.793333 0.000000
26.475906 1.796667 0.000000
26.525027 1.800000 0.000000
26.574147 1.803333 0.000000
26.623268 1.806667 0.000000
26.672388 1.810000 0.000000
26.721508 1.813333 0.000000
26.770629 1.816667 0.000000
26.819749 1.820000 0.000000
26.868870 1.823333 0.000000
26.917990 1.826667 0.000000
26.967111 1.830000 0.000000
27.016231 1.833333 0.000000
27.065351 1.836667 0.000000
27.114472 1.840000 0.000000
27.163592 1.843333 0.000000
27.212713 1.846667 0.000000
27.261833 1.850000 0.000000
27.310954 1.853333 0.000000
27.360074 1.856667 0.000000
27.409194 1.860000 0.000000
27.458315 1.863333 0.000000
27.507435 1.866667 0.000000
27.556556 1.870000 0.000000
27.605676 1.873333 0.000000
27.654796 1.876667 0.000000
27.703917 1.880000 0.000000
27.753037 1.883333 0.000000
27.802158 1.886667 0.000000
27.851278 1.890000 0.000000
27.900399 1.893333 0.000000
27.949519 1.896667 0.000000
27.998639 1.900000 0.000000
28.047760 1.903333 0.000000
28.096880 1.906667 0.000000
28.146001 1.910000 0.000000
28.195121 1.913333 0.000000
28.244241 1.916667 0.000000
28.293362 1.920000 0.000000
28.342482 1.923333 0.000000
28.391603 1.926667 0.000000
28.440723 1.930000 0.000000
28.489844 1.933333 0.000000
28.538964 1.936667 0.000000
28.588084 1.940000 0.000000
28.637205 1.943333 0.000000
28.686325 1.946667 0.000000
28.735446 1.950000 0.000000
28.784566 1.953333 0.000000
28.833687 1.956667 0.000000
28.882807 1.960000 0.000000
28.931927 1.963333 0.000000
28.981048 1.966667 0.000000
29.030168 1.970000 0.000000
29.079289 1.973333 0.000000
29.128409 1.976667 0.000000
29.177529 1.980000 0.000000
29.226650 1.983333 0.000000
29.275770 1.986667 0.000000
29.324891 1.990000 0.000000
29.374011 1.993333 0.000000
29.423132 1.996667 0.000000
