4.60517e+01
4.53586e+01
4.46654e+01
4.39723e+01
4.32791e+01
4.25860e+01
4.18928e+01
4.11997e+01
4.05065e+01
3.98134e+01
3.91202e+01
3.84271e+01
3.77339e+01
3.70408e+01
3.63476e+01
3.56545e+01
3.49613e+01
3.42682e+01
3.35751e+01
3.28819e+01
3.21888e+01
3.14956e+01
3.08025e+01
3.01093e+01
2.94162e+01
2.87230e+01
2.80299e+01
2.73367e+01
2.66436e+01
2.59504e+01
2.52573e+01
2.45641e+01
2.38710e+01
2.31778e+01
2.24847e+01
2.17916e+01
2.10984e+01
2.04053e+01
1.97121e+01
1.90190e+01
1.83258e+01
1.76327e+01
1.69395e+01
1.62464e+01
1.55532e+01
1.48601e+01
1.41669e+01
1.34738e+01
1.27806e+01
1.20875e+01
1.13944e+01
1.07012e+01
1.00081e+01
9.31499e+00
8.62193e+00
7.92897e+00
7.23618e+00
6.54375e+00
5.85204e+00
5.16177e+00
4.47433e+00
3.79252e+00
3.12166e+00
2.47165e+00
1.85958e+00
1.31117e+00
8.56648e-01
5.17380e-01
2.91784e-01
1.56496e-01
8.13065e-02
4.14794e-02
2.09547e-02
1.05323e-02
5.27999e-03
2.64348e-03
1.32261e-03
6.61526e-04
3.30818e-04
1.65422e-04
8.27146e-05
4.13582e-05
2.06793e-05
1.03397e-05
5.16987e-06
2.58494e-06
1.29247e-06
6.46235e-07
3.23117e-07
1.61559e-07
8.07794e-08
4.03897e-08
2.01948e-08
1.00974e-08
5.04871e-09
2.52435e-09
1.26218e-09
6.31089e-10
3.15544e-10
1.57772e-10
7.88860e-11
3.94431e-11
1.97216e-11
9.86078e-12
4.93028e-12
2.46514e-12
1.23257e-12
6.16396e-13
3.08198e-13
1.54099e-13
7.70495e-14
3.84137e-14
1.93179e-14
9.54792e-15
4.88498e-15
2.44249e-15
1.11022e-15
6.66134e-16
2.22045e-16
2.22045e-16
7.52316e-17
3.76158e-17
1.88079e-17
9.40395e-18
4.70198e-18
2.35099e-18
1.17549e-18
5.87747e-19
2.93874e-19
1.46937e-19
7.34684e-20
3.67342e-20
1.83671e-20
